date,tmax,tmin,tmean,precip,rh_mean,vpd_max,et0
1984-01-01,20.48,5.3,11.72,0.0,25.49,2.0674640055214724,2.2276507884643038
1984-01-02,20.86,3.89,11.29,0.68,30.61,2.083449372319423,2.938430944823559
1984-01-03,21.41,5.47,13.13,0.0,24.24,2.202435848333593,1.905126361318748
1984-01-04,20.54,4.53,11.98,0.0,24.17,2.0881480556727885,2.4158525294266826
1984-01-05,19.87,5.05,11.62,0.0,23.99,1.999477944210644,2.6349113926772945
1984-01-06,19.76,4.64,11.09,0.0,30.24,1.9229825684963948,2.241009842142992
1984-01-07,19.46,3.63,10.55,1.22,42.1,1.7590565635852151,2.141145211339245
1984-01-08,20.1,5.45,11.55,0.0,36.21,1.8923412902102092,2.1364389896694482
1984-01-09,17.57,6.12,10.58,0.0,37.55,1.5438678748238055,2.018926002009523
1984-01-10,17.79,5.92,11.46,0.0,32.82,1.6056969762207185,2.028744923804462
1984-01-11,23.25,5.29,13.14,0.0,25.67,2.490012712190494,2.9092388245060254
1984-01-12,23.66,8.01,14.52,0.0,32.46,2.414977218214918,2.7085308654458244
1984-01-13,24.35,8.68,14.85,0.0,46.42,2.3349468475887942,3.1774842229055875
1984-01-14,21.36,4.71,11.98,0.07,37.86,2.0641235333145307,2.791488875011224
1984-01-15,20.4,7.15,12.38,0.0,27.03,2.0212587311033543,2.353971417303456
1984-01-16,20.9,6.9,12.04,0.0,25.96,2.1200764098270293,3.1755588733155546
1984-01-17,20.79,3.1,10.91,0.0,29.35,2.099852416972573,3.2723531489983095
1984-01-18,21.36,5.51,12.41,0.0,25.62,2.1938277323067847,2.5288509864747524
1984-01-19,23.31,7.27,13.31,0.0,34.52,2.3891272314527847,2.700070678219762
1984-01-20,20.76,4.21,11.53,0.01,30.13,2.0695005839054064,2.7390022586131164
1984-01-21,21.24,6.15,12.61,0.0,25.34,2.1760096380430456,2.171083104892119
1984-01-22,20.98,5.23,11.76,0.02,29.55,2.103459741678274,2.59735101948141
1984-01-23,20.6,4.7,11.4,0.01,38.32,1.9477832810330682,2.9466206528561094
1984-01-24,18.81,3.69,10.62,0.0,32.7,1.7839163818301023,2.590532115130035
1984-01-25,19.74,3.42,10.76,0.0,30.04,1.937882849440436,2.613240601107721
1984-01-26,19.42,5.21,11.09,0.0,26.3,1.917337758473757,3.025636240078137
1984-01-27,20.96,2.85,10.82,0.0,26.96,2.1555460513198526,3.277463377377
1984-01-28,22.47,3.01,11.38,0.0,25.26,2.4045631500330495,3.8140375878779462
1984-01-29,23.13,3.17,11.83,0.0,23.64,2.527482396076606,3.5475522238926147
1984-01-30,22.89,3.25,11.64,0.0,20.41,2.5252750723766817,3.8143769594942674
1984-01-31,24.51,5.59,13.99,0.0,16.48,2.8178884598970915,3.1175855791030336
1984-02-01,25.28,5.7,14.75,0.0,24.38,2.8310483953872314,4.023424024480824
1984-02-02,25.66,7.8,15.72,0.0,27.84,2.8429369324855314,3.063816283653929
1984-02-03,24.35,7.25,14.32,0.0,35.43,2.529834285749537,3.9770417266787543
1984-02-04,21.56,4.46,11.84,0.0,26.33,2.2461975465472395,3.4652595775485358
1984-02-05,20.95,2.43,10.32,0.0,20.27,2.2396323261317264,3.8925804867004326
1984-02-06,20.31,2.44,11.5,0.0,17.43,2.155170843917824,2.8089855024028867
1984-02-07,22.38,6.37,12.95,0.0,16.21,2.464491116149042,3.344909640694612
1984-02-08,22.63,3.54,12.0,0.0,20.43,2.4725983794284407,3.753024822031951
1984-02-09,23.26,3.88,12.74,0.0,22.1,2.54594672614264,4.003066252691859
1984-02-10,24.38,8.31,15.04,0.0,21.25,2.7034088098970352,2.9810468663358907
1984-02-11,24.06,7.56,14.67,0.0,25.93,2.592004905256749,3.225634409827571
1984-02-12,24.72,7.48,14.63,0.0,25.42,2.7256776569507144,3.4173574154873694
1984-02-13,23.77,4.64,13.17,0.0,25.62,2.6017667834469496,4.570344891502374
1984-02-14,25.73,4.73,14.52,0.0,22.19,2.9745742869737284,3.9580924682765866
1984-02-15,24.93,8.94,16.06,0.0,18.04,2.8277086337935873,2.9082749562396053
1984-02-16,26.58,9.32,17.27,0.0,14.13,3.214172854339679,4.431057581583844
1984-02-17,26.47,8.19,17.27,0.0,24.54,3.0091801172468897,4.437875632641534
1984-02-18,26.11,13.31,18.5,0.52,45.46,2.4668594085152282,5.316825270718951
1984-02-19,22.74,6.23,15.17,11.22,56.75,1.814140613262663,3.173191873204028
1984-02-20,19.96,3.69,10.15,4.91,36.38,1.9528816447895556,3.8972835464479836
1984-02-21,18.19,2.28,8.86,9.34,45.77,1.6121527276484706,2.6689636042380522
1984-02-22,18.3,1.48,8.6,2.39,41.34,1.6968661454753733,3.7400296661217616
1984-02-23,19.42,0.62,8.9,0.0,35.88,1.8978988184051415,3.950120997778879
1984-02-24,20.59,0.42,9.45,0.0,32.2,2.091731308891214,3.9632552900353666
1984-02-25,20.93,0.5,9.82,0.0,31.38,2.1443030225600954,4.216727320840461
1984-02-26,23.32,3.52,12.29,0.0,32.42,2.456033727258348,4.771474977711154
1984-02-27,25.28,4.93,13.81,0.0,36.44,2.7291726407630215,5.082453178156076
1984-02-28,26.57,5.91,14.96,0.0,37.5,2.921007688723187,5.452714278580648
1984-02-29,27.81,7.15,16.91,0.0,38.25,3.089618295163413,5.140265060150907
1984-03-01,28.86,9.26,17.96,0.0,38.21,3.2752811784178766,5.511059216852208
1984-03-02,28.37,8.18,17.09,0.0,36.72,3.2575264739308087,5.486697245461029
1984-03-03,29.74,9.52,18.34,0.0,31.27,3.596413805033923,4.9298462444395375
1984-03-04,29.02,10.33,18.41,0.0,30.86,3.436276755804932,5.065910536343665
1984-03-05,29.67,10.68,19.47,0.0,27.76,3.601465401460855,4.414886686488404
1984-03-06,30.1,12.05,19.69,0.0,30.07,3.6526507990496087,5.259566868547635
1984-03-07,31.07,10.93,19.99,0.0,33.63,3.8179081289274035,5.610469635298618
1984-03-08,32.05,11.84,21.08,0.0,34.61,4.003982067983491,6.518858811602312
1984-03-09,31.39,11.04,20.34,0.0,35.91,3.8562625254103233,6.506415796781272
1984-03-10,33.82,13.82,23.12,0.0,29.93,4.5148437630690195,4.121115508240915
1984-03-11,34.8,16.18,23.74,0.0,24.7,4.903641195633976,7.462231500967938
1984-03-12,33.08,13.95,23.33,0.0,30.83,4.253138493545538,5.488583810714614
1984-03-13,34.0,14.84,23.49,0.0,27.47,4.613618775715849,5.455001824712404
1984-03-14,34.26,15.5,24.11,0.0,32.47,4.503517905127596,6.625719677445355
1984-03-15,35.1,15.53,25.02,0.0,35.39,4.6737764957501415,5.316422106492873
1984-03-16,34.04,20.06,25.61,0.0,28.29,4.464272573000671,5.558176798089381
1984-03-17,32.36,18.56,24.6,0.0,34.52,3.8254661789280404,4.762564596459441
1984-03-18,31.26,13.06,22.6,9.33,34.61,3.6963017899718205,6.123822643022032
1984-03-19,28.84,9.81,18.89,2.11,39.04,3.2248915922202195,5.620799436418953
1984-03-20,32.14,10.31,20.32,0.26,40.31,4.0035474516675,6.802958473808258
1984-03-21,33.93,11.33,22.1,0.0,33.87,4.545623511428431,6.966901430848686
1984-03-22,35.77,14.84,24.88,0.0,32.6,4.963833117088533,6.247868062978621
1984-03-23,36.68,18.49,26.61,0.0,30.16,5.196288169692696,5.8013552979029255
1984-03-24,34.58,19.12,25.87,0.0,36.21,4.352365485170843,5.393816086307789
1984-03-25,36.13,19.13,26.96,0.06,33.46,4.884893267196704,6.190122572031701
1984-03-26,34.7,20.02,26.47,0.01,38.16,4.316074137779779,7.16968114532719
1984-03-27,35.27,17.5,25.89,0.0,32.93,4.726402628531861,6.464496092407378
1984-03-28,36.88,18.15,27.24,0.0,29.53,5.261929171133688,6.729776311282429
1984-03-29,40.01,22.2,29.99,0.0,27.1,6.332082099049653,6.319463937120545
1984-03-30,40.14,20.83,29.87,0.0,26.66,6.443999501405086,7.341692949582122
1984-03-31,40.22,21.43,30.1,0.27,22.55,6.5956863967708195,5.915569424598083
1984-04-01,39.08,22.24,30.06,0.32,23.05,6.1308025158663275,5.521689002757087
1984-04-02,35.64,19.77,27.43,3.8,33.72,4.6927754933299015,6.270084050201891
1984-04-03,36.08,19.75,27.61,0.0,27.48,5.099066758425289,5.521509403930918
1984-04-04,35.17,20.18,26.87,0.0,23.98,4.878917772685769,6.043342463262108
1984-04-05,34.85,16.31,25.11,1.75,29.34,4.7966833881842295,6.967386446321664
1984-04-06,35.53,17.79,26.28,0.0,24.12,5.038692338284318,6.9179076263147605
1984-04-07,36.36,18.45,27.0,0.0,22.93,5.332737444726328,5.967386653200306
1984-04-08,36.17,19.14,27.09,0.0,21.62,5.305010108311002,7.860986272179479
1984-04-09,35.18,18.31,26.26,0.09,26.01,4.8948895488715385,6.908213956992155
1984-04-10,35.09,15.89,25.65,0.12,27.7,4.885924658974856,7.137842449702788
1984-04-11,37.11,16.92,27.06,0.0,18.83,5.712294404692974,7.098002248518503
1984-04-12,39.53,20.46,29.12,0.0,19.83,6.477046136307699,7.609991831369642
1984-04-13,41.14,21.42,30.88,0.0,21.98,6.956644559479968,7.997514960575652
1984-04-14,42.55,23.73,32.5,0.0,19.98,7.556732809969469,7.351656778708468
1984-04-15,43.31,23.6,33.2,0.0,16.65,8.011672209641738,7.607362323865857
1984-04-16,42.19,24.67,32.85,0.0,17.08,7.501046926810318,8.922567052850411
1984-04-17,40.54,25.17,31.6,0.0,20.8,6.687938400828249,6.7349017841988905
1984-04-18,39.77,22.48,30.93,0.0,24.14,6.301569320054613,8.174556093193942
1984-04-19,40.08,22.2,30.74,1.03,23.43,6.487433322845744,7.798636554482582
1984-04-20,39.35,22.81,31.16,0.12,20.35,6.273866171732313,6.575207972948376
1984-04-21,37.09,21.18,28.68,0.05,20.14,5.594932695589462,7.559329975147197
1984-04-22,33.18,20.21,27.47,1.52,26.1,4.139554628300123,6.5698752085018794
1984-04-23,36.17,21.82,28.79,9.89,33.1,4.791524463500961,6.137907441758038
1984-04-24,38.06,22.0,30.2,0.14,27.4,5.561765691778725,6.079132427661353
1984-04-25,39.18,23.55,31.27,0.0,24.12,6.035923653632839,6.428823627537751
1984-04-26,41.08,24.03,32.33,0.0,24.21,6.741008904388919,6.9338305038723185
1984-04-27,42.96,24.28,33.27,0.0,24.01,7.53262384710018,8.167721285147543
1984-04-28,41.78,24.75,32.75,0.14,23.2,7.071426074053731,7.854434406461115
1984-04-29,40.23,22.95,31.53,0.26,20.05,6.701717887086691,7.586343120670997
1984-04-30,40.84,22.02,31.08,0.0,14.61,7.148667935752164,7.962874754338911
1984-05-01,40.98,21.02,30.83,0.0,12.48,7.286921906952349,11.305607993003612
1984-05-02,42.45,19.3,30.88,0.0,12.55,7.9025837897133515,10.824940368546184
1984-05-03,42.95,22.78,32.71,0.0,13.0,8.015547865984187,8.764811061613994
1984-05-04,42.43,22.31,32.4,0.0,13.85,7.7635320517804525,9.289065198716688
1984-05-05,44.87,23.44,34.17,0.0,12.26,8.927522944637879,11.271591155507497
1984-05-06,45.68,24.26,35.5,0.0,13.03,9.229048708122033,8.919705237341649
1984-05-07,46.05,25.98,36.13,0.0,12.37,9.410482354424571,10.123613732328197
1984-05-08,45.18,26.87,35.93,0.0,14.15,8.869087220241846,8.440890311612108
1984-05-09,45.82,27.98,36.97,0.0,13.6,9.198850935747304,7.865930238448005
1984-05-10,45.9,27.18,36.65,0.01,12.61,9.31809597208212,9.644093924233013
1984-05-11,45.59,27.61,36.98,0.0,11.88,9.170396817343919,7.763170632037409
1984-05-12,44.58,28.97,36.53,0.0,11.34,8.71358335748927,7.542265507172253
1984-05-13,45.24,27.07,36.46,0.0,12.89,8.963807550917096,9.35531557495045
1984-05-14,44.16,29.24,37.31,0.0,15.01,8.239778682360674,7.2104443185924385
1984-05-15,44.6,30.63,37.53,0.0,14.76,8.457170329833097,7.793861685732754
1984-05-16,44.57,27.62,35.84,0.01,10.95,8.782810449859118,9.517749767866048
1984-05-17,44.25,26.72,34.75,0.26,7.77,8.820295199013156,9.957897328866741
1984-05-18,44.79,24.14,34.76,0.0,7.21,9.096350289622428,11.05147587181451
1984-05-19,45.34,25.13,35.41,0.0,7.77,9.334257005482847,9.802584962141871
1984-05-20,44.61,26.46,35.58,0.0,12.74,8.693852957425406,10.404485589157312
1984-05-21,45.3,26.81,36.17,0.0,11.9,9.092384792230904,10.92505687375655
1984-05-22,46.66,26.09,36.68,0.0,9.88,9.876651991415452,13.64444209825179
1984-05-23,47.88,27.33,37.9,0.0,10.49,10.445903530233101,11.979890533953174
1984-05-24,47.78,28.74,37.97,0.0,12.81,10.305320499193433,13.461448862025685
1984-05-25,48.95,28.88,38.93,0.0,8.59,11.136757637444939,11.171624955921189
1984-05-26,48.23,29.49,39.24,0.0,10.03,10.638848217795054,7.061696783291328
1984-05-27,47.82,30.11,39.45,0.0,15.14,10.031618349211525,9.240816566578697
1984-05-28,47.74,32.42,39.77,0.0,13.28,10.115524820107591,9.608794716309172
1984-05-29,48.7,30.4,39.15,0.0,8.17,11.054792807710413,10.962367292791326
1984-05-30,48.91,30.21,39.21,0.0,5.37,11.297774876459188,9.673800640603817
1984-05-31,48.04,28.31,38.66,0.0,13.07,10.365727772570189,10.655479014816816
1984-06-01,46.53,30.11,38.53,0.0,18.34,9.160603799552208,12.362773994917914
1984-06-02,46.37,30.55,38.78,0.0,17.08,9.144257796811514,12.139639272373895
1984-06-03,47.26,31.25,39.68,0.0,18.18,9.509829330564381,11.278958623340365
1984-06-04,47.59,32.05,39.99,0.0,17.56,9.701502399778226,10.136943087666497
1984-06-05,46.54,32.07,39.33,0.0,16.35,9.2397038981022,11.004100702028047
1984-06-06,46.24,31.3,38.97,0.0,15.73,9.148716807217514,9.028546930739337
1984-06-07,47.41,31.13,39.38,0.0,14.25,9.860746426387463,8.645955522382383
1984-06-08,45.14,31.15,38.09,0.0,22.81,8.217365483222707,10.188693620600395
1984-06-09,46.97,31.22,39.34,0.0,19.32,9.340455839975025,9.561430527918228
1984-06-10,48.0,31.88,40.68,0.0,16.12,10.01319362368447,8.974942976947164
1984-06-11,45.72,34.83,39.74,1.94,23.59,8.262734774087388,9.073258002521635
1984-06-12,37.97,29.63,34.63,25.68,43.89,4.264132546233759,6.865199487620647
1984-06-13,41.29,27.7,34.8,0.03,40.79,5.807930743967239,7.452887613105987
1984-06-14,41.29,28.2,35.16,0.01,35.41,6.0004432325794905,7.069235383446501
1984-06-15,43.27,29.74,36.96,0.0,33.22,6.802055870500111,7.253107534946315
1984-06-16,44.15,30.95,37.74,0.09,30.68,7.283486232996833,8.485338076261733
1984-06-17,46.2,30.2,38.31,1.57,33.11,8.160565119455761,10.983460263170976
1984-06-18,43.63,32.05,37.87,0.0,30.97,6.935124084399089,10.589536498633107
1984-06-19,39.84,31.27,35.99,9.94,41.16,4.936769925050143,8.818088466044298
1984-06-20,41.61,28.71,35.19,1.43,42.87,5.783818158763799,8.285034314089442
1984-06-21,42.58,28.61,35.56,0.07,33.12,6.632642828855008,9.414389607070433
1984-06-22,43.94,28.91,36.61,0.0,26.98,7.515696399046959,9.572159665748979
1984-06-23,43.9,30.26,36.98,0.19,25.51,7.53995646065818,10.583604645313297
1984-06-24,44.37,31.03,37.7,0.17,26.9,7.610118201309325,10.29613121285254
1984-06-25,43.44,31.19,37.14,0.18,28.04,7.120170819512572,9.612607000764923
1984-06-26,42.67,31.43,37.03,0.0,29.49,6.674843864789198,10.13687351367425
1984-06-27,43.23,31.2,37.55,0.0,28.65,6.935909443487345,9.189845577252495
1984-06-28,42.98,31.84,37.4,0.0,28.57,6.83078657408325,10.339162332065001
1984-06-29,43.89,32.1,38.41,0.41,28.22,7.181141631552619,8.580256572520211
1984-06-30,42.78,32.86,37.84,4.38,32.16,6.478238254848758,6.5397275586674875
1984-07-01,41.69,31.09,36.02,1.55,37.64,5.894883013165994,8.759042188259922
1984-07-02,41.08,30.37,35.73,1.02,39.15,5.567816682349033,7.326777236701392
1984-07-03,42.23,31.12,36.82,0.13,37.34,6.058290273087518,6.6643998646859295
1984-07-04,43.97,31.85,38.17,0.0,33.79,6.931118468277743,8.08232158051867
1984-07-05,44.18,32.78,38.63,1.33,33.36,6.97316349749919,8.229634365679944
1984-07-06,41.34,31.46,36.63,2.62,38.42,5.599363981693861,9.780323519543568
1984-07-07,36.93,29.58,33.31,17.54,54.36,3.500420244207409,6.759344018095557
1984-07-08,42.82,27.65,35.08,1.74,49.85,5.972324718174621,8.147971985563418
1984-07-09,34.15,27.14,30.86,39.64,66.03,2.459581663598651,6.141772718922466
1984-07-10,37.76,27.37,32.6,1.1,53.19,4.013813283534622,5.36797033379374
1984-07-11,38.01,27.97,33.11,5.62,49.45,4.206270078468735,6.122430749331446
1984-07-12,37.36,27.41,32.28,11.11,52.97,3.9134253470343894,6.211755260733542
1984-07-13,36.71,26.97,31.97,3.74,55.11,3.658653416754366,6.497015364158828
1984-07-14,37.45,27.42,32.62,0.97,49.47,4.073091018331564,6.443438650600418
1984-07-15,40.23,27.69,33.93,1.29,46.78,5.12242671381898,6.918046584193501
1984-07-16,40.34,28.13,34.3,1.39,46.8,5.106098850579091,6.746709670678894
1984-07-17,32.97,28.16,30.45,1.85,60.49,2.4002356598680823,6.960136424972263
1984-07-18,35.15,27.48,31.26,15.04,61.51,2.8971943303387726,6.642347615351373
1984-07-19,35.65,27.23,31.03,0.05,59.22,3.2287115112187683,7.124746323423972
1984-07-20,37.91,27.13,32.36,5.2,55.78,3.945429867799815,7.272549827261078
1984-07-21,39.05,27.94,33.5,0.37,54.48,4.296232102825131,6.1145642333648516
1984-07-22,39.67,28.91,34.01,0.54,50.67,4.642966790098399,6.958639292191612
1984-07-23,38.89,28.61,33.82,3.03,51.5,4.319223399544283,6.852419047377233
1984-07-24,39.72,28.57,34.36,1.63,49.66,4.660755881835914,7.10302970545088
1984-07-25,40.76,29.48,35.13,0.0,46.27,5.17424604746104,7.840346793940516
1984-07-26,41.47,29.44,35.27,0.0,41.96,5.671055964106925,8.382559702401425
1984-07-27,41.51,28.7,34.95,0.3,39.94,5.844392127200424,7.457223823430456
1984-07-28,39.2,28.81,33.74,6.3,46.52,4.700957065018661,6.072006016653981
1984-07-29,36.33,28.23,31.72,11.31,55.43,3.5099923557086115,6.378938516545155
1984-07-30,38.73,27.51,32.6,2.32,54.96,4.305878156012328,6.654105238410298
1984-07-31,37.69,27.98,32.48,6.87,56.06,3.868969277848528,5.693680921782043
1984-08-01,36.18,27.25,31.84,10.56,59.74,3.2343641601144215,7.269791162936883
1984-08-02,38.62,26.69,32.61,7.28,58.73,4.102926086957096,7.0894258645071675
1984-08-03,39.13,27.66,33.34,0.72,57.13,4.2309702502503495,6.210669711239347
1984-08-04,37.69,28.8,32.6,0.0,55.23,3.8528025342331476,7.867618070202631
1984-08-05,39.29,27.07,32.89,0.0,53.41,4.535057325385624,7.610527354137288
1984-08-06,39.63,27.61,33.52,0.0,52.33,4.6243131495527035,5.814318827491994
1984-08-07,37.71,28.25,33.01,2.21,55.61,3.7843833330784813,6.236277034951886
1984-08-08,38.79,28.1,33.33,0.41,51.46,4.3705019503237725,5.771006051671902
1984-08-09,38.33,27.8,32.93,6.65,56.44,4.01829893164862,6.506717185891627
1984-08-10,34.7,27.86,30.6,0.87,64.94,2.713876101152002,5.730692270390855
1984-08-11,32.28,27.49,29.7,0.03,65.24,2.1263789345146984,5.312601172736717
1984-08-12,38.13,26.99,32.42,0.0,55.05,4.059596005889146,6.8309429286187
1984-08-13,37.49,27.97,31.5,0.0,58.69,3.8035226780930924,6.640184831761178
1984-08-14,32.08,27.31,29.52,0.12,69.42,1.9206665066352993,5.705227459045486
1984-08-15,34.75,27.53,30.78,0.18,64.96,2.710425010440261,3.319634677801403
1984-08-16,34.16,27.36,30.58,25.73,68.15,2.4150001734763475,5.5663730791406705
1984-08-17,36.31,26.41,31.13,3.69,66.79,3.110423575846039,4.9454426028195355
1984-08-18,35.05,28.13,31.06,9.54,69.31,2.5562279054861983,3.296318394642594
1984-08-19,34.81,26.99,30.6,1.0,69.42,2.5853545405455187,4.948647371304092
1984-08-20,35.61,26.87,31.25,5.88,66.51,2.8418559545950375,5.51121688672586
1984-08-21,35.58,27.61,31.64,0.44,63.75,2.885406445029669,4.02488688388883
1984-08-22,34.86,27.53,31.09,13.0,68.45,2.53213893173164,5.669667569928412
1984-08-23,36.93,25.98,31.43,0.36,63.17,3.4329851192005965,4.795001702713771
1984-08-24,35.11,27.15,31.25,5.83,65.76,2.7051252794666234,4.9078697118844055
1984-08-25,32.51,26.71,29.64,23.04,74.77,1.8096799191658963,4.563797224213663
1984-08-26,33.44,25.76,29.4,19.61,75.9,2.1029744369569436,4.983246181775165
1984-08-27,35.24,25.91,30.06,1.73,73.35,2.652339553376284,3.112041712587244
1984-08-28,35.27,25.54,30.31,7.4,71.4,2.708858211638588,4.915114571600433
1984-08-29,34.62,26.76,30.59,10.87,69.45,2.503784223975897,3.1456814654912573
1984-08-30,35.76,26.12,30.81,6.67,67.82,2.9361280978606272,4.995198561307941
1984-08-31,35.88,25.38,29.89,0.05,68.83,3.090856053076831,5.710201759010339
1984-09-01,33.78,25.41,29.02,21.96,76.0,2.2615636585783827,5.311572652490979
1984-09-02,31.6,25.32,27.9,13.31,80.56,1.6626407231874376,2.3777143390012525
1984-09-03,30.18,23.97,26.74,11.48,83.28,1.3863004890585864,2.9120178933411753
1984-09-04,33.56,23.01,27.92,2.29,78.38,2.315660806838366,5.075217287445019
1984-09-05,33.0,23.79,28.18,2.85,77.27,2.1450682982729607,4.884994504036484
1984-09-06,33.71,24.11,28.51,0.57,76.42,2.326204375164535,4.8485930188969775
1984-09-07,33.14,23.74,28.28,4.35,70.13,2.453124526479264,4.986494694202113
1984-09-08,33.56,23.1,27.83,0.01,66.69,2.7964681431956886,5.060855536882646
1984-09-09,32.49,21.71,26.54,0.0,67.93,2.6140927653688686,5.050487375911446
1984-09-10,34.32,20.25,26.96,0.02,61.52,3.349483115139545,4.870498853257395
1984-09-11,34.6,21.32,28.14,0.0,68.83,2.969456804231434,4.97537587589281
1984-09-12,32.85,24.5,27.86,0.0,76.11,2.2056157154881233,5.0564198381942305
1984-09-13,31.1,23.13,27.19,3.13,73.78,1.917500720561419,3.822297432686882
1984-09-14,33.1,23.53,28.52,1.4,70.2,2.38209783611824,4.486386283822328
1984-09-15,34.38,24.73,29.56,0.48,65.08,2.8129885282221974,4.592781495858589
1984-09-16,35.99,24.55,29.73,0.0,61.13,3.4750707911805003,5.208797241048338
1984-09-17,34.64,23.66,29.06,8.32,66.01,2.923713951198292,4.954672974832996
1984-09-18,33.51,22.36,28.14,3.41,64.3,2.8084552768258915,4.584142606226284
1984-09-19,32.98,23.6,28.23,4.63,57.55,2.888051611414964,4.220752284409667
1984-09-20,32.46,22.09,27.03,4.4,62.39,2.7123613659064163,4.442870516161718
1984-09-21,32.88,20.86,26.35,0.01,64.88,2.8585947807271967,3.9672241172583953
1984-09-22,32.68,21.0,26.13,0.0,65.77,2.8054416803066853,4.662500520104692
1984-09-23,34.07,20.71,26.59,0.0,62.03,3.2941368746492095,4.953692954965269
1984-09-24,33.43,21.54,26.35,1.4,57.73,3.291043362274932,4.886224719250599
1984-09-25,33.73,19.94,25.83,0.72,58.86,3.4110481377232875,4.935983917659303
1984-09-26,33.78,19.36,25.86,0.01,55.19,3.5358820126861605,4.941309768915286
1984-09-27,34.19,20.05,26.21,0.35,51.96,3.733091343820795,4.4583025837712205
1984-09-28,34.27,20.8,26.12,0.0,49.98,3.8197225560237755,4.50754461282502
1984-09-29,34.6,19.53,25.9,0.26,51.49,3.9185044744328,5.338453998810868
1984-09-30,35.52,19.37,26.25,0.0,42.77,4.463965558023431,5.430447892738098
1984-10-01,35.55,20.01,26.33,0.0,39.53,4.562965182297972,5.033156736675012
1984-10-02,36.3,20.28,26.69,0.0,39.34,4.779061879829196,5.094107812896548
1984-10-03,34.15,19.33,25.36,0.0,41.55,4.124316743052106,5.246342205299197
1984-10-04,33.85,17.84,24.85,1.55,45.58,3.9614082956586083,5.048578851134134
1984-10-05,33.62,17.96,24.84,0.0,39.79,4.064327851575171,5.135787694216786
1984-10-06,33.84,18.59,24.46,1.63,39.55,4.1599422977601455,4.799857246433144
1984-10-07,32.89,17.39,23.65,0.0,38.88,3.9694832702987464,4.778940509966076
1984-10-08,32.94,18.08,23.88,0.0,38.38,3.9743346693973347,4.311215967494976
1984-10-09,33.58,16.42,24.88,0.0,33.74,4.269396808581551,3.9470365179146905
1984-10-10,34.65,16.28,24.18,0.0,35.99,4.540148493038446,5.045735051152225
1984-10-11,33.91,16.37,24.28,0.0,35.94,4.32801756499483,5.01532369585212
1984-10-12,33.57,17.89,24.18,0.0,34.25,4.2600529799279085,4.331712407149715
1984-10-13,33.36,17.06,23.39,0.0,33.75,4.269396774355878,5.501977864903679
1984-10-14,34.24,16.15,23.72,0.0,30.92,4.591129251096812,5.091935099818401
1984-10-15,33.78,15.95,23.27,0.0,30.58,4.483130920235096,5.041206024524803
1984-10-16,33.74,16.25,23.24,0.0,29.98,4.483356548281526,4.556045118701159
1984-10-17,33.23,13.64,22.48,0.0,33.11,4.304759486147236,5.278923878683305
1984-10-18,33.65,15.43,23.83,0.0,33.31,4.336214186975932,4.874009182077485
1984-10-19,33.37,18.06,23.94,0.0,33.34,4.213887199646103,4.006285475702482
1984-10-20,33.71,15.48,23.6,0.0,31.91,4.4039588978954844,4.896116988725575
1984-10-21,34.37,15.6,23.95,0.0,28.47,4.6715231924446226,4.973265083154344
1984-10-22,34.59,16.43,24.53,0.0,28.02,4.70138578211124,3.8362754127732797
1984-10-23,33.65,15.62,24.27,0.0,35.78,4.198681252919505,4.257514994252803
1984-10-24,33.17,21.42,26.29,0.0,37.24,3.876434174824323,3.335393707273592
1984-10-25,32.03,17.39,24.03,0.0,41.32,3.597606770939387,4.087919748265989
1984-10-26,30.94,17.8,23.29,0.0,41.13,3.3628910328560906,3.5322164896402004
1984-10-27,31.58,16.62,23.05,0.0,38.53,3.6398480284454404,3.667812408788338
1984-10-28,30.76,15.53,21.89,0.0,38.46,3.5061284200287957,4.344569428326241
1984-10-29,30.89,14.66,21.29,0.35,38.08,3.591004711090881,4.331548054154864
1984-10-30,30.3,14.21,20.58,0.0,32.63,3.6079482152334634,4.669737252811115
1984-10-31,29.48,11.56,19.19,0.0,32.24,3.489329084599907,4.842826741937408
1984-11-01,30.23,10.27,19.85,0.0,27.06,3.766068213258639,4.230903413280763
1984-11-02,29.81,13.9,20.79,0.0,22.7,3.6895903981218354,3.184922765229774
1984-11-03,28.66,12.41,20.09,0.0,26.89,3.3515018953323206,3.296757512053875
1984-11-04,29.15,14.85,20.75,0.0,25.03,3.4748598533256976,3.0439639976938597
1984-11-05,29.41,15.15,20.06,0.0,26.09,3.5412755357751617,3.873187292028217
1984-11-06,28.62,12.37,19.15,0.0,28.78,3.3419865303463303,3.9051216792865877
1984-11-07,29.1,16.54,21.42,0.0,27.19,3.384395787954836,3.122942758576983
1984-11-08,29.8,15.72,20.89,0.0,31.85,3.4549577985584192,3.9918035253183324
1984-11-09,29.62,14.64,20.48,0.0,36.04,3.350136575676768,3.568924055209275
1984-11-10,28.22,12.31,19.01,0.0,36.77,3.0941940021335483,4.377815831227434
1984-11-11,28.37,10.93,18.37,0.0,34.18,3.2195046166459225,4.116573191657071
1984-11-12,27.68,12.51,18.97,0.0,31.12,3.0720783356332175,3.4434730286372677
1984-11-13,28.37,12.87,18.58,0.0,34.25,3.186221144550795,3.530787319828994
1984-11-14,28.05,13.02,18.6,0.0,34.0,3.116495891921039,3.481397657691003
1984-11-15,28.01,11.2,18.63,0.0,41.18,2.9474467343366113,3.6290995967103017
1984-11-16,28.68,13.42,19.56,0.0,38.43,3.131441674709073,3.5119453849512015
1984-11-17,29.9,13.29,19.92,0.0,34.81,3.4775327590319964,3.625200274460405
1984-11-18,28.07,11.85,18.58,0.0,36.86,3.066671859050391,4.280452464570297
1984-11-19,28.2,13.25,19.08,0.0,35.52,3.089745147431051,3.6539481622185077
1984-11-20,28.67,14.28,19.72,0.0,33.99,3.1944443758770653,3.4163178767072444
1984-11-21,29.66,13.64,20.38,0.0,33.77,3.396772425415965,3.695677151496409
1984-11-22,26.51,14.69,19.05,0.41,46.6,2.4786544596016635,3.9285687117465113
1984-11-23,26.93,12.98,18.64,0.12,44.79,2.65188122564727,3.373879576954417
1984-11-24,24.41,9.4,15.96,0.78,46.46,2.281345124946875,3.421816299815948
1984-11-25,24.33,7.55,14.78,0.0,43.51,2.3887181418017014,3.1480171743667524
1984-11-26,25.3,7.97,14.94,0.0,35.06,2.7063291097883844,3.5991844056045608
1984-11-27,25.83,8.04,15.7,0.0,33.19,2.775289156949917,3.371613051504211
1984-11-28,26.1,11.47,16.75,0.0,31.04,2.8263982953282456,2.981356343830524
1984-11-29,26.1,10.8,16.35,0.0,30.32,2.8617085698159093,2.977571015206284
1984-11-30,25.9,9.86,16.61,0.0,31.89,2.791943258727057,2.54535617139023
1984-12-01,25.35,12.22,17.26,0.0,26.97,2.7273472638651377,2.6069286114969
1984-12-02,25.66,11.36,16.53,0.0,30.16,2.7627484023709843,2.7836558774062397
1984-12-03,26.32,8.11,15.63,0.0,37.68,2.8182997492352486,4.24210128425515
1984-12-04,24.99,6.49,15.18,0.0,39.48,2.5735109046161044,3.670482731997746
1984-12-05,25.01,11.26,16.86,0.0,27.69,2.6637198707507017,2.6756911911144647
1984-12-06,25.35,10.38,15.72,0.0,29.65,2.7392859398581018,2.959699846873474
1984-12-07,24.19,8.75,15.15,0.0,33.91,2.4776835461941507,2.9214924182558386
1984-12-08,24.98,10.06,16.47,0.0,29.71,2.641262139760858,2.8310611141075332
1984-12-09,27.01,11.26,17.29,0.0,29.29,3.0301824266105606,3.4202971611298416
1984-12-10,25.53,10.05,16.2,0.0,31.04,2.7598285757709258,4.665314839289574
1984-12-11,23.2,10.27,15.27,0.0,33.15,2.2979621569712356,3.8926135484286726
1984-12-12,24.4,11.44,16.64,0.03,39.92,2.312944609037309,2.7061909965136386
1984-12-13,23.62,10.35,15.84,1.26,54.88,1.9781811782749186,2.9799246627795695
1984-12-14,22.62,7.02,13.36,0.59,50.89,2.0418857032359425,3.0485834248310932
1984-12-15,22.45,5.76,12.64,1.86,36.59,2.237478968994738,3.001580884400357
1984-12-16,24.75,5.79,13.52,0.0,34.03,2.6442871316734324,3.9198584334652136
1984-12-17,24.25,6.11,13.3,0.0,36.85,2.5192663941454008,3.6575986369066014
1984-12-18,23.26,3.87,11.5,0.0,30.98,2.486950843248196,4.05782150455858
1984-12-19,22.28,2.15,10.57,0.0,25.05,2.4145953713583896,3.6831706153726964
1984-12-20,21.53,3.96,11.54,0.0,21.62,2.2927985259552512,3.4953269871270116
1984-12-21,21.6,4.08,11.94,0.0,24.04,2.2755516243783203,3.012505492141117
1984-12-22,22.15,5.36,11.64,0.0,21.63,2.389438947482235,3.012501519294307
1984-12-23,21.09,4.08,10.71,0.0,24.95,2.200240362164239,2.937098678745688
1984-12-24,17.98,5.92,10.23,0.0,28.16,1.7193935390615405,2.5618699964619056
1984-12-25,19.95,3.34,10.13,0.0,25.61,2.0359154554683694,2.8619789597547056
1984-12-26,20.82,3.77,10.87,0.0,24.96,2.1576682352469545,2.7619591585277194
1984-12-27,20.71,3.58,11.39,0.0,26.26,2.1133421732213566,2.974914058211392
1984-12-28,19.57,3.62,10.28,0.0,32.69,1.8948039953482256,3.178129169972487
1984-12-29,18.73,6.7,11.72,0.0,29.46,1.7754567019655465,2.806109693847286
1984-12-30,13.36,8.44,10.18,0.0,67.92,0.7286936306362755,1.289373260217689
1984-12-31,22.8,7.56,13.36,0.75,62.48,1.909995675023571,2.5101445802094102
1985-01-01,20.44,5.84,11.72,1.88,61.35,1.6551243552405732,1.9097544682270406
1985-01-02,19.47,5.32,10.85,0.0,52.47,1.6397504582872886,2.1428184190175537
1985-01-03,16.74,5.7,10.11,0.0,58.41,1.2059256400039229,1.756111894109583
1985-01-04,16.62,7.39,11.16,0.0,56.89,1.1586964905545516,1.7350618857104425
1985-01-05,15.79,8.01,11.2,1.36,72.54,0.8550392627597486,1.7960622851567678
1985-01-06,19.06,5.88,11.43,0.0,62.62,1.4043134900382834,1.9075042510469278
1985-01-07,16.92,7.0,10.91,0.02,59.82,1.1674677877415163,1.6319164707126204
1985-01-08,19.3,5.24,10.94,0.0,55.77,1.5526705272942443,2.4239372328920927
1985-01-09,19.95,4.49,11.29,0.0,48.97,1.723800784986563,2.137482508450465
1985-01-10,20.54,6.4,11.68,0.0,43.32,1.8577127562833315,2.343207037813776
1985-01-11,20.58,3.52,10.73,0.0,46.41,1.8751003470080894,2.5914106983012526
1985-01-12,19.07,3.23,10.38,0.0,46.94,1.6589485506387143,2.371676792096877
1985-01-13,21.02,3.68,10.97,0.0,41.44,1.9978712531406624,2.7466648607232464
1985-01-14,22.39,5.69,12.33,0.0,37.46,2.215979596100773,3.1654913363953634
1985-01-15,20.99,6.92,12.58,0.0,48.6,1.847486212808324,3.0727647850253637
1985-01-16,19.62,4.51,10.85,0.0,71.1,1.4133542173784286,2.3233313775286657
1985-01-17,21.29,4.41,12.62,0.0,56.26,1.8173803492006249,2.2699583148114453
1985-01-18,20.59,9.71,14.59,0.0,39.69,1.7967021082464534,2.878231641900127
1985-01-19,23.01,9.19,14.91,0.01,48.84,2.034889999401293,2.8637558996335235
1985-01-20,22.45,6.64,13.77,0.16,52.78,1.9579428267281842,2.309344565592344
1985-01-21,23.75,8.88,14.75,0.43,52.48,2.1238806727570685,2.5613882199438796
1985-01-22,22.86,7.71,13.35,0.0,50.54,2.074519906064899,2.8675483200630527
1985-01-23,21.78,3.81,11.62,0.0,41.55,2.0917224005145854,3.119745853730558
1985-01-24,23.33,3.74,12.59,0.0,31.73,2.460244695558459,3.4562933597185963
1985-01-25,23.54,6.72,14.24,0.0,27.58,2.480699995550631,2.7800639954743387
1985-01-26,22.62,9.88,15.07,0.0,33.9,2.192991699885166,3.270187041507151
1985-01-27,23.41,7.39,13.9,0.0,41.51,2.289214166143447,2.924577349087702
1985-01-28,20.6,6.69,12.6,0.08,44.21,1.8215069900772929,2.592278612933667
1985-01-29,24.43,8.46,15.66,0.0,27.37,2.6089096431781207,2.6168165695312027
1985-01-30,24.79,7.73,15.11,0.0,29.37,2.6647896906972335,3.2025245210897215
1985-01-31,23.44,6.5,13.74,0.0,28.11,2.483938197906654,3.3958193194808652
1985-02-01,24.32,6.9,14.08,0.0,28.7,2.616359408904318,3.4173590884668195
1985-02-02,22.97,6.75,13.44,0.0,29.22,2.3951675759631534,3.2795640435895455
1985-02-03,25.56,8.32,15.51,0.02,33.85,2.707241410166368,3.9923587766502355
1985-02-04,22.77,9.31,14.59,1.5,53.49,1.9121863180778844,2.9732390892194216
1985-02-05,23.45,6.78,14.36,0.0,54.66,2.0735579910184856,3.623956484050542
1985-02-06,24.08,4.09,12.91,0.07,36.39,2.5815560634706523,4.179227522505215
1985-02-07,25.49,6.22,14.69,0.0,22.53,2.9132547280536913,3.5317390489028786
1985-02-08,27.42,7.31,15.81,0.0,23.44,3.2671684597263315,3.9905497933383276
1985-02-09,26.07,5.93,14.32,0.0,23.86,3.0464405086572794,4.396483222252358
1985-02-10,25.27,3.64,12.87,0.0,19.3,2.974051280335139,4.279843075086468
1985-02-11,25.42,3.08,13.03,0.0,19.12,2.9996845801006886,4.580763072961927
1985-02-12,25.04,3.38,13.45,0.0,19.76,2.910232688625303,4.433545606516709
1985-02-13,26.3,8.08,15.9,0.0,17.49,3.1230945478855325,3.603024728983281
1985-02-14,26.75,8.1,15.98,0.0,19.48,3.186751373039694,3.8760367151539468
1985-02-15,26.45,6.3,15.92,0.0,21.22,3.112549588568234,4.21192875192258
1985-02-16,27.26,9.45,16.91,0.0,16.91,3.3121104380570605,4.296836427745429
1985-02-17,28.97,9.04,17.68,0.0,16.22,3.696051016875624,4.022990748284259
1985-02-18,29.17,9.48,18.31,0.0,15.17,3.7437021803744606,4.124970856476576
1985-02-19,28.94,9.2,17.85,0.0,16.64,3.6796901682737344,4.779614951400675
1985-02-20,26.74,8.65,16.67,0.0,25.29,3.07486641287307,4.568725267613796
1985-02-21,26.11,7.9,16.01,0.02,31.01,2.8841475858458927,5.039215191466793
1985-02-22,28.19,6.56,16.48,0.05,19.26,3.5149407497768856,5.741726796955725
1985-02-23,29.63,10.29,19.22,0.0,12.75,3.8954515866157418,4.25269882575711
1985-02-24,29.86,11.73,18.58,0.0,11.91,3.9693664380556513,4.714006859922743
1985-02-25,30.79,7.89,17.84,0.0,14.55,4.17427074810717,6.963508741320751
1985-02-26,31.8,8.31,18.5,0.0,13.6,4.449465611620454,7.317364834492305
1985-02-27,33.23,9.43,21.05,0.0,12.56,4.812852843545802,4.866480897733694
1985-02-28,32.43,10.97,22.01,0.0,10.67,4.5989227721679695,4.610829017337509
1985-03-01,34.17,14.44,22.41,0.0,11.87,5.058431859696649,5.6144814186288565
1985-03-02,33.62,11.27,21.63,0.0,15.0,4.871285096435801,5.957130013266735
1985-03-03,34.74,12.17,22.49,0.0,12.16,5.249800607105967,6.190629980953949
1985-03-04,34.36,12.3,23.0,0.0,10.32,5.162559635484258,6.56322265569262
1985-03-05,35.26,17.69,25.45,0.0,9.82,5.3854350233039865,4.402169231546579
1985-03-06,35.4,16.5,24.87,0.0,13.36,5.345511358034377,5.935600397662275
1985-03-07,34.05,13.6,22.73,0.0,11.63,5.044040708156516,5.744857935747432
1985-03-08,31.82,11.24,21.01,0.0,9.49,4.491817745010924,5.626334656037276
1985-03-09,33.36,12.47,22.26,0.0,11.36,4.839570584879632,6.854047367796275
1985-03-10,32.94,14.91,22.88,0.0,18.56,4.528348458539599,6.6424225888187065
1985-03-11,33.65,13.16,23.19,0.0,19.21,4.7297627003269485,5.434236285038009
1985-03-12,34.31,15.36,23.7,0.0,14.34,5.007239903743781,5.643051107255823
1985-03-13,32.43,12.15,21.24,0.0,9.92,4.670226913322095,7.3749500104487415
1985-03-14,33.92,9.72,20.92,0.0,5.55,5.151346139079221,7.181155170032026
1985-03-15,33.43,12.53,22.42,0.0,8.51,4.9215892722173855,6.025027168365668
1985-03-16,35.27,15.89,25.0,0.0,15.33,5.274629519364086,6.153149765066663
1985-03-17,34.75,15.15,24.07,0.0,17.88,5.1303148299494445,7.3257533568682955
1985-03-18,31.3,11.96,20.93,0.0,7.83,4.365913110753517,5.461764885827377
1985-03-19,32.11,10.37,20.85,0.01,10.73,4.5361983801941275,5.925783792243112
1985-03-20,33.66,11.37,22.29,0.0,11.29,4.934579695454096,7.134431666623616
1985-03-21,34.57,12.65,23.78,0.0,14.14,5.0917221504230294,6.412522855292757
1985-03-22,35.64,17.94,26.28,0.0,15.79,5.309219879892274,5.449810982302535
1985-03-23,34.79,20.81,26.33,0.0,34.24,4.4327476598233915,6.127225790287855
1985-03-24,35.02,18.74,26.32,0.0,31.44,4.642075517185805,5.085893856713586
1985-03-25,34.7,19.58,26.03,4.42,30.74,4.593712985460553,5.446683573922254
1985-03-26,37.71,18.72,27.9,0.01,26.64,5.62085610094416,5.641102909915534
1985-03-27,36.24,20.32,28.26,0.04,29.04,4.989260880112997,5.318203412250769
1985-03-28,37.2,19.91,28.13,0.02,27.19,5.396666528302719,6.421168453553825
1985-03-29,34.62,18.76,26.33,2.36,35.13,4.4343503388345535,6.45874111903756
1985-03-30,33.89,16.86,24.87,0.15,36.92,4.2584654350750855,6.638586511873351
1985-03-31,34.69,17.1,25.41,1.5,34.82,4.541588184233079,5.5034588611681645
1985-04-01,36.63,19.8,27.37,0.0,27.05,5.25311134584399,5.821384513442248
1985-04-02,32.77,18.97,24.84,0.0,35.16,3.92954461625495,6.800026279151749
1985-04-03,30.97,16.92,23.3,0.2,47.61,3.2067090050899743,5.624986607422314
1985-04-04,32.85,16.61,24.65,1.61,42.09,3.7780031094516824,5.308419255582086
1985-04-05,34.17,17.74,25.74,4.03,43.73,4.034242061104582,5.522649767672095
1985-04-06,31.41,19.76,25.16,0.0,44.06,3.2180053863409297,5.507445836930553
1985-04-07,35.4,19.48,26.91,0.0,39.3,4.4450403809776144,5.734960519554228
1985-04-08,35.72,20.45,27.67,0.76,36.49,4.597465227888112,6.075235572362008
1985-04-09,35.44,19.97,27.1,1.65,39.79,4.44291117363111,8.34390322781417
1985-04-10,33.18,15.96,24.11,0.0,44.19,3.929213609809902,7.089615970582209
1985-04-11,33.41,15.36,24.17,3.53,38.38,4.146506733811263,7.361232729306282
1985-04-12,34.48,18.12,26.29,0.0,30.09,4.547216471610641,5.693661458203199
1985-04-13,34.97,21.59,27.57,0.0,26.81,4.66588344642841,7.760043438385618
1985-04-14,34.92,19.24,26.73,0.0,35.22,4.475151322761104,7.3340841520366
1985-04-15,35.87,18.09,26.95,0.27,31.85,4.891377806294601,7.075980432823973
1985-04-16,38.82,20.09,28.69,0.0,21.74,6.194462327390523,7.979331937297566
1985-04-17,39.83,18.61,29.24,0.0,20.2,6.609946638551106,7.888952489351531
1985-04-18,40.88,21.44,30.89,0.0,17.29,7.054655493612602,7.169778881957836
1985-04-19,41.43,21.29,31.41,0.0,15.95,7.2936950010916135,7.659972972976156
1985-04-20,43.01,23.31,32.77,0.0,16.16,7.9133173234992595,7.882852388030237
1985-04-21,41.91,22.28,31.95,0.0,15.77,7.494500183485626,9.604483435831044
1985-04-22,40.66,22.92,31.69,0.0,19.84,6.803172496196572,8.979680450033465
1985-04-23,40.72,22.82,32.28,0.0,19.53,6.82045447868738,6.946928104436024
1985-04-24,39.81,24.79,31.97,0.17,19.07,6.466568189970031,8.180685525850658
1985-04-25,41.02,22.76,31.89,0.39,19.28,6.986483814543513,7.113069979346153
1985-04-26,41.27,23.36,32.28,0.0,15.88,7.192079337492043,8.626612548601509
1985-04-27,42.23,21.54,32.05,0.55,15.07,7.700077339912777,8.989199410896266
1985-04-28,43.7,24.12,33.76,0.16,13.21,8.330326276817816,8.266475036050483
1985-04-29,43.54,24.91,34.26,0.0,15.93,8.087975507078964,9.7276502068706
1985-04-30,43.27,26.46,34.95,0.0,15.35,7.953875755667056,6.697994412803694
1985-05-01,43.14,25.24,34.51,0.0,12.7,8.051358362039261,10.972429702865936
1985-05-02,39.99,22.78,31.6,0.0,14.85,6.762659433218372,9.944334518344645
1985-05-03,40.04,21.89,31.3,2.46,20.48,6.550791433030467,8.515796904805761
1985-05-04,40.51,24.23,32.4,0.0,20.3,6.678990380691992,8.854169385735789
1985-05-05,41.76,23.89,32.67,0.0,17.87,7.312723116311905,9.137737600045115
1985-05-06,42.52,23.84,33.31,0.0,14.61,7.740392800521079,7.996837310883329
1985-05-07,44.8,25.59,35.65,0.0,15.04,8.67567099156685,7.425419661105353
1985-05-08,45.06,27.98,36.47,0.0,16.41,8.667223586634595,7.934946546002203
1985-05-09,41.39,28.52,33.93,0.0,19.51,6.985107868560143,7.4010699628102525
1985-05-10,41.78,26.05,33.69,0.0,18.72,7.210812414556035,9.287804087243458
1985-05-11,41.05,26.3,33.7,0.0,18.01,6.895873909263762,6.616711664424165
1985-05-12,42.5,26.32,34.32,0.07,15.96,7.647100052302501,9.148562319998288
1985-05-13,43.9,25.75,34.17,0.0,11.9,8.447547985635925,12.153515140747215
1985-05-14,41.02,24.49,32.34,0.0,11.75,7.310199085511262,9.933271936804376
1985-05-15,40.73,24.76,33.1,0.0,7.51,7.302161640338764,7.634153475996921
1985-05-16,43.12,25.74,34.36,0.0,6.5,8.344829474688035,8.563372406893006
1985-05-17,44.22,25.73,35.08,0.0,8.1,8.759595689158566,9.361092779007292
1985-05-18,45.71,28.24,36.33,0.0,8.47,9.451559748253977,10.218347776227567
1985-05-19,46.27,26.28,36.45,0.0,8.62,9.734009165751715,10.882875178589918
1985-05-20,47.03,26.27,36.96,0.0,10.28,10.030935410631642,10.368191655932371
1985-05-21,46.1,27.69,37.3,0.0,11.32,9.46056060268209,8.884082013084159
1985-05-22,43.39,27.32,35.71,0.57,14.93,7.978679993598918,10.16225363399052
1985-05-23,45.32,27.41,37.34,0.45,12.85,8.988353194710498,8.253265929507435
1985-05-24,45.97,27.86,37.97,0.0,12.2,9.308253591585931,9.234377327605301
1985-05-25,43.62,29.33,36.7,3.91,15.76,8.004503982046119,7.756346809130871
1985-05-26,44.92,27.06,36.27,0.01,18.08,8.617046291027275,8.754019324955857
1985-05-27,45.21,27.99,36.37,0.0,11.76,9.04614243276782,8.25559839085952
1985-05-28,45.41,26.11,36.13,0.05,11.65,9.146059565563998,11.341937917956768
1985-05-29,45.82,27.59,37.09,0.0,13.44,9.202770295469595,12.808977458414885
1985-05-30,45.32,28.95,37.64,0.0,14.97,8.817772871930577,11.736451632806562
1985-05-31,44.51,30.05,37.35,0.0,18.1,8.242780292587666,10.67758735646342
1985-06-01,43.98,29.76,37.01,0.0,21.98,7.812011613420916,10.345765695826493
1985-06-02,44.2,30.18,37.57,0.72,24.25,7.682658050277415,9.531744592832561
1985-06-03,42.82,26.33,35.59,3.53,35.59,6.723013215871927,8.993125608985435
1985-06-04,44.33,28.83,36.53,0.54,26.07,7.884855210361685,9.277277113378817
1985-06-05,45.83,26.89,36.95,0.0,22.86,8.704584773040247,9.339194649847425
1985-06-06,44.67,27.17,36.54,1.32,23.43,8.048718638214494,10.419730417183189
1985-06-07,43.04,30.37,36.47,0.0,23.21,7.28529074111551,11.6652337634426
1985-06-08,39.93,30.67,35.25,1.56,30.14,5.648277450373777,7.97618027039659
1985-06-09,42.22,29.68,35.91,0.31,27.66,6.797399351206128,8.211356111647378
1985-06-10,43.87,29.27,36.86,1.69,26.61,7.469620253348671,9.718028820374812
1985-06-11,37.68,30.67,34.35,11.87,41.04,4.323167279491894,8.182299016957483
1985-06-12,41.04,28.79,34.94,2.14,41.29,5.583211760266304,7.642752294671509
1985-06-13,42.45,28.7,35.49,3.31,39.15,6.328188672516822,8.729694338070068
1985-06-14,44.63,29.8,36.87,0.15,27.74,7.882183829490834,9.405769739623326
1985-06-15,45.5,28.54,37.17,0.0,22.89,8.566130821271319,9.058015374026304
1985-06-16,44.8,29.35,37.13,0.0,21.29,8.223096591136445,10.600962652578733
1985-06-17,45.45,29.68,37.3,0.11,18.17,8.756843247777631,9.244666830864613
1985-06-18,45.37,27.85,36.87,2.26,23.35,8.43515972521771,10.080919868730602
1985-06-19,44.96,29.72,37.09,0.0,23.07,8.185001837744755,11.36957722735589
1985-06-20,44.77,29.74,37.52,0.0,23.35,8.034458020079903,10.806837470042801
1985-06-21,44.92,30.67,37.67,0.0,23.64,8.076425233994016,11.306719432657708
1985-06-22,45.21,30.85,38.23,0.0,22.43,8.270883667677609,10.308070458024511
1985-06-23,45.77,31.48,38.96,0.0,20.76,8.5961219238438,10.887665496048147
1985-06-24,45.6,33.03,39.4,0.0,19.77,8.520623773676272,9.638911734289398
1985-06-25,45.09,33.43,39.61,0.11,20.26,8.21135655112249,7.192118838251642
1985-06-26,46.03,32.44,39.53,0.01,18.72,8.798628835059247,8.162519397233671
1985-06-27,46.1,31.85,39.39,0.0,19.52,8.82608862184302,8.398008250028061
1985-06-28,44.78,32.43,38.76,0.09,21.55,8.02797243039002,9.270922407719613
1985-06-29,45.34,32.56,38.83,1.38,24.94,8.086148319216067,10.926735920482145
1985-06-30,42.26,32.39,37.29,1.36,28.27,6.5460634349086,8.400499843521915
1985-07-01,42.85,31.5,37.07,0.52,26.94,6.961117236635367,8.152742724080603
1985-07-02,42.81,31.29,37.06,0.31,26.2,6.9650330088904395,8.317750305977963
1985-07-03,44.45,31.49,38.12,0.0,25.0,7.708859352866881,10.545425717866772
1985-07-04,45.89,32.03,39.05,0.0,22.73,8.51726783068975,10.487131250675473
1985-07-05,46.5,31.88,39.59,0.02,22.86,8.764595667787033,10.193126282335802
1985-07-06,46.2,34.0,39.97,0.0,23.08,8.541753962331807,11.838401583102
1985-07-07,44.01,33.18,38.45,0.09,25.95,7.385545020187565,5.5765407879845865
1985-07-08,44.5,33.15,38.96,0.57,25.2,7.640041177322322,9.480935611180323
1985-07-09,43.49,33.69,38.62,4.52,27.83,6.999958513254162,7.627132401161374
1985-07-10,37.82,29.5,33.35,23.21,54.49,3.8596867589072543,5.593292356901641
1985-07-11,35.88,27.54,31.55,11.75,57.88,3.278939576937671,5.919011633813783
1985-07-12,36.63,26.92,31.96,3.93,60.75,3.3620340189553573,6.841040954249222
1985-07-13,35.73,28.52,31.93,1.42,58.26,3.137876262466879,5.60841079230764
1985-07-14,37.41,28.02,32.84,6.05,56.36,3.6724602973852627,5.600470880224687
1985-07-15,36.67,27.89,31.91,8.33,59.88,3.405714112721526,6.6516544611916215
1985-07-16,33.71,27.22,30.12,8.74,69.94,2.278588965684251,5.92056469254689
1985-07-17,35.76,27.28,31.52,2.97,60.61,3.117701504979835,6.1570665282157515
1985-07-18,36.42,27.88,31.87,6.79,59.2,3.3304350283784454,6.264678648669662
1985-07-19,33.19,27.26,29.98,22.07,70.97,2.1054560879464153,3.593486480583888
1985-07-20,32.13,26.34,28.88,36.06,78.42,1.7041195144505603,4.635302436538418
1985-07-21,34.85,24.99,30.21,3.12,68.44,2.717137827169619,5.647878340498227
1985-07-22,35.38,26.5,30.97,0.89,66.34,2.825321927481194,5.037956134530808
1985-07-23,35.91,27.04,31.64,0.31,65.2,2.93674945993828,5.5525792753765355
1985-07-24,39.59,27.97,33.29,0.26,56.34,4.468786982212669,4.104300917754758
1985-07-25,34.92,26.48,30.12,40.06,70.54,2.6513548604174413,6.073248561558868
1985-07-26,28.71,25.72,27.06,16.77,88.3,0.7825602748727962,3.961590344462007
1985-07-27,33.5,24.96,29.23,2.68,75.93,2.145778587049374,4.412005706271681
1985-07-28,35.29,26.14,31.28,0.23,69.31,2.624045898913799,5.419913733501912
1985-07-29,36.25,27.84,31.99,2.82,67.14,2.902064315119826,4.8678483560463
1985-07-30,33.15,26.88,30.02,11.67,76.22,1.8669127971994577,3.8129364928181655
1985-07-31,30.67,26.6,28.35,2.42,83.76,1.1878782171278952,4.639536581501062
1985-08-01,34.02,25.89,30.36,2.63,74.53,2.1479620187962007,5.383387619307754
1985-08-02,33.45,26.24,29.76,4.25,76.53,1.9963930287420855,5.608392239233921
1985-08-03,32.9,26.15,29.39,15.84,78.99,1.7981953281612424,5.632419540529701
1985-08-04,28.98,25.45,26.87,7.0,89.13,0.8502149328285711,2.6611338502160424
1985-08-05,28.8,25.22,26.88,10.93,91.59,0.7174963369802856,3.8396742227990748
1985-08-06,30.85,25.44,27.51,35.05,87.3,1.265776188069145,3.6144797328549734
1985-08-07,31.24,24.56,28.05,12.89,83.43,1.4128851560605087,4.780574557692784
1985-08-08,33.09,25.14,29.27,0.99,78.13,1.906639247997325,5.025486725506494
1985-08-09,34.53,25.99,31.0,0.02,69.89,2.3740674768300845,5.192217774865946
1985-08-10,34.02,26.38,30.39,0.47,74.97,2.1061039014145106,3.3737568670262497
1985-08-11,34.1,26.04,29.92,1.53,77.04,2.1451427336593887,5.236839791567067
1985-08-12,35.51,25.38,30.47,0.0,73.68,2.65288859514918,5.8212335105752935
1985-08-13,36.52,25.92,31.32,0.15,70.3,2.982373948578808,5.801326940737753
1985-08-14,37.29,26.58,31.76,0.0,65.11,3.4245530462372207,5.392906514480161
1985-08-15,36.03,25.7,30.74,0.17,73.27,2.790545646204137,4.448030444619846
1985-08-16,35.97,26.62,31.37,2.77,71.67,2.719789294408467,6.054924970313743
1985-08-17,37.07,26.19,31.22,0.12,67.58,3.361111746431549,4.902394039604369
1985-08-18,37.44,26.33,31.2,0.08,70.59,3.348437690424044,5.841520692624295
1985-08-19,37.53,26.61,31.87,0.76,66.31,3.4346883462403714,5.4659119138184735
1985-08-20,37.29,26.33,31.68,0.54,63.69,3.5172399276662856,6.604253717196889
1985-08-21,37.65,26.21,31.65,0.15,60.56,3.7913211935034137,6.5144190091615455
1985-08-22,36.98,25.07,31.13,0.13,58.58,3.7192121637643805,6.432642315783087
1985-08-23,37.41,24.96,31.22,0.07,59.18,3.820334987585663,6.337496812953968
1985-08-24,37.26,26.11,31.93,0.0,57.16,3.7555384459053687,6.08874946422075
1985-08-25,38.28,25.48,31.9,0.0,53.89,4.299166084876966,6.334778248619885
1985-08-26,37.76,25.18,31.58,0.09,53.09,4.18355931836455,5.922529641072466
1985-08-27,38.01,25.39,31.51,0.14,53.58,4.275545513361951,6.0304347903115705
1985-08-28,38.3,26.4,31.99,0.0,54.39,4.267281781647366,6.1786589307362085
1985-08-29,39.09,26.56,32.84,0.0,50.74,4.650604771606245,5.945917665235514
1985-08-30,38.55,26.96,32.42,0.0,51.48,4.423080626857922,5.906130736721334
1985-08-31,38.45,26.94,32.45,0.01,51.05,4.410013951932525,6.018832020721882
1985-09-01,36.93,26.22,31.68,6.0,53.24,3.837801520328859,6.446417180537233
1985-09-02,39.3,25.91,32.13,0.02,50.74,4.785321101569917,7.492119994390975
1985-09-03,39.31,25.35,32.06,0.0,47.78,4.9371768744268,7.25841199995306
1985-09-04,39.51,24.51,31.82,0.0,46.96,5.091134752959274,6.907276918182263
1985-09-05,39.16,25.03,31.68,0.0,46.96,4.9642783752779245,6.442164789897543
1985-09-06,38.09,24.81,31.4,1.01,45.95,4.65202283748522,5.910538079514053
1985-09-07,38.58,24.67,31.43,0.33,48.11,4.733439702758995,6.120807308885464
1985-09-08,39.21,25.26,31.78,0.0,45.26,5.0744682590813905,6.094722920280515
1985-09-09,39.32,24.19,31.53,0.0,40.95,5.358207829142186,6.306811962236587
1985-09-10,39.14,23.04,30.96,0.0,40.26,5.3541485748344,6.822015434873888
1985-09-11,38.57,23.82,30.86,0.0,39.84,5.192170639254841,6.209606547566901
1985-09-12,37.73,23.32,30.11,0.0,48.62,4.612911876799169,6.16473950215567
1985-09-13,36.75,24.18,29.94,1.58,56.02,3.946831662866607,5.824987513733173
1985-09-14,37.7,23.53,30.42,0.03,54.21,4.328862284420493,5.663876244262467
1985-09-15,37.78,23.3,30.17,0.19,50.49,4.611079472380864,6.12784290532328
1985-09-16,37.9,22.48,30.15,0.76,49.57,4.680566074803928,5.5011698949398316
1985-09-17,37.95,23.1,30.07,0.12,53.43,4.48508060444102,5.875878430017528
1985-09-18,35.74,23.68,29.29,1.85,55.38,3.7001670507581053,5.664621089250096
1985-09-19,37.11,23.37,30.0,0.0,49.9,4.311258098709105,5.197094262018232
1985-09-20,37.49,22.28,29.66,0.04,46.46,4.663919941738558,5.2705145525038395
1985-09-21,37.5,22.19,29.82,0.0,52.82,4.388927029198959,5.420061150595162
1985-09-22,36.91,24.82,30.56,0.0,53.17,4.024697080505944,5.697294589075329
1985-09-23,36.71,24.99,30.5,0.0,53.99,3.9179344334318835,3.157980604203799
1985-09-24,33.81,23.88,28.56,16.97,65.74,2.7823439718890857,4.303013119432432
1985-09-25,35.94,22.01,28.3,1.13,58.49,3.8548815524473183,5.501616926398148
1985-09-26,37.19,24.04,29.85,1.71,46.36,4.504262894134631,4.80052934292974
1985-09-27,38.14,23.47,29.97,0.01,40.72,5.075430234995013,5.407127315141333
1985-09-28,37.97,21.09,29.12,0.0,37.12,5.274896458898201,5.3116881672504475
1985-09-29,37.47,19.49,27.98,0.0,41.68,5.062182382112799,5.465772506566931
1985-09-30,38.17,19.26,28.59,0.0,35.56,5.446367226574819,5.372633811878063
1985-10-01,37.85,19.0,27.79,0.0,41.63,5.225862378624285,5.479283497913073
1985-10-02,37.13,18.92,27.23,0.0,54.73,4.622799426560953,5.97435012621288
1985-10-03,35.31,20.3,27.52,0.0,57.63,3.790588182324624,5.491861045190515
1985-10-04,37.0,21.83,28.91,0.0,54.58,4.2608986741268655,5.870254848542639
1985-10-05,35.6,22.53,28.55,0.0,59.09,3.626759705969841,5.747132259440683
1985-10-06,34.2,21.93,27.09,1.78,60.63,3.3787942380974245,5.528724976259831
1985-10-07,30.56,20.36,25.07,2.48,68.0,2.288558510992638,3.6938478909607
1985-10-08,32.09,20.68,25.76,0.22,63.69,2.7421175984105783,4.280394851402407
1985-10-09,25.06,20.58,22.24,27.61,82.49,0.9776074118224809,3.3431867624936773
1985-10-10,28.96,18.98,22.94,13.08,73.11,2.024046389114435,4.035892484894509
1985-10-11,30.99,16.19,22.92,0.0,61.53,2.895575224825949,4.260172381635798
1985-10-12,32.08,17.59,24.52,0.05,56.65,3.1293578149256938,4.170005860575116
1985-10-13,34.45,18.32,25.76,0.0,52.73,3.824000368345896,4.58382824643779
1985-10-14,34.14,17.65,25.82,0.0,50.69,3.8951205865984706,3.924130170812592
1985-10-15,33.4,17.54,25.21,0.05,41.9,3.906240578832511,4.479935239861651
1985-10-16,33.33,17.03,23.94,0.0,40.5,4.035799314409249,5.091694250368699
1985-10-17,31.15,15.06,21.9,0.0,37.99,3.651455121498377,5.725956763505206
1985-10-18,31.55,12.19,21.01,0.0,36.34,3.8605922998116724,5.124896117123129
1985-10-19,32.45,14.85,22.34,0.0,29.44,4.176922531523395,4.560452108389075
1985-10-20,32.03,15.99,22.25,0.0,27.08,4.113677112888263,4.132433844853145
1985-10-21,30.98,13.41,21.09,0.0,31.31,3.793866388653692,4.042005427360102
1985-10-22,30.91,14.16,20.88,0.0,32.51,3.7599327044857427,4.288559577946626
1985-10-23,30.88,13.99,21.01,0.0,31.57,3.7588706504470757,4.380252931267888
1985-10-24,30.96,14.96,21.51,0.0,32.41,3.7181274636587256,4.189683313561917
1985-10-25,31.47,16.42,22.03,0.0,36.53,3.7103526062844265,4.683734151384848
1985-10-26,30.53,15.39,21.2,0.0,39.61,3.4502499616726405,4.747419413841434
1985-10-27,30.63,11.45,20.11,0.0,36.26,3.650679579365157,4.923386691383192
1985-10-28,31.56,13.2,20.91,0.0,31.63,3.939719539591988,4.798904745377844
1985-10-29,31.56,13.56,21.22,0.0,29.48,3.9715733779507696,4.668756167313964
1985-10-30,31.7,13.62,21.24,0.0,30.11,3.9870931383222743,4.062670850334111
1985-10-31,32.12,11.49,20.69,0.0,37.62,3.9908650323866253,4.075771493076374
1985-11-01,31.95,13.35,20.91,0.0,39.45,3.8739058572252123,3.9214858155400827
1985-11-02,31.73,13.51,21.55,0.0,40.1,3.733260695087149,3.775103817080688
1985-11-03,30.08,14.57,20.92,0.0,38.19,3.404769205087518,3.833018124616492
1985-11-04,29.92,14.91,20.56,0.0,31.37,3.5339900244964086,3.821554383579112
1985-11-05,30.05,14.38,20.6,0.0,30.42,3.5865965539061926,3.691289565614821
1985-11-06,29.45,11.87,20.01,0.0,32.07,3.4243515518561667,3.535660242636772
1985-11-07,30.12,11.93,19.76,0.0,37.6,3.489492947090446,3.6979375861899997
1985-11-08,29.15,14.06,19.81,0.0,35.44,3.287591847966454,3.9500033062369946
1985-11-09,29.35,13.05,20.1,0.0,33.82,3.361315387622085,3.4743269842252125
1985-11-10,29.01,12.98,19.81,0.12,35.16,3.256656056565701,3.8047423375170175
1985-11-11,28.32,11.57,18.61,0.21,39.07,3.0834313649802296,4.436376039024514
1985-11-12,27.95,10.42,17.81,0.0,38.97,3.041804833547265,3.9351444583074024
1985-11-13,28.0,11.96,18.47,0.0,37.09,3.057964648137653,3.785813703252714
1985-11-14,28.02,13.33,18.95,0.0,34.06,3.0897259458384996,3.423411258464538
1985-11-15,28.52,13.29,19.18,0.0,33.19,3.210201278656177,3.279353511235808
1985-11-16,27.92,13.44,18.84,0.0,34.36,3.0647566374458295,3.17013603970926
1985-11-17,28.45,12.37,19.46,0.0,35.37,3.1367393659556995,2.89825331361457
1985-11-18,28.37,12.07,19.33,0.0,36.56,3.0995109563584657,3.0123005147788673
1985-11-19,28.51,13.46,19.4,0.0,35.32,3.1454969706601705,3.700716500870618
1985-11-20,28.45,12.94,19.09,0.0,33.71,3.198831008675356,3.707126341999626
1985-11-21,26.14,13.13,18.97,0.0,28.58,2.8017212096925883,2.635106627280675
1985-11-22,26.93,12.65,18.04,0.0,31.68,2.9403689060214964,3.712439310429657
1985-11-23,25.96,9.27,16.56,0.0,34.45,2.7559073848592797,3.7572683356946555
1985-11-24,25.94,11.68,17.08,0.0,31.58,2.7759235593959635,3.207498664545187
1985-11-25,25.32,10.64,16.53,0.0,31.31,2.6826193790251427,3.2630087355378694
1985-11-26,24.14,10.52,15.75,0.0,31.69,2.4777570451103177,3.268228814338963
1985-11-27,24.38,7.18,14.47,0.0,33.87,2.554930207771462,3.8486033846064145
1985-11-28,24.14,7.04,14.79,0.0,33.01,2.49746622835987,3.703608728175838
1985-11-29,26.67,9.2,17.01,0.0,34.95,2.868993918669922,3.9207248219139172
1985-11-30,26.15,9.9,16.93,0.0,40.76,2.650105693536264,3.8372454943251912
1985-12-01,26.11,9.17,16.18,0.0,40.14,2.7069633726245335,3.968883352802063
1985-12-02,25.97,7.94,15.69,0.0,36.07,2.7751079533406915,3.773782892677606
1985-12-03,26.3,8.6,16.41,0.0,32.32,2.8685897439711168,3.6628012937524645
1985-12-04,26.88,9.54,17.16,0.0,29.47,3.0074162102216144,3.5975218426134896
1985-12-05,25.65,11.92,17.3,0.0,28.97,2.7484825250877414,2.531718128128815
1985-12-06,24.43,11.52,16.41,0.0,32.04,2.491128116605366,2.590373654613506
1985-12-07,25.77,9.2,16.28,0.0,33.16,2.7495040173527965,4.490804314537855
1985-12-08,25.7,9.58,15.46,0.28,36.76,2.7016350025822375,4.374576170214408
1985-12-09,21.89,5.62,12.25,0.0,43.01,2.079810430006668,3.1166419495684488
1985-12-10,20.89,3.3,10.92,0.0,30.26,2.1269176642722334,2.8120288247160254
1985-12-11,23.93,5.72,14.23,0.02,38.26,2.448659617633419,2.5278823031162982
1985-12-12,22.23,9.88,15.54,0.88,67.99,1.5362619726483382,2.3171021917680585
1985-12-13,26.08,11.58,17.2,0.77,63.47,2.212134018631009,2.7514306438600644
1985-12-14,26.79,11.55,19.09,0.15,60.12,2.243433814318564,2.370194372120895
1985-12-15,25.48,14.36,18.87,1.77,64.84,1.9105643355660558,2.752147048977446
1985-12-16,24.94,12.44,17.73,3.18,69.38,1.824439186118741,2.2945819711590683
1985-12-17,22.7,8.97,14.59,0.75,65.28,1.7284455461740686,2.206939298480354
1985-12-18,23.44,10.05,14.75,0.24,54.83,2.0637697744771852,3.416691050195622
1985-12-19,23.73,7.35,14.1,0.0,46.15,2.2452663291510646,3.7660150788063813
1985-12-20,21.12,7.76,13.96,0.0,44.02,1.8372251634932588,2.71246220592803
1985-12-21,24.48,9.43,16.14,0.0,39.43,2.377858304509318,2.7433646850782574
1985-12-22,23.78,8.97,15.87,0.0,41.75,2.2294473048276533,2.087319796309567
1985-12-23,23.66,11.03,16.54,0.0,42.04,2.1625633619656437,2.3260244616140766
1985-12-24,23.55,8.56,15.66,0.0,56.79,1.940950163253558,2.2309789176802712
1985-12-25,22.31,11.08,16.1,1.33,63.96,1.564723614588497,2.8660555257600175
1985-12-26,22.5,12.04,16.46,2.7,70.57,1.4592563867300317,3.19387412871859
1985-12-27,20.5,8.67,13.67,6.06,67.85,1.4463305222238743,2.0791816075467935
1985-12-28,19.98,7.24,12.14,8.59,68.17,1.435293421362672,2.1073401196659627
1985-12-29,21.28,6.49,12.18,0.0,48.29,1.8884046221298,2.8248472767424033
1985-12-30,21.86,5.24,11.76,0.0,50.12,1.9811483129335752,3.3044730693291378
1985-12-31,17.31,3.73,9.71,0.04,52.61,1.3854737243081034,2.4666656864066074
1986-01-01,19.45,6.59,11.39,0.0,47.67,1.6486013364833076,2.3277803222807414
1986-01-02,20.51,3.88,10.59,0.0,44.86,1.8938607013744586,3.2424619894706943
1986-01-03,19.56,2.18,9.1,0.0,41.11,1.8499934156314515,3.1470630101743358
1986-01-04,18.34,0.67,8.01,0.0,40.48,1.712564641308742,2.9522762012043353
1986-01-05,20.42,0.3,8.91,0.0,41.48,1.97344833254095,3.0230530787090095
1986-01-06,20.44,3.76,11.58,0.0,33.37,1.9869632194001268,2.042099937651668
1986-01-07,21.22,6.29,12.0,0.0,32.53,2.089942673819561,2.2872215114504475
1986-01-08,20.84,5.8,12.0,0.0,34.08,2.014527568260504,2.187511535692229
1986-01-09,21.87,4.84,12.8,0.0,35.88,2.130862768879465,2.3001433995466454
1986-01-10,21.95,5.83,12.53,0.0,39.67,2.1006152381798353,2.2484089367371145
1986-01-11,22.08,5.32,12.66,0.0,43.74,2.060129947037229,2.479424899945327
1986-01-12,21.55,5.84,12.66,0.01,48.04,1.916513807880262,2.2391863641845684
1986-01-13,21.62,5.38,12.07,0.0,48.09,1.949922432481987,2.750533184605311
1986-01-14,19.23,3.73,10.45,0.03,48.25,1.6675904970912723,2.3261268041469614
1986-01-15,19.83,4.42,10.96,0.0,41.56,1.8044454647510655,2.6573397823020084
1986-01-16,19.9,4.32,10.63,0.0,41.33,1.8301839201120274,2.59178395042016
1986-01-17,20.06,3.39,10.76,0.0,43.92,1.8180065631747624,2.767771109907963
1986-01-18,21.65,4.83,11.66,0.0,45.82,2.002985146784975,2.84034147877811
1986-01-19,21.16,5.31,12.84,0.0,44.47,1.905625163616265,2.347498373511414
1986-01-20,22.84,6.07,13.7,0.0,38.63,2.22165695203279,2.4859235347334447
1986-01-21,22.91,7.54,14.06,0.0,37.84,2.227261489225558,2.58633811895987
1986-01-22,23.81,8.05,14.63,0.74,45.77,2.228091388569738,2.5305912868298117
1986-01-23,22.37,7.42,13.36,0.01,46.51,2.027751610706401,3.2949214106473756
1986-01-24,20.3,3.67,10.8,0.93,48.44,1.81804678694242,2.9589039739910237
1986-01-25,21.57,8.15,13.69,0.0,33.97,2.0780681070306595,2.4566263657218514
1986-01-26,21.47,5.28,11.95,0.0,38.13,2.0649486965729,3.041960635096497
1986-01-27,18.96,6.54,11.79,0.0,36.38,1.7131467398820255,2.5120572356985953
1986-01-28,21.65,5.34,13.37,0.0,34.49,2.0991548800228603,2.339047841671168
1986-01-29,19.94,9.62,13.72,0.38,64.43,1.3434651297620372,2.6227643403950407
1986-01-30,20.89,9.06,13.78,0.08,63.59,1.5175173288469606,2.6050011189907827
1986-01-31,21.66,4.39,11.86,0.0,43.24,2.031393851365295,3.348025030054467
1986-02-01,20.7,4.38,11.19,0.01,37.77,1.980397251493473,3.0326092556497124
1986-02-02,21.89,5.61,12.81,0.0,30.39,2.2170800264674253,3.1318232982106533
1986-02-03,23.58,8.25,15.28,0.0,25.08,2.5092939447888747,2.684301686992789
1986-02-04,24.65,9.64,15.61,0.0,29.03,2.622129298876587,2.965796378469611
1986-02-05,23.43,6.32,13.72,0.0,45.31,2.2308848163583015,3.367103723032653
1986-02-06,24.36,5.95,14.05,0.0,44.09,2.398901170788341,3.326684219120833
1986-02-07,24.55,6.21,14.31,0.0,36.59,2.550164154626813,3.2783014534180097
1986-02-08,24.84,7.75,15.11,0.0,32.02,2.6388721763764407,3.726206316243343
1986-02-09,21.59,10.49,14.67,0.09,47.8,1.8320290209233572,3.608017598933374
1986-02-10,14.6,11.35,12.71,9.47,89.43,0.3483354036726649,1.0832157585949125
1986-02-11,16.72,11.11,13.48,7.32,89.05,0.533091444261204,1.3909824112466835
1986-02-12,18.61,7.95,13.11,0.79,82.38,0.9148851966489278,1.2806375122897062
1986-02-13,21.17,10.58,14.69,2.86,81.03,1.1854719821563786,2.4034019474756225
1986-02-14,20.63,9.71,14.48,1.2,71.86,1.2883986021935858,2.5773592117302253
1986-02-15,23.0,6.87,13.69,0.02,56.4,2.0468174579695795,3.7731268827359954
1986-02-16,22.71,5.61,13.39,0.03,44.69,2.1430344919369193,3.8779286041549192
1986-02-17,25.09,7.68,16.22,0.0,36.5,2.5573550664970752,3.193758896437848
1986-02-18,25.05,10.21,16.29,1.2,44.69,2.3871354964180296,3.9099708569939615
1986-02-19,23.75,6.67,14.37,0.0,53.85,2.1471105240722297,3.8400620745560414
1986-02-20,25.65,8.67,16.36,0.0,38.73,2.654524179924379,2.477228600230554
1986-02-21,18.58,9.33,14.54,0.75,61.09,1.1651287992770096,2.961065186838141
1986-02-22,22.64,7.28,14.13,0.08,65.48,1.7606597962239459,3.397333402688234
1986-02-23,22.98,6.37,13.67,2.22,56.16,2.0181811111748384,3.671145724782882
1986-02-24,24.6,7.13,14.95,0.0,43.25,2.4244290064717937,3.966760458323405
1986-02-25,25.37,7.86,15.42,0.0,39.63,2.6171673959859083,4.3135208195298524
1986-02-26,25.49,7.94,15.58,0.0,36.09,2.689068710927847,4.383248220913278
1986-02-27,26.2,7.43,16.26,0.0,34.84,2.8256684497491444,4.522685839488326
1986-02-28,28.08,9.56,17.72,0.0,34.17,3.173761188008506,4.7168615271356025
1986-03-01,27.92,10.32,18.02,0.0,37.08,3.0682482779700253,4.685235395163443
1986-03-02,28.76,10.18,18.2,0.0,38.12,3.234649712756302,4.666413539165743
1986-03-03,28.95,9.78,18.66,0.0,34.96,3.343544323887418,5.3319778771736726
1986-03-04,29.91,13.2,20.16,0.0,33.76,3.4867837443311176,4.150742117038983
1986-03-05,30.3,12.29,20.12,0.0,37.21,3.5181272997606627,4.4589557474725465
1986-03-06,31.11,12.91,21.13,0.0,35.58,3.7121101842450925,4.637222965262299
1986-03-07,31.97,15.29,21.92,0.0,36.15,3.8859116502473476,5.720670659513268
1986-03-08,31.19,12.18,21.01,0.0,36.45,3.731584092058881,5.308688838058939
1986-03-09,32.72,15.18,23.03,0.0,37.33,3.962139814531163,5.264015863286139
1986-03-10,33.41,16.26,24.2,0.03,33.97,4.183010112794,5.115901308394327
1986-03-11,34.48,17.77,25.07,0.01,33.45,4.5010939911760035,6.455655564543651
1986-03-12,32.85,15.15,23.48,0.07,35.78,4.036561458346144,4.794398901756173
1986-03-13,27.48,16.39,20.16,8.44,58.47,2.3340620865184114,4.213358454966185
1986-03-14,27.68,15.09,19.97,1.17,56.38,2.4521685618785467,4.3820638201721
1986-03-15,28.2,11.83,19.38,0.0,47.1,2.9488118084405444,4.9989866001782035
1986-03-16,26.71,10.71,18.21,2.6,43.89,2.7021136840106337,4.937623443403073
1986-03-17,27.4,12.94,20.02,0.0,34.83,2.8823662382908544,5.045060748003472
1986-03-18,26.1,13.7,19.52,0.36,53.22,2.21061475280876,4.802063510133099
1986-03-19,26.29,11.61,17.8,2.54,49.96,2.5496188942590536,4.8858841157846715
1986-03-20,25.48,7.4,16.33,8.84,45.94,2.5467429912943973,4.470928444700336
1986-03-21,23.83,12.52,17.31,0.0,43.77,2.114223280716179,3.7747569403138543
1986-03-22,25.5,12.77,19.01,0.2,47.47,2.2717705819502996,4.081460599416525
1986-03-23,27.11,12.7,19.86,0.88,46.28,2.576189072877397,4.349146169730419
1986-03-24,27.62,12.8,19.38,0.03,41.79,2.848250986594401,4.912764204816879
1986-03-25,28.05,10.61,18.88,0.0,39.43,3.021814170458093,5.321565488994156
1986-03-26,31.17,12.56,21.35,0.0,35.75,3.7360667007133483,6.680031804088663
1986-03-27,35.3,14.75,24.51,0.0,36.3,4.740569767065663,6.2475480525731895
1986-03-28,35.49,17.71,25.84,0.0,32.24,4.811447231245496,5.630890551511536
1986-03-29,33.73,17.14,24.57,0.0,35.69,4.234510468577049,6.068301079798962
1986-03-30,33.22,15.36,23.89,0.0,30.37,4.275852127011694,6.034512353806185
1986-03-31,31.57,14.95,23.35,0.0,25.84,3.969387997487842,5.715426985474942
1986-04-01,33.47,15.3,24.2,0.05,23.17,4.532731782737136,6.652886606875482
1986-04-02,33.82,16.87,23.98,0.0,23.07,4.672067511047451,6.397467845845838
1986-04-03,33.0,13.89,22.8,0.0,24.41,4.464060532786306,6.375417364618969
1986-04-04,32.25,13.17,22.53,0.0,22.79,4.2894602452396855,6.0823985784935015
1986-04-05,33.52,13.2,23.85,0.0,23.43,4.575011817464347,6.24416718184535
1986-04-06,35.99,16.55,26.03,0.0,20.36,5.322479279836012,5.6243544363673985
1986-04-07,36.98,20.35,27.66,0.0,24.07,5.438554224631165,6.604213409466789
1986-04-08,38.57,19.52,28.87,0.0,24.48,5.93221741916357,6.853990140776448
1986-04-09,36.72,20.54,27.84,0.0,33.89,5.041731138289546,5.800221997409278
1986-04-10,38.94,19.38,28.96,0.0,35.39,5.7051845210173715,7.719967752180481
1986-04-11,38.04,22.49,29.79,0.0,36.28,5.234685139429051,7.070971691779688
1986-04-12,37.8,23.08,30.2,0.27,32.91,5.189258820732411,7.755563755505341
1986-04-13,38.08,21.89,29.88,0.03,35.23,5.30365342443311,8.466446802754165
1986-04-14,38.5,20.78,29.67,0.0,34.22,5.5622915250321,8.458215366872233
1986-04-15,37.33,20.8,29.01,0.07,31.59,5.256607676732581,8.926836948163167
1986-04-16,38.71,21.37,29.49,0.0,26.63,5.919377967443037,8.25939768300638
1986-04-17,38.92,20.06,29.37,0.0,21.35,6.248757001464105,9.086430233931878
1986-04-18,39.64,18.81,29.64,0.0,15.67,6.657862969547978,6.558377939675536
1986-04-19,40.51,21.57,30.59,0.0,16.25,6.9469058369922,8.045378124935851
1986-04-20,41.51,21.88,31.17,0.0,17.96,7.267747788800349,8.72505605182945
1986-04-21,42.69,22.27,32.84,0.0,15.94,7.825915041044592,7.140693746102464
1986-04-22,43.65,25.12,33.9,0.0,12.8,8.3038965028719,6.61173497146933
1986-04-23,44.16,23.77,34.2,0.0,11.8,8.585099941958896,7.730795153469451
1986-04-24,37.88,26.34,31.92,0.0,15.64,5.858895008778932,10.173900212837145
1986-04-25,40.49,24.9,32.38,0.0,19.17,6.69627507457025,9.324495506329061
1986-04-26,38.29,23.9,31.42,3.35,23.18,5.744559203910978,6.8312330845714175
1986-04-27,38.4,23.95,30.39,0.52,20.93,5.915181922186927,8.465969874713302
1986-04-28,36.52,20.23,28.1,0.41,25.54,5.274403417728129,6.355859209737794
1986-04-29,36.94,19.47,28.25,0.18,25.03,5.404896468849595,7.336855081149779
1986-04-30,39.3,20.85,30.2,0.0,21.01,6.292162572248175,9.013249070317435
1986-05-01,39.27,23.08,31.44,0.0,20.92,6.211955191817215,5.885691804243051
1986-05-02,40.51,23.74,32.13,0.0,19.53,6.711613178510032,7.7190666006406445
1986-05-03,39.77,23.09,31.43,0.06,21.72,6.386838049032878,8.960449503376816
1986-05-04,39.82,22.32,30.92,0.08,22.53,6.452134158097126,9.62964171916997
1986-05-05,43.23,22.7,33.06,0.0,15.51,8.059550432410541,9.116345558964653
1986-05-06,45.17,27.26,35.38,0.0,11.56,9.06064290416416,8.157223526616933
1986-05-07,45.15,25.25,35.7,0.0,11.24,9.078813946497458,7.579317883301233
1986-05-08,43.84,25.22,34.83,0.0,13.33,8.316682993384426,10.934109738716323
1986-05-09,43.69,26.56,34.98,0.02,16.16,8.107148932860243,9.168419259856078
1986-05-10,42.39,26.38,34.65,1.57,18.46,7.414383764480333,7.2235134870030855
1986-05-11,41.85,25.59,33.84,1.74,17.28,7.3063008884630545,7.733181746907501
1986-05-12,43.69,24.64,34.13,2.99,24.36,7.801121260157627,8.380248316941838
1986-05-13,44.44,26.0,35.28,0.0,20.84,8.258886953790022,9.24296584066693
1986-05-14,43.95,25.89,35.67,0.0,17.2,8.200991472667964,8.593883625679146
1986-05-15,45.92,27.81,37.24,0.19,12.38,9.314411795595905,8.545281103770764
1986-05-16,45.69,27.82,37.37,0.08,13.19,9.164038517431116,7.226045159136985
1986-05-17,44.29,27.57,35.57,0.06,14.02,8.48780377632938,10.152174378649539
1986-05-18,43.89,27.51,35.63,0.67,13.01,8.354673796148562,9.402609680394955
1986-05-19,41.09,24.79,32.44,0.0,12.85,7.223906507630093,9.386880378285598
1986-05-20,38.86,20.93,30.01,4.85,22.63,6.142847638418729,9.829025884758948
1986-05-21,35.82,21.68,28.2,0.42,15.83,5.370576955313204,7.833864038340788
1986-05-22,36.64,20.47,28.43,3.86,24.89,5.301588988903901,7.918429476182571
1986-05-23,38.59,20.19,29.37,0.0,18.88,6.209779535122036,8.605070147920753
1986-05-24,41.85,21.54,31.97,0.0,12.66,7.618369506650738,10.05957050345341
1986-05-25,42.93,24.03,34.22,0.0,10.78,8.092656886622075,7.251435783825757
1986-05-26,44.22,27.64,36.09,0.0,13.15,8.487362649943147,7.308148605471143
1986-05-27,40.38,29.39,34.29,2.35,22.13,6.417952682308893,9.301340373259173
1986-05-28,38.84,25.71,32.82,2.64,34.28,5.402229078192613,6.958778653591476
1986-05-29,39.63,25.68,32.79,0.02,23.81,6.126811431134162,6.585708533359106
1986-05-30,38.96,24.91,32.72,0.01,22.11,5.939690670979514,6.990634823666383
1986-05-31,38.85,26.11,32.46,2.37,23.3,5.8800084498898615,7.167024685997893
1986-06-01,38.55,22.87,30.99,2.28,26.6,5.74570395173615,8.94153530747124
1986-06-02,39.21,21.98,30.88,5.02,33.56,5.727992725063484,8.578726122773736
1986-06-03,40.54,23.65,32.73,0.0,26.94,6.387854215787697,7.409682302864737
1986-06-04,39.38,25.62,32.73,1.61,24.07,6.008066854006059,6.41480681382811
1986-06-05,41.51,24.99,33.36,0.03,22.01,6.949898636569852,10.434131849701341
1986-06-06,42.0,24.82,33.68,0.12,19.67,7.288163808187495,10.458620876424957
1986-06-07,43.32,26.27,34.95,0.03,17.04,7.910083247731281,8.262397486575125
1986-06-08,44.14,25.35,35.06,0.0,14.08,8.46508224973558,10.130028280058681
1986-06-09,46.15,25.06,36.18,0.01,12.45,9.48791373871746,12.313064788976567
1986-06-10,47.79,26.57,37.7,0.0,11.11,10.378586891617989,12.810523760095723
1986-06-11,44.12,28.47,36.88,0.0,15.89,8.206451542495385,11.801007984747265
1986-06-12,45.26,28.06,37.34,0.0,18.07,8.587867730395041,11.378872028006088
1986-06-13,45.83,29.02,38.08,0.0,20.14,8.760385788165292,9.76455739156414
1986-06-14,47.1,29.71,38.69,0.0,15.51,9.789544015853833,9.176098969326238
1986-06-15,46.25,31.16,39.44,0.0,11.01,9.447191396812304,6.994609957421393
1986-06-16,47.84,30.2,39.61,0.0,14.43,10.072709095532696,8.735445603257405
1986-06-17,46.43,31.98,39.69,0.0,17.22,9.090941340028733,8.951961855254018
1986-06-18,46.8,31.65,39.71,0.0,22.3,9.032205751653173,9.890448897992535
1986-06-19,48.95,31.59,40.94,0.0,15.22,10.668232387006697,8.510224745615098
1986-06-20,50.37,31.66,41.22,0.0,13.6,11.567451062431463,10.276853330509333
1986-06-21,46.71,32.94,39.79,0.0,22.43,8.93530339602945,11.165473372848917
1986-06-22,46.54,33.98,40.29,0.0,25.8,8.491772575477762,9.900079495957886
1986-06-23,47.27,34.9,41.14,0.61,25.81,8.799014053523194,8.132606177018305
1986-06-24,46.86,34.2,40.29,1.68,28.76,8.530131106438805,8.659128778633644
1986-06-25,42.3,33.14,37.15,7.77,43.08,5.683514705006524,7.781655231594311
1986-06-26,38.21,31.52,34.63,15.41,51.35,3.919674737786034,4.873537905126059
1986-06-27,37.46,27.22,32.65,3.18,56.33,3.7246649965676597,5.171538717053039
1986-06-28,41.67,29.95,35.62,0.11,42.74,5.697792359614491,8.094407829156719
1986-06-29,34.19,29.11,31.56,5.43,54.56,2.8626976004564533,5.555025021266259
1986-06-30,36.38,26.19,31.51,10.12,58.75,3.454116961738198,5.3336259070747545
1986-07-01,35.92,27.8,31.95,4.88,52.41,3.494391836710102,5.0361759453767885
1986-07-02,37.98,27.01,32.26,2.84,49.69,4.310970536174714,5.57180866930671
1986-07-03,39.68,26.52,33.04,0.0,43.32,5.181563518444497,7.488224806331896
1986-07-04,41.78,26.88,34.46,0.0,37.75,6.169391512560468,8.834875076450174
1986-07-05,41.52,28.41,35.13,0.0,41.76,5.734596354179233,8.747328384031686
1986-07-06,42.36,30.02,36.11,0.0,40.78,6.018456931431983,8.833602884718184
1986-07-07,40.53,30.5,35.31,5.5,42.9,5.232260262383363,7.035025543234766
1986-07-08,38.15,29.33,33.72,10.64,52.56,3.997455533304361,4.45549977163712
1986-07-09,37.9,27.8,32.9,8.19,54.75,3.940249921162123,7.486878983547809
1986-07-10,39.12,26.5,32.55,5.51,53.0,4.549627476722165,6.514153974899582
1986-07-11,37.17,28.01,32.79,12.91,53.46,3.740350378652211,6.136453041888614
1986-07-12,38.29,28.17,33.05,8.61,52.38,4.168065434672792,6.866222892111514
1986-07-13,40.99,28.0,34.18,0.0,46.45,5.426779518115014,7.568494565028076
1986-07-14,41.35,28.52,35.18,0.0,43.42,5.5963485745377035,6.959097268896336
1986-07-15,41.47,29.66,35.81,0.0,42.71,5.581017865761394,7.219038576027622
1986-07-16,43.49,28.98,36.54,0.0,39.41,6.6420438836060764,6.806253760551147
1986-07-17,43.02,29.74,36.48,0.16,43.93,6.155477259684795,8.207527977096177
1986-07-18,40.25,29.8,34.27,1.97,48.02,4.944351348316289,8.558998644444078
1986-07-19,38.01,27.85,32.83,0.77,54.01,4.026020061980562,7.39491154891122
1986-07-20,39.72,28.08,34.07,1.05,48.98,4.750078040791623,7.297883366798553
1986-07-21,40.24,29.47,34.47,2.6,47.66,4.960465432410379,5.157200064251314
1986-07-22,36.37,28.25,32.26,3.06,54.33,3.5170198607381162,6.584642517426524
1986-07-23,39.18,26.88,32.91,2.17,54.58,4.483885163345775,6.932353127599576
1986-07-24,37.3,28.26,32.83,2.58,52.27,3.8308654498254704,4.603582687626639
1986-07-25,37.55,28.08,33.03,2.34,51.76,3.930489445192588,5.904205002121686
1986-07-26,38.72,27.92,32.94,1.63,53.85,4.275189815283483,7.2215955399912515
1986-07-27,36.02,26.8,30.75,2.97,58.14,3.4359674025552747,6.679185645995457
1986-07-28,36.09,26.77,31.38,8.28,57.37,3.387087919683897,6.77769044339847
1986-07-29,38.51,26.79,31.91,2.74,55.95,4.263993205748973,7.449224713989487
1986-07-30,38.4,26.3,32.39,0.2,55.08,4.211243261105835,6.089908831300353
1986-07-31,34.63,28.05,31.16,0.1,59.41,2.8405103274083263,3.813914397376342
1986-08-01,32.32,26.16,28.58,14.4,74.61,1.9406647717550123,4.411409072777701
1986-08-02,35.55,25.0,30.01,22.73,70.77,2.8793412192249157,5.446166714594513
1986-08-03,37.37,27.62,32.2,0.24,57.93,3.6949438473679472,5.530088928584731
1986-08-04,37.06,27.33,31.7,2.51,56.36,3.7215010932448207,5.401793317600568
1986-08-05,36.14,26.04,31.25,2.55,60.96,3.2793481989423525,6.476301348608069
1986-08-06,37.01,27.44,32.12,0.07,57.77,3.5855690202670454,6.065042333118405
1986-08-07,35.41,28.44,31.59,0.44,59.36,3.027422249302352,5.933307517280139
1986-08-08,36.82,26.87,31.91,16.43,57.34,3.564786630973857,5.322832490519248
1986-08-09,38.28,26.8,32.45,5.48,59.66,3.9399827403709637,7.060941480900337
1986-08-10,39.8,27.58,33.61,0.54,54.97,4.571769989713849,6.522673484228654
1986-08-11,39.72,28.31,33.31,0.0,55.36,4.540669234935857,7.230289670968404
1986-08-12,40.73,27.68,34.11,0.0,52.03,5.005728977354565,6.777574182510829
1986-08-13,34.55,27.69,31.33,3.35,62.09,2.6680921268146114,6.290636729033221
1986-08-14,35.47,25.86,30.94,15.16,66.28,2.8696294497796146,5.74626974491293
1986-08-15,36.16,27.58,31.85,2.37,62.59,3.1065317328033135,5.81971757566634
1986-08-16,39.35,27.89,33.31,1.52,56.84,4.346589186696519,6.256747942093993
1986-08-17,39.03,27.37,32.99,1.54,56.03,4.305155848426143,6.121966328434599
1986-08-18,38.78,28.04,33.16,1.21,54.07,4.24761058340993,6.728709292884321
1986-08-19,38.08,27.73,32.62,0.1,54.86,4.051148209014219,6.070511991155676
1986-08-20,39.04,27.48,32.54,0.13,54.28,4.456164124217336,6.909180694395868
1986-08-21,35.54,26.41,31.36,12.63,59.15,3.1374510928682877,5.6894283656343
1986-08-22,38.57,27.18,32.47,0.74,55.03,4.2609832880540175,6.115498253252869
1986-08-23,39.49,26.81,32.31,1.71,55.31,4.631829029982928,6.585212056230818
1986-08-24,39.41,26.09,32.11,0.82,51.76,4.877122471261749,6.612416012432016
1986-08-25,39.4,24.08,31.71,0.0,42.11,5.330509464747676,6.952409792986101
1986-08-26,38.92,24.06,31.46,0.01,42.69,5.1186798299948,6.7700626182133625
1986-08-27,38.98,24.29,31.37,0.0,43.6,5.098414230077112,6.64117159914337
1986-08-28,39.34,25.1,32.02,0.0,42.71,5.216476569470833,6.448800766285386
1986-08-29,39.5,25.15,32.05,0.0,43.88,5.198939366232471,6.951692527020108
1986-08-30,39.63,24.59,31.92,0.0,41.16,5.420075603949369,7.031344238225718
1986-08-31,39.38,23.9,31.56,2.13,43.9,5.249801726873805,6.710144560628831
1986-09-01,40.01,24.64,32.08,0.0,39.2,5.645443013514391,7.16373839554087
1986-09-02,40.17,23.96,31.83,0.0,37.47,5.794680679129836,7.328937665536201
1986-09-03,40.37,23.62,31.82,0.0,35.53,5.954554172462837,7.956296471033607
1986-09-04,40.44,24.34,32.1,0.0,34.53,5.998830431082071,7.431539473118855
1986-09-05,39.8,23.89,31.74,0.0,34.58,5.793698077206053,5.8994146777303165
1986-09-06,39.89,24.64,31.56,0.0,33.77,5.878235699025874,5.98701456276656
1986-09-07,39.78,25.82,31.69,0.0,34.87,5.775063519093748,6.772766327853439
1986-09-08,41.21,24.72,32.35,0.0,29.61,6.594999319780348,7.104268815601895
1986-09-09,40.54,23.93,31.88,0.0,28.94,6.330114492246366,7.0754644359460395
1986-09-10,39.95,24.95,31.74,0.01,31.38,5.9699786697505735,6.300320974992771
1986-09-11,39.98,26.12,32.07,0.01,33.95,5.850276755874818,6.313501334254943
1986-09-12,39.09,24.06,31.13,0.0,41.76,5.239297198200591,6.104374919076109
1986-09-13,38.36,24.4,30.6,0.0,41.52,5.072381540446175,6.457778720622694
1986-09-14,34.78,22.87,28.43,10.53,47.01,3.813872907618262,4.885828614775919
1986-09-15,36.53,21.6,28.43,0.02,46.83,4.427003944349861,6.149183421181194
1986-09-16,37.35,21.7,28.89,0.0,41.42,4.874973700296765,6.2069365716077085
1986-09-17,39.05,22.43,29.76,0.0,34.9,5.7036383475764785,6.811099302239692
1986-09-18,39.98,22.4,30.64,0.0,30.24,6.184323646460934,6.510782620001853
1986-09-19,40.16,21.94,30.2,0.0,30.21,6.2521179764645485,7.0402042253373915
1986-09-20,40.07,21.8,30.5,0.0,29.72,6.224513145078966,6.724609619141546
1986-09-21,39.56,24.07,31.07,0.0,28.62,6.012978005646296,4.839202477916011
1986-09-22,38.87,22.42,30.19,0.0,30.05,5.760189784166463,6.007798646874567
1986-09-23,36.33,22.84,29.59,5.49,36.43,4.595165804774023,5.347767245470594
1986-09-24,36.48,21.59,29.05,5.04,47.24,4.348372446006868,4.514183506314157
1986-09-25,36.45,22.2,29.24,0.0,47.23,4.2952202182507815,4.945627113592745
1986-09-26,35.45,22.68,28.97,0.04,50.49,3.8470925979412613,4.228611406644968
1986-09-27,33.74,23.52,28.24,1.63,52.4,3.2902235313579213,4.976125358365377
1986-09-28,33.55,22.74,27.82,0.27,56.39,3.145393205148957,4.282321455582896
1986-09-29,30.11,22.87,26.27,13.93,61.44,2.198120945708296,2.752153320276658
1986-09-30,34.32,21.29,27.74,0.0,49.28,3.684007651435053,4.374331841746314
1986-10-01,34.61,20.7,27.89,0.0,43.92,3.9430004724448233,4.5933181206505385
1986-10-02,35.46,21.36,27.95,0.0,42.23,4.2596240968716845,4.239538381709614
1986-10-03,36.16,20.81,28.81,0.0,39.69,4.518932437957448,4.35135290830355
1986-10-04,36.59,20.98,28.76,0.0,38.95,4.6950997949473185,4.806139530254947
1986-10-05,36.25,22.19,28.78,1.04,40.45,4.509455713484574,4.3869173580172784
1986-10-06,35.56,21.36,28.22,4.25,48.52,4.071636125547322,4.362831072526507
1986-10-07,35.75,22.03,28.46,2.95,44.25,4.255149450096147,4.599875197054333
1986-10-08,36.44,21.12,28.77,0.0,39.86,4.596955199196442,4.536758444800918
1986-10-09,36.3,21.23,28.89,0.0,35.83,4.710101751669382,4.665647244886764
1986-10-10,35.93,19.47,27.35,0.0,36.92,4.683657079141815,4.614329983267954
1986-10-11,36.96,19.26,27.44,0.0,37.5,5.025768901423026,4.834516962829764
1986-10-12,36.15,19.52,27.3,0.02,35.51,4.809022807232366,4.934727094183468
1986-10-13,35.89,19.09,26.79,0.0,34.9,4.7679878092895756,4.715494668232772
1986-10-14,36.6,20.61,27.61,0.0,32.1,5.0400311272208915,4.6159434204989225
1986-10-15,35.76,20.21,26.94,0.09,32.88,4.772780438024581,7.2092369030775405
1986-10-16,33.36,19.89,26.07,0.07,38.92,3.881422394236522,6.118272895056561
1986-10-17,33.08,19.08,25.26,0.31,41.68,3.8190291918346713,4.5095879529980465
1986-10-18,31.91,17.03,24.25,1.64,37.24,3.6860419281988146,3.29567180357385
1986-10-19,32.1,18.04,23.76,0.16,35.07,3.827000289688585,4.199228485732768
1986-10-20,31.58,15.22,22.22,0.0,33.95,3.8223506639976303,5.210981056361442
1986-10-21,32.13,13.86,21.97,0.0,31.63,4.053294310792556,5.239486892335033
1986-10-22,32.48,15.84,22.8,0.0,25.02,4.288989064440038,4.142502148659361
1986-10-23,31.65,15.95,22.57,0.0,24.27,4.063510189572233,3.803861386973812
1986-10-24,32.27,16.37,23.15,0.0,21.87,4.274471372259342,3.470468931234441
1986-10-25,32.82,16.36,22.85,0.0,23.08,4.399632454523655,4.623990121767234
1986-10-26,33.45,14.72,22.59,0.0,25.09,4.558300983486479,4.918574665260479
1986-10-27,34.48,17.35,24.11,0.0,21.07,4.897409108915376,4.414522848571616
1986-10-28,34.74,16.9,24.1,0.0,21.6,4.957317207351187,4.404953414031852
1986-10-29,34.25,16.38,24.02,0.0,22.34,4.793975507608819,4.171974537436671
1986-10-30,34.52,16.58,24.18,0.0,21.75,4.874565430664165,4.405371299651854
1986-10-31,34.48,17.96,24.74,0.0,22.09,4.831527641736653,4.699895966242709
1986-11-01,33.8,16.82,24.14,0.0,22.1,4.659222042668997,4.058671585230519
1986-11-02,32.87,15.5,23.2,0.0,21.83,4.422490148690106,4.950585549877991
1986-11-03,32.85,14.88,22.61,0.0,22.71,4.444748039805137,4.573806814788373
1986-11-04,33.12,15.5,22.73,0.0,19.97,4.5626571820859825,4.621144328823575
1986-11-05,32.79,16.3,22.69,0.0,17.65,4.534088040033972,4.7927268984741405
1986-11-06,32.75,15.99,22.74,0.0,16.32,4.545216124264217,4.494767057973868
1986-11-07,32.76,15.7,22.64,0.0,14.72,4.59301395189957,3.4883277145223937
1986-11-08,31.55,14.62,22.42,0.0,14.54,4.282134247257991,3.171177128607264
1986-11-09,32.41,15.8,22.44,0.0,13.49,4.511348586182856,4.023173136138611
1986-11-10,33.01,14.46,22.65,0.0,16.05,4.618147712887659,4.6314258243330695
1986-11-11,33.23,15.3,23.39,0.0,16.31,4.657303426878076,3.54585091223627
1986-11-12,32.85,13.88,22.64,0.0,18.25,4.521957665538372,4.168372962704866
1986-11-13,32.41,13.81,22.34,0.0,19.58,4.375327804222468,3.7379090824181143
1986-11-14,32.31,14.02,22.86,0.0,22.87,4.235420552200118,3.914645336505627
1986-11-15,32.38,15.39,23.07,0.01,26.19,4.154209758269696,5.141874589015565
1986-11-16,30.0,15.53,22.19,1.31,29.51,3.4826055317027227,3.4075689363269386
1986-11-17,29.0,13.51,19.85,0.43,29.7,3.377322117088006,4.831440601679821
1986-11-18,28.39,9.68,17.97,0.0,26.55,3.4130418034403163,4.445799388898245
1986-11-19,27.86,9.5,17.39,0.0,17.95,3.433658706184672,4.138786521379107
1986-11-20,28.03,9.62,17.92,0.0,16.43,3.486938033576475,4.5586220248798055
1986-11-21,28.05,13.12,20.16,0.0,14.25,3.4594373958301103,2.9152248373585503
1986-11-22,30.06,14.61,21.15,0.0,16.64,3.8525481602578795,3.243257704022338
1986-11-23,28.9,14.51,19.76,0.0,21.49,3.5190085326668368,3.82505674792979
1986-11-24,26.42,12.49,17.71,0.0,23.49,2.9946141376167787,3.866102258173657
1986-11-25,23.58,13.09,17.48,0.0,23.55,2.446634580929113,2.711183273325329
1986-11-26,26.65,14.95,19.2,1.11,25.48,2.948347519018859,5.269230301860019
1986-11-27,24.77,12.95,17.2,1.85,33.61,2.498557308737264,4.15042931923537
1986-11-28,26.28,9.79,16.96,0.0,37.6,2.7497909164956913,3.2332620048841783
1986-11-29,26.5,12.05,17.11,0.09,35.63,2.8105681859075586,3.2568873706077275
1986-11-30,24.8,8.33,15.68,0.0,38.97,2.4913187170606466,2.785513278611203
1986-12-01,24.98,8.27,15.19,0.85,42.45,2.4948718676344264,3.856927317661093
1986-12-02,25.04,7.97,15.17,0.0,38.05,2.575994511626442,3.698476146970224
1986-12-03,25.73,9.64,15.95,0.0,35.51,2.717939897950455,3.563478488128061
1986-12-04,27.04,9.96,17.13,0.0,30.84,3.0252521517477,3.7709260236936095
1986-12-05,24.29,9.11,16.06,0.0,30.87,2.5280454334433786,3.387311350752748
1986-12-06,26.75,10.8,17.71,0.0,28.62,2.981661060374551,2.9213924873651593
1986-12-07,26.35,12.53,18.25,0.0,31.63,2.797771394427608,2.376622739774102
1986-12-08,24.54,12.3,17.48,0.0,31.31,2.4835455074132966,2.3921630179991813
1986-12-09,25.68,11.66,17.28,0.0,25.25,2.828138033101573,3.856499666222635
1986-12-10,25.93,10.08,17.33,0.0,27.0,2.8401030104300204,4.454158164972938
1986-12-11,25.32,13.71,18.22,0.0,27.32,2.6793904124283685,5.5462057514325895
1986-12-12,24.13,10.94,16.31,0.17,36.13,2.364188425338696,4.867139707121333
1986-12-13,21.93,7.97,14.5,8.59,43.03,1.9788005503043689,3.4652585871161294
1986-12-14,18.96,3.15,9.63,1.14,32.72,1.8344565107535136,2.663382569073743
1986-12-15,15.97,2.91,8.35,0.12,35.32,1.444137076085206,2.349757691966124
1986-12-16,17.48,1.64,8.2,0.01,43.81,1.54627231087119,2.61873073516568
1986-12-17,18.89,2.89,9.53,0.0,48.31,1.6514249374943597,2.2650926596978564
1986-12-18,17.97,3.66,9.15,0.0,44.69,1.574478765871136,2.4164155645399203
1986-12-19,17.51,2.74,8.75,0.0,42.53,1.5463050819246367,2.0236136421915076
1986-12-20,18.17,1.63,8.78,0.0,44.01,1.6204824377630827,2.407113251481371
1986-12-21,17.77,4.83,10.84,0.0,40.55,1.5280072399723397,1.568377819794237
1986-12-22,19.72,6.02,11.22,0.0,38.73,1.8069676616064752,2.5518991420258947
1986-12-23,20.79,3.79,10.81,0.01,46.57,1.893986174557973,2.366045805344725
1986-12-24,20.69,5.46,11.17,0.0,44.01,1.896007461420422,2.1765057108481187
1986-12-25,21.39,4.69,11.3,0.0,43.28,2.00916614315517,2.7210294084205384
1986-12-26,20.85,3.09,10.96,0.0,42.07,1.9675678780041566,2.580110795237658
1986-12-27,21.25,5.52,11.44,0.0,35.65,2.0739221385790656,2.6281249110759553
1986-12-28,20.94,3.63,10.42,0.0,36.13,2.055396724707891,2.92751543389428
1986-12-29,21.18,5.31,11.32,0.0,34.62,2.0857205610558522,3.154275728704459
1986-12-30,21.77,4.45,11.45,0.0,33.45,2.1868745324555774,2.7965135937871017
1986-12-31,21.55,4.35,11.46,0.0,37.45,2.115271967729768,2.7740665158964894
1987-01-01,21.92,6.15,12.21,0.0,31.9,2.2218901818736168,3.6041366707950786
1987-01-02,21.71,4.4,11.47,0.0,35.67,2.148739556736613,2.995142193450317
1987-01-03,21.05,5.14,11.85,0.0,39.67,1.9799881359018845,2.1245714785745147
1987-01-04,23.36,7.9,13.92,0.0,32.65,2.394572369279576,2.6995744017490915
1987-01-05,19.83,6.89,11.44,0.07,45.19,1.714885694411541,2.425358448498796
1987-01-06,24.83,7.49,14.86,0.08,35.45,2.5897985536427237,2.796126417928231
1987-01-07,25.06,8.88,15.3,1.31,37.33,2.573630474899307,2.779187696722814
1987-01-08,25.38,9.37,15.57,0.18,37.27,2.6249317914206585,2.837484326747985
1987-01-09,24.0,9.08,15.23,0.04,37.32,2.3757794683070657,2.787877415368227
1987-01-10,24.07,9.62,15.77,0.01,37.11,2.3703974148300806,2.697250524310083
1987-01-11,23.93,10.01,16.24,0.45,44.82,2.187431317337184,2.4404518916096447
1987-01-12,22.72,10.22,15.77,0.01,65.48,1.667322409612247,2.2784751433136123
1987-01-13,18.17,11.54,14.28,0.03,66.27,1.0170335746884154,1.5534935744761835
1987-01-14,21.38,8.56,13.64,0.0,65.67,1.581670804504713,2.330134328325943
1987-01-15,21.44,4.87,12.62,8.68,59.92,1.7570851771659175,2.4645941403441984
1987-01-16,21.71,8.77,14.56,0.0,50.21,1.8119202339221547,1.8004544113506762
1987-01-17,13.91,7.86,11.3,11.67,87.09,0.42248447393866484,1.0332660913419884
1987-01-18,20.91,6.73,11.8,0.0,69.07,1.5688041424422616,2.5882857776028576
1987-01-19,21.77,4.41,11.64,4.72,54.42,1.9213973479365742,2.7146915413336705
1987-01-20,23.51,4.13,11.92,0.0,43.93,2.3520372895960673,3.700835790608397
1987-01-21,22.53,3.3,11.93,0.0,38.49,2.2463854597806323,2.973387739118803
1987-01-22,22.45,6.54,13.96,0.0,29.67,2.2732226981350587,2.2760611080782747
1987-01-23,23.24,6.44,12.66,0.0,34.11,2.3934755615572714,3.646830122265779
1987-01-24,23.3,2.86,11.31,0.0,41.67,2.3653153128195106,3.703369610262688
1987-01-25,23.27,3.21,11.96,0.0,39.45,2.3619842888575007,3.4933528143482717
1987-01-26,23.9,7.85,14.26,0.0,30.67,2.5010807509301802,2.7646097832349263
1987-01-27,24.1,6.86,15.5,0.0,29.26,2.5177037454312003,2.303147818289808
1987-01-28,24.25,8.31,14.98,0.0,33.47,2.493717832985887,2.9656509063438903
1987-01-29,24.3,6.73,14.81,0.0,35.16,2.495240689291489,2.902818180392025
1987-01-30,25.59,9.34,16.37,0.0,31.26,2.739194409553091,2.767941721730348
1987-01-31,25.98,9.83,16.94,0.0,32.9,2.76982957198687,2.710793832169748
1987-02-01,26.13,10.41,17.32,0.0,37.15,2.7001848542350904,3.454627960905387
1987-02-02,26.32,10.7,18.31,0.0,33.92,2.7535220963956757,2.6265435866266653
1987-02-03,25.26,10.67,16.68,0.0,38.19,2.5368716628494026,2.7793087439901027
1987-02-04,26.16,8.34,16.14,0.0,40.06,2.722783391491582,3.8076062731314297
1987-02-05,26.83,7.73,15.98,0.0,36.81,2.924890246565969,4.168694775531181
1987-02-06,27.36,10.68,17.27,0.0,32.38,3.061386595212502,3.307503661964101
1987-02-07,26.96,9.04,17.66,0.0,30.48,3.00364986176629,3.1838758511787453
1987-02-08,27.12,8.56,16.84,0.0,32.38,3.0252609421803194,4.665086352195917
1987-02-09,26.61,8.95,16.42,0.0,34.53,2.8939206648342806,3.2541155323129733
1987-02-10,25.03,9.2,15.42,0.0,34.55,2.620110709231716,3.6407962537547047
1987-02-11,25.37,9.94,16.56,0.0,28.01,2.756624098752881,3.494700173889313
1987-02-12,24.82,11.39,17.11,0.0,25.96,2.6566343194962507,3.0725781068896962
1987-02-13,25.66,8.95,17.01,0.0,29.43,2.765494565568774,3.094619908052284
1987-02-14,27.39,12.19,18.1,0.0,28.75,3.1020926472199997,3.371658953178078
1987-02-15,27.56,12.07,18.03,0.27,31.35,3.0843882072902735,5.376562397457666
1987-02-16,26.85,9.1,17.42,0.28,43.08,2.7725456876711294,4.18466036284991
1987-02-17,25.55,10.15,16.89,3.43,51.44,2.397080160104933,4.2290931087577075
1987-02-18,25.77,10.27,16.86,2.08,51.92,2.437588178656698,4.5244754014846125
1987-02-19,26.9,10.94,17.97,1.29,43.89,2.703916538483401,3.7355658439046415
1987-02-20,27.72,12.12,18.94,0.0,46.96,2.7699487881626927,4.4253978181896185
1987-02-21,24.09,11.25,16.9,0.0,50.71,2.0727055432984614,3.535496511036898
1987-02-22,24.66,10.87,16.12,0.0,49.82,2.23976019428557,3.824819837065421
1987-02-23,28.97,10.87,19.47,0.0,43.65,3.0898423733320954,3.8793281774166934
1987-02-24,28.99,14.39,20.02,3.36,51.87,2.8798866337995914,5.019014662097777
1987-02-25,24.78,11.37,17.11,0.39,58.86,2.1430673571689285,3.3534560846807904
1987-02-26,23.42,10.59,16.22,9.37,63.42,1.789688979060239,3.25154920488969
1987-02-27,25.11,11.11,17.22,0.0,50.42,2.257360828390776,3.558337729965274
1987-02-28,26.06,11.18,17.57,0.0,45.6,2.5173744078368983,3.6373072937448465
1987-03-01,27.07,9.77,17.79,0.0,44.93,2.7441510123446218,4.3977676664701235
1987-03-02,28.56,12.35,19.7,0.0,35.56,3.1525385038008293,3.5213532404929877
1987-03-03,29.53,13.93,20.75,0.0,30.82,3.4278975540226653,4.513199564020559
1987-03-04,30.39,11.11,20.63,0.0,34.72,3.576288401981757,4.193802995856159
1987-03-05,26.25,12.54,18.38,0.0,40.6,2.5825914197165503,3.957783456512502
1987-03-06,32.16,13.63,22.14,0.0,32.95,4.012298425720051,4.945182792486589
1987-03-07,31.87,13.67,21.68,0.0,36.57,3.851899520005127,5.19685643489215
1987-03-08,30.29,12.99,20.86,0.0,42.65,3.35482055039384,4.850132375044778
1987-03-09,30.56,12.82,20.77,0.01,39.53,3.5126077629422987,4.971588854213135
1987-03-10,30.13,12.78,20.89,0.0,35.65,3.474052454899961,4.683326440379618
1987-03-11,29.17,13.52,20.96,0.1,32.28,3.295994123134734,2.927863239399095
1987-03-12,29.23,13.57,20.67,0.0,33.31,3.3062883176039244,3.898517241999517
1987-03-13,27.1,12.48,19.06,2.62,44.17,2.6582986397424833,4.400528536843656
1987-03-14,30.01,12.04,20.46,0.0,45.21,3.25049958258529,5.232645921116435
1987-03-15,29.8,13.12,21.39,0.4,47.66,3.0832731789063548,4.994206257430195
1987-03-16,32.82,16.46,24.19,0.03,39.86,3.84540846493754,5.276935019085261
1987-03-17,32.17,14.64,22.72,0.0,38.69,3.8815958055379385,6.095886103386978
1987-03-18,33.37,13.3,22.91,0.01,31.24,4.378259415347814,6.4332851324374785
1987-03-19,32.96,16.06,23.6,0.88,32.35,4.1688367213582005,4.164716745538784
1987-03-20,32.12,14.82,23.13,0.05,37.02,3.896365129523024,5.419577829699223
1987-03-21,32.79,15.91,23.88,3.24,35.66,4.028943875163574,5.549634346008315
1987-03-22,32.75,17.02,24.21,2.38,39.31,3.8651523420534453,5.504815920000714
1987-03-23,28.95,18.06,22.21,1.86,51.54,2.6505492832529924,5.146208708400655
1987-03-24,32.05,14.61,22.77,0.0,47.74,3.5816044135795257,5.664682951465436
1987-03-25,34.99,15.33,24.59,0.0,37.78,4.5721110208877915,5.815924032582055
1987-03-26,33.81,16.8,24.49,0.76,42.09,4.07502571336213,5.956277609833864
1987-03-27,33.84,17.19,24.52,0.16,42.21,4.083835980085299,6.141743300524091
1987-03-28,33.33,16.76,24.39,0.01,36.71,4.104122351550846,5.905294163814861
1987-03-29,35.53,18.01,26.11,0.0,30.8,4.862126657676095,6.307815867689083
1987-03-30,35.19,17.31,25.52,0.0,34.82,4.6452170147720935,6.756510093147834
1987-03-31,36.88,18.65,27.6,0.0,32.59,5.142745813241942,6.475767511919718
1987-04-01,37.2,19.88,27.89,0.0,33.8,5.1915490619806075,6.894546813002447
1987-04-02,37.05,22.37,28.87,0.0,27.54,5.259390376098731,6.095023651278757
1987-04-03,36.34,21.73,28.44,0.0,27.32,5.058409271783556,5.377814547311333
1987-04-04,36.73,20.4,27.98,0.26,26.86,5.269162339836486,6.918643259975847
1987-04-05,36.1,17.62,26.64,1.13,31.06,5.055898664469489,8.088343241683274
1987-04-06,37.47,17.14,27.11,0.22,28.17,5.587204714891342,8.933650438274588
1987-04-07,39.12,20.47,29.3,0.0,23.26,6.195483235537828,7.339951989846894
1987-04-08,38.52,22.64,30.25,0.28,24.26,5.833931695344917,6.889503377541368
1987-04-09,34.91,19.75,27.19,0.02,24.91,4.816875287643243,8.58805837684707
1987-04-10,33.75,14.49,24.02,0.66,22.63,4.689064016991155,7.4725785086942915
1987-04-11,34.52,15.29,24.79,0.09,20.91,4.936775137451177,7.157892841453939
1987-04-12,35.54,16.62,25.91,0.0,15.83,5.319972333120519,7.301831775960553
1987-04-13,34.72,16.36,25.61,0.0,17.8,5.0169794005116,7.733138240968807
1987-04-14,36.56,17.08,26.77,0.0,19.31,5.528393797502872,7.989246280480048
1987-04-15,37.5,17.62,27.39,0.0,22.16,5.7360064554027,7.502999775430384
1987-04-16,38.25,19.31,28.76,0.0,24.01,5.865991389686988,7.260413005800244
1987-04-17,40.9,21.87,31.24,0.0,18.14,6.986542928110735,7.6763383864254795
1987-04-18,40.49,20.83,30.5,0.0,20.53,6.784778322308815,8.048105704917246
1987-04-19,41.52,21.14,30.59,0.0,19.09,7.238287899669553,8.454001867594261
1987-04-20,42.85,22.07,32.94,0.0,13.63,7.930051789717886,7.060813259164308
1987-04-21,43.89,23.46,33.64,0.0,11.13,8.533736562002847,7.238348684033267
1987-04-22,42.65,22.07,32.89,0.0,9.8,8.019514996679877,7.120471613610174
1987-04-23,42.08,25.11,32.67,0.03,11.93,7.658601718616781,12.29766421702767
1987-04-24,39.38,20.65,30.05,0.05,21.91,6.35855709240069,8.160695073152318
1987-04-25,38.8,22.95,30.34,0.08,18.3,6.2161464717696715,6.460001885044424
1987-04-26,39.85,21.51,31.31,0.0,13.18,6.752012341907524,6.414585087675467
1987-04-27,41.72,21.1,32.38,0.0,10.75,7.601776548190951,7.506654482354835
1987-04-28,41.56,20.74,31.21,0.0,12.29,7.49320104524025,9.073016626559667
1987-04-29,42.25,22.77,32.33,0.0,20.59,7.441010588115069,10.140570102278536
1987-04-30,41.26,23.24,32.53,0.0,15.54,7.170221729385066,8.889609750755735
1987-05-01,38.57,23.76,31.71,0.89,20.97,5.888127153914898,9.685200757442777
1987-05-02,32.44,19.98,26.79,19.37,45.74,3.312643188031563,6.5978573122458615
1987-05-03,32.17,17.42,24.5,0.0,36.95,3.808375304824143,5.873152016740446
1987-05-04,34.27,17.88,26.64,8.07,34.24,4.344390422452522,5.933182871536146
1987-05-05,37.16,19.39,28.84,0.0,28.8,5.283672480732822,6.838422115840147
1987-05-06,35.34,22.15,27.89,0.0,31.97,4.621611168381332,9.308744968424959
1987-05-07,34.64,20.65,27.33,3.54,47.37,3.8754285246946294,6.720397698064027
1987-05-08,30.72,21.54,25.43,7.29,60.91,2.4861966721970097,6.1861588399561
1987-05-09,28.64,18.68,23.5,7.32,67.93,2.0000506170316625,5.739875958785292
1987-05-10,34.28,16.96,25.99,0.28,51.47,3.8763296423755182,5.948806033003001
1987-05-11,35.78,20.22,28.19,1.11,37.68,4.539391435092128,6.343341344558163
1987-05-12,36.03,21.08,28.37,0.9,34.35,4.690358223563096,6.9354995875406695
1987-05-13,34.92,21.64,27.84,2.21,36.74,4.309386593247101,5.84781937731086
1987-05-14,34.21,19.56,27.27,1.38,37.6,4.098433085123704,7.376303644116332
1987-05-15,37.58,20.48,28.97,0.0,33.67,5.262547406110904,7.677772036215419
1987-05-16,36.77,20.89,29.25,0.02,34.81,4.894352355286127,7.948653836819387
1987-05-17,37.14,22.43,29.89,0.0,33.11,5.042046383485366,7.787851874862286
1987-05-18,39.54,22.3,30.81,0.0,28.92,6.017244045238661,8.21577495913945
1987-05-19,41.46,23.0,32.68,0.0,28.34,6.717160297601658,8.228505564236215
1987-05-20,43.58,26.93,35.11,0.0,27.1,7.502756412678922,7.910235686181399
1987-05-21,42.81,28.39,35.12,0.0,27.55,7.108647473213956,7.5401775396798065
1987-05-22,38.84,27.02,32.62,0.02,33.58,5.347502418160912,7.280189457476307
1987-05-23,38.85,27.41,32.81,0.05,33.01,5.36557949992029,6.174099140778456
1987-05-24,37.76,24.41,30.76,1.35,31.83,5.223932469319752,9.278915863411376
1987-05-25,41.12,22.93,32.04,0.18,29.72,6.5619101402095374,8.795607226957266
1987-05-26,42.31,24.63,33.68,0.0,25.17,7.148399215769623,8.303068248234334
1987-05-27,43.04,25.6,34.42,0.0,22.99,7.544757091058382,8.793840682215437
1987-05-28,43.61,27.63,35.65,0.0,19.12,7.899792090129863,7.0708572072020806
1987-05-29,44.38,28.08,36.23,0.0,18.21,8.265430909891535,6.6824969369647835
1987-05-30,44.36,28.85,36.82,0.0,18.61,8.169201180960675,8.251798060607614
1987-05-31,45.02,30.6,37.82,0.03,20.24,8.331917172992954,9.836464016260088
1987-06-01,43.37,29.8,36.92,0.0,23.72,7.391220562183635,8.119117213513533
1987-06-02,41.55,26.8,34.75,32.13,40.81,5.990635971343217,6.464336296383736
1987-06-03,43.08,28.96,35.94,0.16,34.18,6.808056758163313,7.806928263292519
1987-06-04,40.88,27.51,34.08,0.0,35.05,5.997860534498968,9.633749394656737
1987-06-05,42.95,27.54,35.37,0.07,28.05,7.143623388633546,7.979317639915785
1987-06-06,45.43,28.23,37.36,0.0,20.77,8.652217155790558,8.16357817600654
1987-06-07,46.09,26.86,37.32,0.0,20.4,8.989343309745045,8.225943444719258
1987-06-08,47.29,28.51,37.9,0.0,23.04,9.395702290117685,9.144438692627507
1987-06-09,43.3,31.25,37.31,0.07,30.1,6.909239283089176,9.640742489370629
1987-06-10,37.98,28.86,33.57,7.89,39.91,4.571706258423216,6.465440153816495
1987-06-11,41.34,26.61,33.88,0.44,37.54,6.05837352430159,7.85086551181834
1987-06-12,41.82,27.37,34.64,1.33,33.26,6.406487180195059,7.916275128399399
1987-06-13,42.62,28.97,35.77,0.0,37.21,6.439307093121993,10.713375260950837
1987-06-14,43.35,29.24,36.3,0.07,37.59,6.721554853829499,10.623832649048529
1987-06-15,43.45,29.6,36.23,0.08,34.42,6.949274591338575,8.589508627479589
1987-06-16,43.39,28.95,36.32,0.1,28.2,7.182666011120402,8.287567047986961
1987-06-17,42.1,28.85,35.25,2.57,25.63,6.908323040618414,8.401607941130205
1987-06-18,44.51,28.29,36.06,0.44,21.82,8.168141858462155,10.141519405715366
1987-06-19,44.64,26.13,36.0,0.0,23.14,8.264623724917458,8.512546711174073
1987-06-20,44.8,30.9,37.26,0.0,24.85,7.983651508660359,10.182913428195116
1987-06-21,42.62,29.92,35.96,1.1,27.3,6.933383279663538,5.981197957658893
1987-06-22,42.44,28.86,35.75,2.77,30.99,6.690515408311728,7.3806777597031665
1987-06-23,42.91,27.11,35.38,0.0,25.94,7.21310336528068,9.032781272922277
1987-06-24,42.52,27.82,35.32,2.29,26.9,7.001618180223423,8.315478124534819
1987-06-25,44.56,27.97,36.41,0.0,23.52,8.049807739944299,9.407146441659222
1987-06-26,44.77,28.35,36.6,0.0,20.67,8.306056821678906,10.139982100007146
1987-06-27,46.35,27.74,37.55,0.03,16.7,9.305316673295371,10.131741912744147
1987-06-28,46.77,29.78,38.35,0.0,18.99,9.334606538209108,11.304290249532977
1987-06-29,47.57,30.57,39.36,0.0,17.46,9.760493436974862,12.661320958117912
1987-06-30,46.88,31.59,39.52,0.0,18.85,9.277842016944856,11.026785175504843
1987-07-01,47.38,32.79,40.17,0.0,20.05,9.417355000155561,11.787695580992887
1987-07-02,46.6,33.35,39.91,0.02,22.65,8.835766374248376,10.120539946016399
1987-07-03,47.44,32.04,39.95,0.0,19.94,9.474075451296066,10.520604855325429
1987-07-04,47.54,33.44,40.5,0.0,22.28,9.333981370976662,12.651291379037946
1987-07-05,46.61,33.83,40.03,0.0,25.83,8.596867682608854,12.112765590020414
1987-07-06,46.78,33.17,39.93,0.02,24.76,8.779741721724058,9.356274871779469
1987-07-07,44.95,32.83,39.07,1.69,25.46,7.823769064214884,6.114388388120446
1987-07-08,43.74,32.55,38.07,1.53,25.74,7.310295157563025,7.783294089070019
1987-07-09,45.04,32.55,38.56,0.04,25.01,7.9424342449170595,7.883466778188556
1987-07-10,44.75,32.36,38.59,0.08,24.6,7.827864716263132,7.097147442191744
1987-07-11,45.17,32.98,39.14,0.24,22.95,8.121118478715905,6.977777131754489
1987-07-12,43.96,32.46,38.32,0.23,23.9,7.539233061777633,6.123899736310984
1987-07-13,43.59,30.46,37.06,0.86,23.98,7.485044701389207,9.03042028683844
1987-07-14,44.49,28.64,37.2,0.32,20.59,8.142571611166714,6.898197937368664
1987-07-15,44.41,28.35,36.64,1.78,22.48,8.080663862313903,7.721486553997504
1987-07-16,43.95,30.25,37.0,0.74,29.55,7.345087309179625,10.572123813475464
1987-07-17,44.5,29.77,37.39,0.0,24.83,7.828255824831223,9.467153441030739
1987-07-18,44.5,31.32,38.06,0.19,25.56,7.70776158496209,9.999893018705542
1987-07-19,43.74,30.98,37.21,3.15,28.72,7.238987787194269,8.608049091928082
1987-07-20,44.48,30.45,37.51,0.25,28.57,7.590612518846436,8.892051521215027
1987-07-21,45.08,30.98,37.81,0.0,26.2,8.004600497543942,10.417475055591867
1987-07-22,44.82,32.1,38.37,0.0,26.16,7.78659359435838,10.497850272445888
1987-07-23,45.07,32.68,39.06,0.0,27.07,7.774210462631922,10.948669575479004
1987-07-24,41.5,33.23,36.61,0.0,34.68,5.893304018601322,9.280597383348596
1987-07-25,44.16,32.46,37.99,0.01,29.96,7.244585685847707,10.443342871829024
1987-07-26,42.02,32.13,37.0,0.02,33.0,6.169397767825783,5.192478388401154
1987-07-27,37.22,30.47,34.29,16.63,45.45,3.94172798207999,5.878428056430351
1987-07-28,40.48,29.19,34.51,0.01,45.46,5.196079225947777,8.013931831720752
1987-07-29,43.52,29.93,36.58,0.0,37.42,6.722774098696929,8.114419862076177
1987-07-30,44.22,29.9,37.07,0.21,35.18,7.11461599306738,8.760885065509292
1987-07-31,43.61,30.51,36.75,0.0,31.85,7.035125719069418,10.016151946690803
1987-08-01,45.16,29.86,37.03,0.0,28.09,8.044232521779922,9.306349641320558
1987-08-02,44.98,28.77,36.86,0.0,25.17,8.121245524285477,7.341450230321539
1987-08-03,44.76,30.23,37.27,0.0,26.22,7.893013522374245,7.096633122100805
1987-08-04,44.28,30.15,37.17,0.0,26.71,7.623248299984625,6.8866583243943635
1987-08-05,43.64,30.02,36.61,0.59,26.22,7.419655138843106,7.334837946861394
1987-08-06,39.45,27.3,33.43,5.73,43.31,5.043007041330327,7.528280762603293
1987-08-07,40.7,29.42,35.1,0.0,41.02,5.4136057173666785,6.348013611859302
1987-08-08,41.87,30.56,35.98,0.16,40.7,5.819279567390141,6.973585748778339
1987-08-09,43.16,31.15,37.26,1.92,32.31,6.745792742729247,6.974197286716199
1987-08-10,45.88,31.17,38.2,0.03,26.35,8.36811093776169,8.642083078185236
1987-08-11,45.94,31.45,38.79,0.0,27.59,8.222013597208704,10.606315071137221
1987-08-12,44.46,32.18,38.22,0.0,28.14,7.476730405028503,9.69146010322802
1987-08-13,42.52,30.9,36.76,0.55,28.79,6.692607126193785,6.439328996804004
1987-08-14,35.77,27.77,32.06,26.26,53.45,3.3579618527823425,6.640210840108482
1987-08-15,37.94,26.35,32.48,0.8,53.87,4.0978985871762355,6.136546381585429
1987-08-16,39.78,28.13,33.88,0.05,45.84,4.955629227378081,5.521468973800951
1987-08-17,41.45,28.39,34.74,0.04,41.44,5.783992407719879,6.497974228599361
1987-08-18,42.18,28.55,35.14,0.0,36.71,6.313136903993939,6.6682259981725425
1987-08-19,41.91,28.95,35.18,0.41,35.3,6.2626934686651,6.5429254380611015
1987-08-20,42.68,28.3,35.46,0.01,34.62,6.613254755913131,6.42093725156198
1987-08-21,41.01,29.39,34.75,0.0,34.26,5.9426932038963995,7.39702468966534
1987-08-22,42.25,28.75,35.43,0.0,34.66,6.4000090529821065,7.037372110603572
1987-08-23,42.85,29.8,36.32,0.0,34.62,6.56970020931182,6.470578671149311
1987-08-24,41.41,30.27,35.26,2.84,42.43,5.598314413852126,7.305638441035445
1987-08-25,41.96,29.95,35.65,1.17,40.62,5.909220763195914,6.492924559766339
1987-08-26,43.41,30.05,36.61,0.0,37.48,6.634146457940652,5.687547517332082
1987-08-27,43.04,31.34,36.78,3.19,38.21,6.400587151046887,6.365038489484983
1987-08-28,41.07,28.25,33.75,4.77,49.59,5.298256291040822,7.018861401457971
1987-08-29,34.79,27.05,30.66,7.0,62.9,2.83546759554331,5.947960800127008
1987-08-30,37.56,26.93,31.84,0.45,57.56,3.8552886849106875,5.85433524278608
1987-08-31,39.64,27.42,33.66,0.01,49.5,4.757416413430654,5.99801248520254
1987-09-01,39.59,29.49,34.13,6.05,47.79,4.741152010029484,6.420484072442503
1987-09-02,41.76,27.56,33.97,0.01,44.04,5.940887395681939,6.918689431814106
1987-09-03,42.13,27.43,34.69,0.0,40.76,6.135986613836662,6.794067346110233
1987-09-04,42.54,29.16,35.3,0.0,36.08,6.501596650646544,6.590316780667211
1987-09-05,41.5,27.75,33.94,0.0,36.46,6.167730817097404,6.191151783416784
1987-09-06,41.58,26.95,33.94,0.0,36.55,6.203797839813495,6.42992192410007
1987-09-07,42.63,27.33,34.7,0.0,34.05,6.753447901054966,6.819420745751846
1987-09-08,42.93,26.74,34.64,0.0,30.8,7.019826758438899,6.246438327161565
1987-09-09,41.26,26.91,33.63,0.02,34.87,6.16915951164741,6.81606579090021
1987-09-10,41.65,26.08,33.7,0.0,34.88,6.390686288853116,5.818584384532697
1987-09-11,41.43,27.38,33.77,0.0,30.76,6.431165511608514,5.988714553790226
1987-09-12,41.42,26.03,33.18,0.0,30.45,6.503865279671322,7.109445261159681
1987-09-13,41.95,25.39,33.35,0.0,28.24,6.81865979115598,6.752053648722569
1987-09-14,41.79,25.45,33.23,0.0,25.2,6.898142684779094,8.477438694732792
1987-09-15,41.7,24.78,32.95,0.0,22.78,6.991984309254177,7.481487837530776
1987-09-16,42.07,25.69,33.29,0.0,23.57,7.0980458174985355,6.367808337548421
1987-09-17,41.75,25.2,33.57,0.0,22.82,6.981275564045383,5.272626001039897
1987-09-18,42.15,25.58,33.53,0.0,24.03,7.1195972464832575,5.726307894991543
1987-09-19,42.37,25.58,33.91,0.02,20.01,7.376911811343298,5.6472864253983674
1987-09-20,42.61,24.35,33.42,0.05,20.97,7.4853097238876,5.43169698903559
1987-09-21,42.21,25.52,33.6,0.0,20.42,7.293473067239338,5.853922406648262
1987-09-22,41.26,25.04,33.0,0.0,23.04,6.794343715198989,5.149351927083802
1987-09-23,41.86,26.71,33.17,0.0,21.76,7.101355179166202,7.058958460964407
1987-09-24,42.26,26.15,33.12,0.0,17.85,7.494331859077598,6.52632341391176
1987-09-25,42.97,25.18,33.37,0.0,13.13,8.007674104563257,6.42172113737109
1987-09-26,41.51,24.05,32.29,0.0,12.46,7.435265451012654,5.893003146317518
1987-09-27,40.97,22.75,31.88,0.0,15.39,7.069432256102719,6.335157895938256
1987-09-28,40.76,24.24,31.89,0.0,19.58,6.801835776234119,5.274707312778715
1987-09-29,39.12,23.07,30.43,0.33,24.88,6.050487416254404,5.848363023065966
1987-09-30,39.83,24.42,31.05,0.21,22.77,6.351038440096397,5.679555038618702
1987-10-01,40.07,23.83,31.27,0.0,19.15,6.59505029232282,5.295308681155834
1987-10-02,40.2,24.85,31.42,0.0,18.29,6.658346212633951,5.256816933955869
1987-10-03,38.77,23.2,30.39,0.19,20.93,6.0537830717481995,5.819256360106685
1987-10-04,38.7,22.32,29.63,0.01,20.66,6.0934644154237105,5.658107223779135
1987-10-05,38.7,24.68,30.49,0.0,16.84,6.1845493269015535,4.840720056845131
1987-10-06,39.21,20.76,29.75,0.0,17.86,6.377555176155998,5.32505146970975
1987-10-07,39.1,21.27,30.01,0.0,18.14,6.314304871487227,4.845733168733075
1987-10-08,38.82,20.78,29.31,0.0,18.03,6.251679731524972,5.5273466940333975
1987-10-09,38.34,20.02,28.74,0.0,20.05,6.031719814792717,5.706863580743907
1987-10-10,39.08,21.29,29.69,0.0,20.98,6.219101092889487,6.68941040893161
1987-10-11,38.66,22.56,29.83,0.0,22.31,5.966646771045822,7.512729709619899
1987-10-12,38.91,22.84,29.44,0.01,20.5,6.220189712438039,7.252383919490424
1987-10-13,37.45,20.34,28.4,0.01,16.21,5.830479718401664,5.680488412811826
1987-10-14,37.09,19.16,27.35,0.0,15.76,5.780567802622215,4.967034568559256
1987-10-15,36.15,19.06,27.02,0.0,13.99,5.508063429433698,4.575584719798765
1987-10-16,37.41,20.85,28.7,0.0,20.43,5.653143812104644,5.521593136841629
1987-10-17,37.33,21.72,29.16,0.0,25.71,5.403692851283722,4.905067686453119
1987-10-18,34.66,20.3,27.31,1.59,35.37,4.270025105438035,5.023054103448158
1987-10-19,27.8,18.05,23.13,11.65,62.6,1.9908598631116605,2.549539800647469
1987-10-20,30.64,15.61,21.87,0.0,48.49,3.307189430337062,5.090460190419441
1987-10-21,30.54,12.68,20.62,3.02,38.91,3.5641524777111906,5.0427172198791785
1987-10-22,31.71,14.97,22.1,0.0,29.81,3.9656839562788218,4.547731017777933
1987-10-23,32.78,16.13,23.48,0.0,27.07,4.267799070240578,4.853124068928739
1987-10-24,33.42,16.92,23.69,0.0,27.09,4.429447830071008,4.100055320239487
1987-10-25,33.39,15.64,23.45,0.0,29.45,4.369919325425503,4.32918997708278
1987-10-26,33.2,17.4,23.98,0.0,29.21,4.2792983815035,4.021370662985637
1987-10-27,33.35,16.96,24.14,0.0,30.26,4.281493281229032,4.119416439127472
1987-10-28,34.34,16.51,24.78,0.0,30.58,4.546039297670297,3.9748445904241283
1987-10-29,36.61,17.72,26.17,0.0,27.91,5.292706912847955,4.767646349344195
1987-10-30,34.31,16.77,25.15,0.0,24.56,4.6933968201942315,4.046046899082042
1987-10-31,33.13,17.33,23.63,0.0,27.41,4.347036368966163,4.241165435050684
1987-11-01,32.27,13.03,21.22,0.0,23.43,4.366656863750843,5.504304860522749
1987-11-02,32.12,12.9,21.0,0.0,18.28,4.392962588915864,4.781514441601289
1987-11-03,32.55,15.37,21.89,0.0,16.68,4.5082966996539175,4.366635811141679
1987-11-04,32.24,16.03,22.24,0.0,16.63,4.4132625036718895,4.343254178248874
1987-11-05,32.36,15.7,21.79,0.0,17.64,4.431185180647342,4.509268319284921
1987-11-06,33.23,11.72,21.34,0.0,19.88,4.656640528473427,5.605166788041123
1987-11-07,34.0,14.56,22.82,0.0,17.86,4.874823489556742,4.129804278802861
1987-11-08,33.18,13.47,22.78,0.0,16.56,4.658058234671516,3.7024385951489966
1987-11-09,33.48,15.02,22.81,0.0,16.79,4.747273628916997,3.4501729183021745
1987-11-10,32.1,15.82,21.9,0.0,17.28,4.360533678260728,4.450799860939034
1987-11-11,32.48,16.18,22.8,0.0,16.01,4.477965134478471,3.2648952019588497
1987-11-12,31.91,12.84,21.93,0.0,15.1,4.359120893027304,4.136015932913702
1987-11-13,32.35,14.18,21.35,0.0,16.41,4.459380608467304,5.001827786892513
1987-11-14,31.94,11.66,20.41,0.0,18.78,4.34180487001171,5.365143370581626
1987-11-15,31.84,15.2,21.75,0.0,12.46,4.408550148087399,3.6925144970264614
1987-11-16,31.38,14.53,22.04,0.0,10.77,4.310607541086248,3.1996638083790896
1987-11-17,30.86,11.18,20.68,0.0,11.9,4.173455891544034,3.9574648184850436
1987-11-18,30.44,13.86,20.32,0.0,13.69,4.035763037422222,3.8930128236795674
1987-11-19,30.19,13.5,19.86,0.0,14.42,3.969473156679399,4.382542937480963
1987-11-20,29.99,10.22,18.77,0.0,14.0,3.96341840687365,5.051259693588457
1987-11-21,29.61,9.35,18.36,0.0,11.71,3.9081568156920494,4.941491207674333
1987-11-22,29.69,12.8,20.08,0.0,8.94,3.9533932289849925,2.840134124210257
1987-11-23,28.35,14.49,20.11,0.0,8.55,3.6487457496735183,2.6921639842558216
1987-11-24,26.72,13.73,18.99,0.0,9.07,3.300506670062754,2.8089031125062784
1987-11-25,26.51,12.15,18.81,0.0,8.83,3.261813328192894,1.9007297421198799
1987-11-26,27.56,9.02,17.38,0.0,9.73,3.48417728665716,3.356658584863866
1987-11-27,26.73,11.65,16.92,0.0,11.7,3.2794030388471933,4.136202792707054
1987-11-28,26.96,8.23,16.14,0.0,13.52,3.3119506739737843,4.553999075600628
1987-11-29,27.9,7.88,16.96,0.0,15.7,3.466550168108415,4.124306206981828
1987-11-30,28.39,13.4,18.94,0.0,13.42,3.5733409858273673,3.546336774711991
1987-12-01,27.95,12.03,18.9,0.0,14.7,3.4536190643892217,3.810124089560649
1987-12-02,28.2,11.31,17.75,0.0,18.99,3.4471732355502733,5.475305998916877
1987-12-03,25.55,7.94,15.16,0.0,18.69,2.972978180554014,4.125658236531721
1987-12-04,24.29,5.8,13.16,0.0,12.15,2.850013234097876,4.7191812644891575
1987-12-05,25.04,4.09,12.91,0.0,16.06,2.948638715296913,4.0446920713777015
1987-12-06,25.33,7.35,14.17,0.0,9.8,3.062115533481555,3.024819525452687
1987-12-07,24.6,7.5,14.94,0.0,11.34,2.897666446571724,2.8395762680555263
1987-12-08,26.13,9.24,16.19,0.0,9.07,3.209165138925055,2.7488070954753283
1987-12-09,25.27,8.53,16.02,0.0,10.0,3.028936296502421,2.503069507849013
1987-12-10,25.37,9.56,17.02,0.0,9.65,3.0400879243580765,2.4112642865213143
1987-12-11,24.63,10.91,17.56,0.0,10.31,2.8818809277297235,2.610351119976822
1987-12-12,25.74,10.58,16.61,0.0,30.87,2.7943077889588452,3.4252170687984114
1987-12-13,24.16,6.11,13.42,4.24,23.05,2.682731201637181,4.148792500101196
1987-12-14,25.32,6.7,14.42,0.17,26.22,2.8284393109832355,3.234148936660477
1987-12-15,25.15,10.41,16.46,0.0,21.41,2.810109893395115,2.3427460833985143
1987-12-16,24.98,10.82,15.92,0.0,21.32,2.7896083351145586,3.0477314850680717
1987-12-17,25.11,9.93,15.31,0.0,23.03,2.8060499693979084,3.2312967126844847
1987-12-18,25.84,7.54,14.96,0.0,25.03,2.9283296699307515,3.5169189234296456
1987-12-19,24.78,7.75,15.53,0.0,20.72,2.7863576190024966,2.6248238904060437
1987-12-20,24.85,7.81,15.35,0.0,18.07,2.8335407421835352,2.6829923431980824
1987-12-21,23.61,10.14,14.99,0.0,18.1,2.6099361973320776,2.470228067795471
1987-12-22,23.53,6.06,13.78,0.0,20.52,2.589384252317425,3.264399998777884
1987-12-23,23.8,5.12,13.32,0.0,20.57,2.645597050611457,3.0813948465722767
1987-12-24,24.03,6.13,14.37,0.0,19.03,2.689931006765746,2.8257509026300722
1987-12-25,22.69,9.17,15.18,0.0,17.46,2.456642584923874,2.2694156786700943
1987-12-26,24.57,7.26,14.68,0.0,18.0,2.796114610592122,2.779412426526275
1987-12-27,24.9,6.08,14.38,0.0,18.29,2.857761312060285,3.123285610097757
1987-12-28,24.54,7.1,14.29,0.0,18.07,2.7974306070140207,3.226402707497825
1987-12-29,21.84,8.23,13.73,0.0,19.28,2.314852765721688,2.7977887677082425
1987-12-30,18.96,9.39,12.95,0.0,20.46,1.8822395565981493,2.073517753199958
1987-12-31,22.32,7.0,12.84,0.0,21.91,2.3791329551861744,2.9514188891766855
1988-01-01,21.53,8.39,13.4,0.0,27.28,2.1608888510416544,2.8657278903487
1988-01-02,17.48,7.42,11.69,0.0,35.71,1.5147383705041517,2.035583172156403
1988-01-03,24.78,7.34,14.61,0.0,45.67,2.3889307231933405,3.3114960658122565
1988-01-04,26.31,7.85,16.35,0.04,41.37,2.750534564763904,3.1299651189981814
1988-01-05,24.74,13.03,18.16,0.0,29.99,2.514003081399852,2.65699145377881
1988-01-06,24.47,10.98,16.4,0.01,36.87,2.4071973559777717,2.616708391374408
1988-01-07,24.27,8.42,14.91,0.13,40.0,2.4065378493249514,2.89792425243272
1988-01-08,24.97,10.06,15.65,0.0,35.05,2.57491272009852,2.9215443667181304
1988-01-09,25.51,10.35,16.35,0.0,30.26,2.7394430556562357,3.2544911706896804
1988-01-10,25.84,10.17,16.65,0.0,39.71,2.622113422799784,3.305384506142962
1988-01-11,16.92,10.27,13.43,0.0,67.36,0.9024370870974283,1.7085602314055226
1988-01-12,22.61,9.47,15.55,0.0,62.79,1.697811438613419,1.9102036479295874
1988-01-13,23.19,10.59,15.27,1.13,58.8,1.8818886388112408,2.4817725572563085
1988-01-14,21.84,8.45,13.68,0.03,56.6,1.789992066939198,2.2109808362943264
1988-01-15,23.02,8.67,14.29,0.07,46.35,2.1222035599383235,2.953996140394074
1988-01-16,23.37,7.81,14.25,0.0,42.04,2.2349360016203565,3.1777966767729
1988-01-17,22.13,5.98,13.02,0.0,36.63,2.1627588369309465,3.2789044697197336
1988-01-18,25.09,5.03,13.84,0.0,28.33,2.7830451665710054,3.5940345535152867
1988-01-19,26.31,5.62,14.48,0.0,25.81,3.0290810714989824,4.009607773505057
1988-01-20,25.44,10.04,16.08,0.0,22.63,2.8579070736909413,2.435448148660626
1988-01-21,26.46,10.73,17.01,0.0,27.34,2.9787378849800645,5.198275229961632
1988-01-22,25.11,9.98,15.92,0.0,38.07,2.5853086498386886,3.0469587543540064
1988-01-23,22.65,7.48,13.22,2.43,42.88,2.1502965663287417,2.9299762472201785
1988-01-24,20.72,4.11,11.3,0.0,37.06,1.995735065600636,3.1102119046444265
1988-01-25,21.44,3.82,11.2,0.0,31.99,2.1698258331880473,3.3671659608192757
1988-01-26,22.44,3.59,11.95,0.0,27.92,2.3617937273078815,3.636925021034203
1988-01-27,24.89,6.02,14.13,0.0,23.74,2.7978330170812136,3.977538150670026
1988-01-28,22.73,8.76,14.13,0.0,47.52,2.0403701155345972,3.2255200947592577
1988-01-29,22.8,6.33,13.36,0.0,47.21,2.1141676199796358,3.6262247206960017
1988-01-30,23.42,5.51,13.34,0.44,43.09,2.2905193418807954,3.0544348449193808
1988-01-31,25.47,7.56,14.78,0.0,33.23,2.7428861405338054,4.482667246335702
1988-02-01,25.6,8.48,14.72,0.0,31.68,2.801847871516828,4.399938283428623
1988-02-02,26.09,4.67,14.16,0.0,26.43,3.01380577646039,4.915126096850786
1988-02-03,27.84,5.29,15.04,0.0,23.3,3.3915260378858,5.15519520329415
1988-02-04,28.45,6.6,17.16,0.0,23.29,3.4618009229799713,4.072224205021401
1988-02-05,29.41,10.28,19.13,0.0,21.94,3.658808367252768,4.021712648808059
1988-02-06,29.52,10.76,20.45,0.0,18.99,3.703249329317268,3.0124294462559136
1988-02-07,29.9,11.33,19.3,0.0,18.23,3.8380039632738048,4.33814849998721
1988-02-08,28.76,11.18,17.94,0.0,19.27,3.5566062325578383,5.877527283478745
1988-02-09,26.53,7.78,15.27,0.0,12.91,3.2503889186406774,4.703293937925565
1988-02-10,23.78,6.02,14.34,0.0,13.65,2.731860773555491,3.3705846395836394
1988-02-11,26.58,10.97,17.06,0.0,12.66,3.2257796395809897,3.446778339692368
1988-02-12,27.88,11.05,18.2,1.04,19.39,3.375730387940373,3.8030147147528606
1988-02-13,26.45,10.11,17.07,5.78,42.49,2.697891348872504,3.558241393209883
1988-02-14,22.2,10.67,15.62,1.66,54.53,1.7334270365673696,2.8991005970270174
1988-02-15,24.32,10.03,16.09,0.85,55.51,2.0810521050681037,2.939758341340574
1988-02-16,24.72,9.02,15.56,1.07,50.67,2.308909479700745,3.6908134563938395
1988-02-17,26.5,8.28,16.13,0.0,38.81,2.8199206437643953,4.248953694078204
1988-02-18,23.43,9.1,15.04,0.0,38.31,2.26449292638267,3.598499799779845
1988-02-19,24.27,10.99,15.6,0.0,36.34,2.4218179858818756,3.7778528017282573
1988-02-20,22.42,11.18,16.12,0.0,45.92,1.8916439455709877,3.324627064200027
1988-02-21,29.11,13.65,19.88,0.4,43.53,3.081763513902952,5.31908126116498
1988-02-22,27.09,10.83,17.38,0.71,42.54,2.860695624816444,3.9033902133879175
1988-02-23,25.96,7.66,15.59,0.23,32.33,2.871496075549644,4.623662902109487
1988-02-24,27.11,7.25,16.06,0.0,25.84,3.1707424338293047,4.858525927948526
1988-02-25,28.26,6.95,16.78,0.0,21.37,3.4888254789286703,5.13847644547459
1988-02-26,26.93,11.5,17.73,0.0,24.28,3.1086305902683637,4.518961733742924
1988-02-27,25.04,13.2,18.39,0.11,35.93,2.464117400044029,5.653697776875007
1988-02-28,26.91,12.74,18.89,0.9,44.95,2.622397602678461,5.4458499727654965
1988-02-29,27.5,10.84,18.11,2.21,47.94,2.801391901001067,3.981599255488488
1988-03-01,26.57,10.08,17.34,0.0,39.28,2.7646552911328612,4.142332895323315
1988-03-02,27.76,9.19,17.58,0.0,31.64,3.1679572235413667,4.83370196475977
1988-03-03,27.33,9.79,18.2,0.0,27.93,3.108320857475131,5.016747382678103
1988-03-04,30.38,13.12,20.44,0.0,27.56,3.7247381118654905,5.042753907299439
1988-03-05,29.34,11.73,20.0,0.0,34.03,3.377394635567237,4.815957853296835
1988-03-06,32.16,13.22,21.99,0.0,32.76,4.000562237828364,5.208949836954548
1988-03-07,30.36,17.62,22.05,0.16,41.02,3.33441671417067,5.508359052922667
1988-03-08,30.48,17.43,22.4,1.14,47.53,3.1316823716695863,4.8582565608399575
1988-03-09,29.4,15.61,21.98,2.08,49.23,2.868774765955731,4.593361292885638
1988-03-10,29.55,16.2,21.77,0.14,52.59,2.8246699878715975,4.048615305790248
1988-03-11,28.8,17.18,21.42,6.6,62.26,2.414160679591527,4.922384984234554
1988-03-12,26.03,15.05,20.29,3.81,69.17,1.7832666416382381,3.9935862961056414
1988-03-13,30.03,13.42,20.56,2.77,61.07,2.9558698044439593,4.7446138015880805
1988-03-14,28.81,12.4,20.0,0.8,43.47,3.0536401619257982,5.074175989079949
1988-03-15,31.12,13.62,21.37,1.54,36.6,3.7254406130948583,4.267931342790604
1988-03-16,33.44,15.79,22.81,0.03,32.36,4.315071146720234,7.765443939300821
1988-03-17,29.29,12.9,20.05,0.01,38.74,3.2898817642359233,5.786031714070131
1988-03-18,29.9,13.69,20.6,0.0,27.13,3.635432202463304,4.506130578904047
1988-03-19,30.09,11.75,20.14,0.0,27.44,3.7010052728849736,5.705760222948553
1988-03-20,30.99,12.46,20.26,0.87,29.89,3.887190423606282,5.4688939736582105
1988-03-21,31.99,10.94,20.55,0.0,25.93,4.237423514584748,7.289399896516383
1988-03-22,33.88,11.2,21.8,0.0,25.53,4.7235275856793,7.003334756206039
1988-03-23,36.33,14.68,24.81,0.0,22.74,5.439945868038417,6.672084056129733
1988-03-24,36.71,16.51,25.88,0.0,20.19,5.600657749057565,6.041222123073836
1988-03-25,35.04,16.56,25.5,0.0,25.32,4.853918468569315,8.735685696410064
1988-03-26,32.43,17.55,24.55,0.1,23.51,4.188300275814341,6.608828513149808
1988-03-27,30.4,13.43,21.23,0.17,25.09,3.766936845788548,5.368283746679243
1988-03-28,31.9,12.2,21.67,0.02,25.95,4.157715546710304,7.204540563778287
1988-03-29,34.94,13.15,23.56,0.0,20.4,5.130995811520463,7.233887194158103
1988-03-30,35.35,15.65,24.56,0.0,16.11,5.289604867704043,7.249033171440531
1988-03-31,35.61,15.28,24.65,0.0,18.17,5.340913485853491,7.201814718565845
1988-04-01,34.67,14.03,24.35,0.0,16.51,5.112381563446947,6.703077574895593
1988-04-02,36.29,17.34,26.48,0.0,16.46,5.5134378891854015,7.065618737524706
1988-04-03,39.31,19.79,29.13,0.0,16.52,6.514978468109674,8.492761562210172
1988-04-04,38.47,20.45,28.49,0.0,15.47,6.250146828642729,7.041198436669901
1988-04-05,36.87,16.52,25.95,0.0,11.33,5.892749735401811,7.786160546945073
1988-04-06,36.71,15.2,25.68,0.0,15.01,5.774621540201263,7.051962294404111
1988-04-07,38.4,16.53,27.32,0.0,12.44,6.3713049055635524,8.146078904127656
1988-04-08,39.93,19.05,29.0,0.0,11.47,6.9279239664310035,8.671008788737442
1988-04-09,40.79,20.44,29.84,0.0,12.66,7.22197757770642,8.019183886145605
1988-04-10,41.68,21.29,30.94,0.0,13.05,7.529217551196356,8.158946780224689
1988-04-11,41.38,22.01,30.88,0.0,16.93,7.254842252186834,8.459130832255717
1988-04-12,42.09,21.6,31.63,0.0,17.05,7.523017390299284,9.393928206563121
1988-04-13,42.16,22.62,31.86,0.0,16.78,7.566511626682466,9.585702145590346
1988-04-14,42.86,21.31,31.72,0.0,14.36,8.018040886587634,9.81107073989213
1988-04-15,42.78,24.37,33.19,0.0,8.55,8.139788750756079,6.2931265493022615
1988-04-16,43.67,22.39,33.78,0.0,8.28,8.527484201919071,6.856927816802245
1988-04-17,43.48,23.08,33.06,0.0,9.54,8.409766336352574,8.44165159338364
1988-04-18,40.11,24.48,31.91,0.7,14.36,6.7655638489760515,10.912518392080463
1988-04-19,39.67,22.8,30.82,1.99,22.92,6.310472155481776,6.401813116600534
1988-04-20,38.56,22.4,30.13,0.0,24.45,5.877903811566972,7.208614153656294
1988-04-21,40.26,22.38,30.99,0.0,22.23,6.578335988820205,7.456705432328693
1988-04-22,41.47,22.45,32.04,0.7,19.09,7.137537405633004,7.444848459169286
1988-04-23,41.77,23.61,32.22,0.28,18.41,7.303592774204861,7.927960195888806
1988-04-24,40.66,24.36,31.99,0.35,18.07,6.839968194380417,6.4396461233925795
1988-04-25,40.82,23.16,31.85,0.0,20.26,6.827516553828154,7.476814521460335
1988-04-26,42.27,24.48,33.4,0.0,20.58,7.356632818761976,7.665278222933249
1988-04-27,43.41,26.31,34.48,0.0,18.44,7.8746440185023285,8.521490158819198
1988-04-28,44.35,27.28,35.28,0.04,16.47,8.39809561283641,7.456058016325735
1988-04-29,43.68,25.68,35.25,0.08,17.15,8.028513632327137,8.179203490269252
1988-04-30,43.15,27.07,34.86,0.0,16.87,7.797881045057101,8.731309175010882
1988-05-01,41.93,25.76,33.89,0.0,17.59,7.27686306947596,8.855508518991085
1988-05-02,41.76,24.58,33.38,0.0,20.12,7.138790716657933,8.773725775627257
1988-05-03,42.28,25.18,33.78,0.27,18.56,7.464921617756043,8.305118300871081
1988-05-04,41.9,24.11,34.06,0.0,12.36,7.529899862242293,7.174603640744651
1988-05-05,43.78,24.04,34.61,0.0,11.32,8.41779412978527,7.37328770252649
1988-05-06,45.15,25.74,35.56,0.0,11.15,9.06814697767844,8.825708541135429
1988-05-07,45.66,25.93,36.16,0.0,9.96,9.359991894465402,8.889464692587925
1988-05-08,45.89,26.15,35.76,0.0,8.91,9.545989371238221,12.322697371534055
1988-05-09,45.0,24.2,34.78,0.0,9.58,9.11365435058235,10.314909550663664
1988-05-10,45.59,24.64,35.6,0.0,7.55,9.47035996808515,9.136913116949609
1988-05-11,45.62,25.73,35.95,0.0,5.96,9.541356298484592,8.154239497663355
1988-05-12,46.95,26.24,36.78,0.0,6.42,10.19717942007495,9.777899074956775
1988-05-13,47.45,27.52,37.45,0.0,6.84,10.438724869821549,8.733284465967323
1988-05-14,48.57,29.59,38.51,0.0,6.73,11.043716125360957,9.536166173590741
1988-05-15,46.25,28.39,37.14,0.0,9.53,9.64552432613467,7.365181695696975
1988-05-16,46.86,26.93,37.49,0.0,10.24,9.907067290848815,9.394896756459143
1988-05-17,46.79,27.95,38.18,0.0,10.52,9.849281328333154,7.458705417101326
1988-05-18,45.24,28.78,37.48,0.02,14.43,8.828459167046715,10.069155527049464
1988-05-19,44.14,29.25,36.39,0.27,15.27,8.295600022333662,10.46296927329658
1988-05-20,44.14,27.32,35.66,0.14,13.04,8.484927788389959,8.535908173159802
1988-05-21,44.82,26.75,36.35,0.0,9.76,8.948496147616387,7.975906273782972
1988-05-22,45.27,27.26,36.27,0.0,9.11,9.19125804529939,8.585818023569919
1988-05-23,46.07,27.27,37.4,0.0,9.98,9.53263221691857,9.3749979256319
1988-05-24,46.51,29.66,38.04,0.01,11.66,9.61279476745969,10.067694946755264
1988-05-25,47.03,28.38,37.89,0.04,9.97,10.054088927471904,9.699691814133418
1988-05-26,47.93,27.88,38.44,0.0,8.85,10.554520467083398,11.318205358336598
1988-05-27,48.59,30.4,39.37,0.0,10.49,10.765814642724184,11.261164714781069
1988-05-28,48.44,30.46,39.19,0.0,15.88,10.374980673363833,11.255400190432953
1988-05-29,49.17,29.73,39.5,0.0,10.05,11.16380469746856,11.94258007829133
1988-05-30,48.79,29.18,39.63,0.0,12.66,10.76504192353586,12.46420084176806
1988-05-31,47.99,30.44,39.57,0.0,15.58,10.087337310657967,12.616995687980676
1988-06-01,47.09,29.67,38.93,0.0,17.31,9.511722316389633,10.494037083243446
1988-06-02,46.76,32.24,39.45,0.0,13.55,9.6801919242733,6.859360744290662
1988-06-03,46.62,28.65,38.25,0.0,10.29,9.754257348036413,8.912469607609777
1988-06-04,46.88,28.7,38.7,0.0,7.46,10.048822524425688,8.360046344912265
1988-06-05,44.61,30.21,37.83,0.96,13.28,8.567754034700572,8.805736360230753
1988-06-06,42.08,31.28,36.27,0.45,21.56,6.989791900997945,7.602003747514944
1988-06-07,43.24,28.93,36.44,0.22,19.26,7.61874537112184,8.339114284759649
1988-06-08,44.98,31.48,38.01,0.0,19.97,8.31052137070141,9.447192938327582
1988-06-09,45.2,29.89,37.69,0.0,15.55,8.693292691640456,9.661022591403832
1988-06-10,45.29,27.69,36.99,0.02,13.75,8.967466168366988,11.04230129574464
1988-06-11,46.22,28.46,37.95,0.0,10.29,9.570902369120228,8.874371147588093
1988-06-12,47.33,28.6,39.06,0.0,8.38,10.231785990924207,9.071779082544921
1988-06-13,47.68,29.85,40.01,0.0,7.65,10.429643497248174,9.18674216418517
1988-06-14,47.03,29.81,39.39,0.0,9.81,9.944744523628842,8.53119511084556
1988-06-15,47.09,30.7,39.37,0.0,14.12,9.692690142571527,8.592109753042887
1988-06-16,46.24,32.38,39.56,0.0,16.75,9.036668258644596,9.489053972267183
1988-06-17,45.41,32.39,38.98,2.03,23.52,8.200166589690856,10.657984057723045
1988-06-18,43.74,32.22,38.0,0.0,25.9,7.302741124162892,7.389934796537303
1988-06-19,44.33,30.48,37.85,1.45,25.03,7.692498771464475,7.8696296513603015
1988-06-20,46.6,32.61,39.49,0.25,24.19,8.7471524122289,9.690109409009194
1988-06-21,45.74,31.87,39.27,0.5,24.77,8.260955272581352,8.671311105059111
1988-06-22,44.79,32.86,39.0,0.86,25.91,7.716198358745091,8.086297293460776
1988-06-23,39.89,32.82,36.11,13.03,41.17,4.917866419488836,8.419982460398217
1988-06-24,42.39,30.42,36.47,2.11,44.18,5.796158795192802,7.996649527102549
1988-06-25,45.16,30.83,38.12,0.73,37.89,7.295681655634158,9.008322999437587
1988-06-26,45.06,31.25,38.19,1.87,36.99,7.283920232934806,11.050129492043268
1988-06-27,45.66,32.4,38.87,0.02,31.81,7.81979641692865,11.462119010582992
1988-06-28,46.29,33.81,39.67,0.0,29.67,8.171340968525003,11.028184085643018
1988-06-29,44.31,33.51,38.59,0.21,32.33,7.096413835224299,8.76619562424565
1988-06-30,41.08,31.26,36.43,9.54,42.69,5.296222751311907,6.293645146635307
1988-07-01,40.77,29.54,35.07,2.96,50.53,4.931535045009923,7.694578448066249
1988-07-02,41.75,30.39,36.08,1.55,45.97,5.441497368326942,6.299650858280683
1988-07-03,42.93,31.56,37.2,0.22,39.85,6.194958332737598,7.516474902458972
1988-07-04,42.19,31.22,36.86,4.63,42.57,5.7229981517795965,7.67001409982145
1988-07-05,43.27,31.75,37.43,2.22,40.68,6.233448031870603,9.22842901764855
1988-07-06,39.97,32.68,36.01,4.31,45.95,4.667887982345555,6.547086359612542
1988-07-07,36.17,29.06,32.28,8.44,59.45,3.153033218577997,6.691568787200376
1988-07-08,41.2,29.19,35.38,1.37,45.73,5.365908160712373,6.910655027446056
1988-07-09,41.86,30.83,36.62,0.54,39.05,5.830787558806946,6.325090683171506
1988-07-10,42.69,31.21,37.06,0.23,39.51,6.0996020502033605,8.532116945822414
1988-07-11,38.3,31.58,34.48,7.5,50.58,3.9974477454217827,7.158331796044498
1988-07-12,43.4,29.81,35.85,0.95,48.5,6.138617349782248,8.436148008187823
1988-07-13,32.34,26.88,30.43,17.04,68.41,1.8915138578579116,4.966614021989855
1988-07-14,32.54,25.87,28.62,17.97,78.32,1.8637319677833961,5.5042171980407195
1988-07-15,33.24,26.57,29.48,5.82,76.52,1.9940736554059497,4.726217582543488
1988-07-16,34.32,27.45,30.43,5.37,74.13,2.2356536833550025,5.066063577001682
1988-07-17,35.77,27.88,31.69,0.57,67.11,2.797296513371459,4.7012809169271526
1988-07-18,34.24,28.54,31.49,9.97,69.17,2.2154213447973725,4.0618445898827344
1988-07-19,37.71,27.3,32.49,0.16,60.56,3.665930630754557,7.457949693640231
1988-07-20,40.22,27.67,33.87,7.61,58.79,4.526631586681986,6.802822038308992
1988-07-21,35.11,28.21,31.15,2.77,68.81,2.57494568033848,5.845507912153698
1988-07-22,35.86,27.46,31.1,1.87,69.67,2.8263762117941096,5.760585396464042
1988-07-23,35.03,27.35,31.05,5.2,71.18,2.4717730601410315,3.2738503092396423
1988-07-24,32.91,27.51,30.22,48.6,75.99,1.756912824375425,4.470940777668819
1988-07-25,34.69,26.93,30.88,8.6,71.43,2.396820202553164,5.694858865130684
1988-07-26,37.92,26.67,32.04,0.96,65.03,3.6104448095306054,6.398117977755076
1988-07-27,35.45,27.12,30.81,0.02,71.47,2.648717339452242,5.520836534660361
1988-07-28,32.71,27.16,29.75,5.04,78.28,1.699073920229707,5.364039236554442
1988-07-29,35.83,26.65,31.49,1.13,69.92,2.7330933452214885,6.109518330595627
1988-07-30,36.16,27.9,32.34,0.66,67.4,2.8028596499547063,5.152241786232516
1988-07-31,34.79,28.22,31.26,4.74,72.25,2.3001953480889026,3.1310264889771613
1988-08-01,34.77,26.77,30.11,18.88,78.82,2.243436454708823,4.653215631765336
1988-08-02,32.26,23.31,27.55,12.09,76.37,2.0561687289011985,4.945717791867793
1988-08-03,32.7,24.55,28.23,12.84,79.08,1.956824045097934,5.514356060097232
1988-08-04,36.21,25.63,30.85,0.29,72.82,2.855199513644869,5.5381278751507255
1988-08-05,35.09,27.33,30.89,0.63,73.01,2.439274431085135,6.3475599950361
1988-08-06,35.81,26.43,30.8,0.62,73.6,2.6869531710973305,6.559555755102296
1988-08-07,37.38,26.98,31.95,0.01,66.85,3.318317643885532,6.3139293680925235
1988-08-08,35.72,27.19,30.92,5.57,74.77,2.557816846370849,3.867645524720655
1988-08-09,34.58,26.98,30.66,20.32,77.23,2.141947139950826,5.494692329329753
1988-08-10,36.05,27.35,31.41,6.35,68.24,2.9210624538944274,5.840669109209485
1988-08-11,35.08,25.7,30.22,9.16,73.78,2.54525694620928,6.164185361230961
1988-08-12,33.83,25.62,29.55,3.71,75.42,2.207313968734334,5.06457575296295
1988-08-13,37.08,25.67,31.24,1.07,68.56,3.2967313677967254,6.013067537797657
1988-08-14,38.27,26.64,32.06,0.26,61.81,3.8870620951628663,6.09957150240716
1988-08-15,36.13,27.01,31.66,12.42,62.24,3.133024962259488,6.114732063807583
1988-08-16,37.45,26.08,31.89,0.13,60.83,3.6377658706747904,5.502717180446728
1988-08-17,37.67,26.84,31.86,1.71,61.51,3.703110834542255,6.208629451048777
1988-08-18,36.26,26.01,30.88,4.38,69.78,2.9954721558009014,5.653992467102466
1988-08-19,31.33,26.17,28.53,3.11,82.42,1.3890948156319132,5.062311577725501
1988-08-20,29.74,25.24,27.52,13.43,88.91,0.9168403307388449,4.646999914440456
1988-08-21,33.17,25.91,29.14,5.5,79.87,1.8973020972914005,5.271282645572748
1988-08-22,35.05,24.84,29.9,0.57,75.1,2.535904782515371,5.571786433367475
1988-08-23,35.39,26.31,30.53,1.52,75.58,2.5086754614245694,4.5853804890392755
1988-08-24,35.88,25.61,30.56,1.25,71.01,2.9162844328206328,5.31766876272607
1988-08-25,35.7,25.16,30.24,0.08,70.99,2.883189636237564,5.1203510920221165
1988-08-26,35.94,25.98,30.47,4.54,68.97,3.0014220434896,5.382859166361472
1988-08-27,36.35,25.24,31.1,1.75,63.94,3.265239084340262,5.615442810531338
1988-08-28,38.18,26.2,31.79,0.08,57.18,4.109356440123856,6.50497646175314
1988-08-29,38.63,24.71,30.81,0.0,49.78,4.80145173793536,6.4400544641415065
1988-08-30,38.01,24.06,30.66,0.2,50.7,4.485187727882774,5.795472357124841
1988-08-31,38.02,25.25,30.75,0.04,47.76,4.624351019435771,6.080426616082349
1988-09-01,39.39,23.62,31.39,0.0,42.61,5.308073236761427,6.161391305689861
1988-09-02,40.58,23.22,32.02,0.11,45.34,5.591486640988868,6.192147621481178
1988-09-03,39.54,25.84,32.28,0.0,48.97,4.96479880314085,6.099675728370241
1988-09-04,40.28,25.46,32.35,0.0,50.1,5.223733196327166,6.585414836847595
1988-09-05,40.55,25.47,32.48,0.0,45.48,5.531878714235059,6.39429647192578
1988-09-06,41.57,24.7,33.15,0.0,43.04,5.947652391521336,7.191618951743801
1988-09-07,40.67,23.72,32.01,0.0,47.44,5.617706338109773,6.116969331520409
1988-09-08,40.98,25.01,32.58,0.0,54.9,5.313030656002234,6.791468197390495
1988-09-09,40.16,26.29,32.47,0.16,51.13,5.157734054525491,4.394790004846558
1988-09-10,35.18,25.98,30.31,12.48,57.07,3.2731622589497795,4.500229070128455
1988-09-11,37.13,24.23,30.86,3.08,50.78,4.164128400644016,5.335415212030012
1988-09-12,38.09,23.93,30.82,0.0,48.01,4.632965159596001,5.744045481208532
1988-09-13,39.14,23.77,31.37,0.0,45.27,5.100306855996181,5.875119177530942
1988-09-14,40.36,23.82,31.89,0.0,44.42,5.554636414957352,6.288086303022201
1988-09-15,40.97,25.23,32.6,0.0,44.61,5.733768713754348,6.014416505541072
1988-09-16,36.56,26.37,30.75,0.0,58.41,3.635923839779878,6.117448360781964
1988-09-17,36.32,23.61,29.57,1.32,59.32,3.7236967361305977,4.597617460152289
1988-09-18,36.86,23.46,29.93,0.08,57.8,3.947534595973559,5.24550853453183
1988-09-19,36.71,23.9,30.46,0.0,57.44,3.8016622979639774,4.8589000358272765
1988-09-20,37.93,25.49,31.14,0.0,53.7,4.310205312708106,4.973979131134483
1988-09-21,35.69,24.79,30.06,0.02,60.29,3.3658798540294668,5.026364284541763
1988-09-22,34.22,24.39,28.53,0.24,64.51,2.9507269643721785,5.418328779151389
1988-09-23,28.15,23.63,25.77,15.95,83.26,1.0658939619077956,1.850450792187665
1988-09-24,29.26,23.83,26.18,46.79,89.58,1.031823711796231,1.8956126993563727
1988-09-25,30.13,23.28,26.58,45.0,89.82,1.155757860632693,2.4673631170306254
1988-09-26,31.21,25.28,27.8,37.56,87.06,1.314081806698033,2.1077293334197287
1988-09-27,31.53,23.82,27.24,17.44,86.12,1.538705771755728,4.146447167815954
1988-09-28,31.42,20.59,26.09,0.0,71.75,2.2483421952967357,4.208922578206614
1988-09-29,32.31,19.97,25.93,0.0,66.85,2.669935651115026,4.196147371318289
1988-09-30,31.92,19.22,25.38,0.01,68.01,2.598203800272334,4.141930609311575
1988-10-01,31.71,19.37,25.57,0.0,67.79,2.512701566504346,4.087551155625506
1988-10-02,31.27,19.94,25.1,0.0,69.06,2.4082062441670202,4.156587906007986
1988-10-03,32.42,19.91,25.97,0.0,61.42,2.883906425369865,3.8540460618143033
1988-10-04,32.77,19.89,25.53,0.0,68.61,2.8278218703955798,4.276153179969374
1988-10-05,31.07,19.36,23.94,0.0,64.72,2.671229512655259,4.705694845177718
1988-10-06,31.07,16.67,23.44,0.0,48.38,3.222046322761009,4.362970708402818
1988-10-07,32.3,17.74,24.52,0.0,38.7,3.724618093735759,4.115697275369317
1988-10-08,31.53,16.79,24.24,0.0,41.96,3.4069053806042167,3.7130130145791105
1988-10-09,32.45,17.1,23.81,0.0,56.56,3.2804970319239395,3.6471667228815554
1988-10-10,30.4,16.89,22.57,0.01,57.43,2.837731118548991,4.514692234183797
1988-10-11,30.97,16.34,22.36,1.01,55.13,3.0851331593926994,4.258857148263841
1988-10-12,31.83,16.13,22.52,0.0,53.04,3.3549956884150305,4.5337710795137465
1988-10-13,32.88,16.6,23.41,0.0,51.28,3.6158673646957,4.600902096108494
1988-10-14,32.18,17.68,23.74,0.0,50.11,3.410011128613565,4.698626122916288
1988-10-15,32.78,17.24,23.31,0.0,49.29,3.6591785841030635,5.048940824188615
1988-10-16,32.49,14.14,22.4,0.0,44.07,3.8159876999091837,4.694197650888277
1988-10-17,33.5,13.6,22.68,0.0,43.97,4.066856987578683,4.792771497956052
1988-10-18,32.46,14.84,22.36,0.0,54.81,3.5047172887315696,5.650576569718772
1988-10-19,32.77,15.75,24.18,0.0,50.94,3.556564830265841,4.624560997750565
1988-10-20,32.06,16.06,23.56,0.0,53.07,3.3280895467193554,3.546593602882214
1988-10-21,32.58,16.51,23.69,0.0,47.24,3.643980280254983,4.118662566910182
1988-10-22,33.42,16.35,24.11,0.0,38.29,4.0792902175163475,4.3737949848460085
1988-10-23,33.7,16.83,24.04,0.0,37.09,4.209065832428298,4.043077243968835
1988-10-24,33.84,14.4,22.99,0.0,44.27,4.144768571371154,4.357359712295008
1988-10-25,33.95,14.99,23.53,0.0,45.25,4.113048498364169,4.221390589119181
1988-10-26,33.88,15.62,23.6,0.0,44.78,4.094803274589706,3.9457425919602676
1988-10-27,32.43,17.74,23.92,0.0,39.92,3.763189269117272,4.094942956040233
1988-10-28,32.64,15.5,23.11,0.0,39.95,3.901157567891497,3.7430112480594686
1988-10-29,31.58,14.32,22.92,0.0,37.17,3.7021311972972555,3.3014706650545094
1988-10-30,30.98,13.82,22.47,0.0,40.9,3.457063346473997,3.559238380190876
1988-10-31,30.93,15.11,23.26,0.0,39.23,3.45762534545611,3.0625859397501913
1988-11-01,31.15,16.71,22.9,0.0,35.36,3.601157190306384,3.3382175394929114
1988-11-02,31.42,14.48,22.6,0.0,36.22,3.6776172151395263,3.485850963338009
1988-11-03,31.48,13.91,21.94,0.0,40.41,3.636097076823297,3.9468534868466754
1988-11-04,30.32,15.93,21.71,0.0,39.66,3.358917721496007,3.4938758921408906
1988-11-05,30.58,16.09,21.6,0.0,37.12,3.4868107767240533,3.636769405485454
1988-11-06,31.19,13.49,21.4,0.0,35.99,3.6967227940336063,3.4304043130269135
1988-11-07,30.02,13.79,20.99,0.0,34.31,3.4678336889999244,3.177194086210444
1988-11-08,30.37,11.36,19.71,0.0,41.07,3.4833166678221126,3.613735156429639
1988-11-09,29.59,11.47,19.85,0.0,40.8,3.278661110374956,3.3079053494909476
1988-11-10,30.51,12.41,20.26,0.0,39.6,3.5067615467153823,3.4201222646030285
1988-11-11,29.54,12.65,19.89,0.0,39.43,3.290059905058915,3.4804652721264877
1988-11-12,29.63,15.08,20.31,0.0,36.23,3.346288997995325,3.635331719612799
1988-11-13,29.37,14.7,20.61,0.0,33.41,3.3322078510160495,3.1305157068867033
1988-11-14,29.53,13.31,20.31,0.0,32.79,3.3981965706463053,3.292469773471825
1988-11-15,28.33,12.23,19.47,0.0,33.81,3.139917794058357,3.092599823430052
1988-11-16,26.84,11.62,18.27,0.0,38.38,2.7710105028467216,2.8739641082163705
1988-11-17,27.77,13.19,18.75,0.0,34.87,3.0289964844651203,2.771482401600675
1988-11-18,27.78,10.64,18.19,0.0,37.41,3.005681267495865,3.0205335964019198
1988-11-19,27.69,12.51,18.18,0.0,39.88,2.9288182526528184,2.7534947560634144
1988-11-20,27.56,12.53,18.15,0.0,37.65,2.9591007547645547,2.7359399163185523
1988-11-21,27.29,13.6,19.08,0.0,32.39,2.959241343382148,2.606103866505227
1988-11-22,27.18,11.66,18.3,0.0,36.29,2.8837708757610856,2.728558495547425
1988-11-23,26.71,11.04,18.5,0.0,39.74,2.699846704451444,3.3013859381015385
1988-11-24,26.99,11.22,18.03,0.61,43.71,2.721509513829856,3.0727771813874356
1988-11-25,25.55,12.34,17.17,0.0,45.12,2.4330803554839804,3.234357719495707
1988-11-26,24.12,8.74,15.78,0.0,42.58,2.2983193871287293,2.8545494131915095
1988-11-27,24.54,10.08,16.28,0.3,37.03,2.444941822396193,2.961450080340354
1988-11-28,23.78,10.69,15.66,0.0,39.21,2.27512548041027,2.477830694974491
1988-11-29,24.98,6.97,14.77,0.0,38.26,2.589130908411479,3.336339544327181
1988-11-30,26.27,7.41,15.81,0.0,29.27,2.9497931281430487,3.2789471829535297
1988-12-01,25.06,9.73,15.4,0.0,26.59,2.7498762092582716,2.512462009095711
1988-12-02,24.48,5.26,14.2,0.0,29.7,2.62552998002926,3.2689020585903554
1988-12-03,24.77,9.21,15.49,0.0,27.56,2.669350139340755,2.91819768022084
1988-12-04,23.19,6.96,14.77,0.0,31.42,2.337819173116756,3.0125454904847935
1988-12-05,25.57,9.9,16.57,0.0,33.44,2.6819549355748964,3.053384263945463
1988-12-06,24.69,9.0,15.66,0.0,36.16,2.501614698403046,2.897121904874889
1988-12-07,25.19,7.0,15.27,0.0,33.76,2.66217536783431,3.062893716577116
1988-12-08,25.17,11.82,16.47,0.0,30.58,2.6575662529110033,2.5551922488132686
1988-12-09,25.23,9.22,15.61,0.0,31.68,2.687141359974821,2.807458597663218
1988-12-10,25.13,10.26,16.17,0.0,29.21,2.6875728641820564,2.5156545893102846
1988-12-11,24.94,9.94,15.54,0.0,32.09,2.628282672368137,3.218779661573571
1988-12-12,25.89,8.21,15.63,0.0,32.9,2.7911805387827675,3.4178675786429125
1988-12-13,25.48,8.57,15.81,0.0,33.16,2.697128116558173,3.297745902231832
1988-12-14,26.9,13.03,18.39,0.0,30.29,2.929217118346263,2.708521380396632
1988-12-15,26.74,10.6,17.22,0.0,35.4,2.852708933274089,2.8779088782244004
1988-12-16,24.28,10.33,16.59,0.0,35.49,2.399669555588449,2.3082018625400544
1988-12-17,24.48,11.34,16.3,0.0,37.15,2.421809270617491,2.890757753954728
1988-12-18,22.9,9.78,15.2,0.0,43.61,2.0756608449318446,2.97288186746477
1988-12-19,23.17,12.98,16.37,0.95,50.87,1.9206820275922385,3.5267162719865692
1988-12-20,25.42,11.89,17.51,0.41,50.61,2.283251943736413,3.210884709524058
1988-12-21,23.92,11.52,16.52,4.08,57.17,1.9370858431779294,2.2154454767922114
1988-12-22,20.36,12.2,15.76,0.15,58.54,1.3583668956807209,2.284338295817695
1988-12-23,24.03,12.47,16.98,14.37,52.29,2.025979499806656,3.313460470978449
1988-12-24,22.81,10.84,15.26,0.86,59.07,1.819301497394584,1.9466008123337792
1988-12-25,16.03,7.81,11.66,2.04,72.36,0.8437399188226938,1.549289945624571
1988-12-26,19.47,6.9,11.87,0.21,72.77,1.3026599202076978,1.6893703248972143
1988-12-27,20.38,5.79,12.04,0.0,62.01,1.5788739046002571,2.207894349035433
1988-12-28,22.14,5.32,12.47,0.0,50.51,1.9833395607372033,2.7075040367467778
1988-12-29,20.23,7.22,13.63,0.0,50.53,1.6140145404040362,2.027810155198256
1988-12-30,22.64,9.59,14.49,0.0,49.25,1.9692927210571805,2.3135032828319364
1988-12-31,22.72,6.34,14.09,0.0,52.66,1.9821072009768241,2.2753221740437333
1989-01-01,22.47,8.64,14.77,0.0,50.36,1.9136407772974295,3.0558644653010125
1989-01-02,21.1,9.56,13.85,4.7,56.13,1.6427166123498376,3.4293882688267443
1989-01-03,21.38,6.77,13.47,0.0,61.05,1.6511746071919697,2.0310681233393044
1989-01-04,19.57,10.08,13.51,0.91,64.78,1.2980524080866394,1.6377910708987322
1989-01-05,19.76,9.74,14.53,0.1,54.07,1.4405476698174362,2.5920887327754034
1989-01-06,15.27,7.81,10.89,15.39,86.36,0.6125008240719765,1.2729538181858482
1989-01-07,15.02,7.02,10.39,2.59,88.14,0.5871067689595368,1.0566016398682065
1989-01-08,16.03,7.22,11.13,7.16,78.94,0.7906523375137835,1.1053153186839246
1989-01-09,17.84,6.11,10.65,0.0,74.78,1.117873355998154,1.7504413451160397
1989-01-10,18.62,3.21,9.32,0.0,60.03,1.5283367353334523,2.6811013244600774
1989-01-11,17.88,0.8,8.18,0.0,47.93,1.572913708198541,2.6622430935552437
1989-01-12,19.35,0.21,9.22,0.0,39.8,1.8357225341915497,2.667062258293378
1989-01-13,18.92,4.45,10.33,0.0,31.01,1.8174918746170752,2.098334224215239
1989-01-14,18.83,3.74,9.18,0.0,38.9,1.7507753669129438,2.7820801484589497
1989-01-15,19.29,1.15,9.37,0.0,44.03,1.754739940491147,2.34149331045204
1989-01-16,20.23,5.66,10.98,0.0,41.91,1.8513565234477802,2.5081357791636325
1989-01-17,19.86,2.32,9.68,0.0,48.62,1.7752623930399265,2.8337771641250207
1989-01-18,18.66,3.8,10.6,0.0,41.82,1.6501391291718628,2.0262046913377483
1989-01-19,20.06,4.79,11.09,0.0,43.15,1.8160463027222493,2.7151269527570396
1989-01-20,18.89,3.25,9.88,0.0,59.29,1.5098443396933072,2.7736152642702914
1989-01-21,19.81,1.43,10.04,0.0,51.25,1.7464935476111783,2.7065322454458682
1989-01-22,21.05,3.74,10.73,0.0,40.35,2.0093961952436263,2.8585717675085323
1989-01-23,22.97,1.54,10.65,0.0,43.31,2.3047598188892593,3.341092760851839
1989-01-24,22.04,3.86,12.04,0.0,35.43,2.1954394281859155,2.790249052571367
1989-01-25,22.33,6.82,13.37,0.0,29.02,2.278637997373425,2.1532639054814573
1989-01-26,23.35,4.03,13.14,0.0,33.67,2.40692936222544,2.777646965301977
1989-01-27,23.16,5.12,12.72,0.0,39.1,2.3077673842568345,3.3370162067381632
1989-01-28,22.74,3.93,11.59,0.0,41.53,2.270422288629654,3.9409300939656684
1989-01-29,21.87,5.19,12.62,0.0,39.05,2.104170663672644,3.3389116736211872
1989-01-30,23.11,7.19,13.79,0.0,40.04,2.2524657493708036,2.95375129751727
1989-01-31,26.42,9.96,16.76,0.0,35.9,2.83722431198548,2.5459190328601276
1989-02-01,22.98,8.23,14.74,0.0,39.03,2.1804149438176377,3.554677839372545
1989-02-02,21.73,6.19,12.63,0.0,40.09,2.0566980429175947,3.4681247126457326
1989-02-03,24.14,7.25,14.48,0.0,44.78,2.327807324559142,3.2839887725126595
1989-02-04,25.77,9.74,17.36,0.0,46.93,2.441867647980238,3.288213005703116
1989-02-05,23.22,9.94,16.31,0.38,48.51,1.9795876532129157,3.81004649155573
1989-02-06,21.66,7.14,13.47,0.34,49.27,1.9257807265559026,2.6131549956702087
1989-02-07,21.27,5.31,12.73,0.0,41.03,1.9715427663197123,3.176716737502827
1989-02-08,21.26,6.19,12.61,0.0,38.98,1.9921283530546279,3.199141973112641
1989-02-09,21.25,5.85,12.11,0.0,33.75,2.0913089582962288,3.03202045194059
1989-02-10,20.94,4.29,11.28,0.0,35.83,2.037427141463218,3.2536737393230735
1989-02-11,21.97,3.76,11.78,0.0,35.39,2.1980072554619103,3.750923776677231
1989-02-12,21.81,5.04,12.27,0.0,34.62,2.1609138859642494,3.4205714726100918
1989-02-13,20.06,8.65,13.2,0.0,43.19,1.7281322642790449,3.301771801091012
1989-02-14,21.81,6.94,13.21,0.02,54.85,1.85192759813566,2.7288466283767647
1989-02-15,22.77,7.6,13.78,0.01,43.43,2.1399528959026917,3.353452259386471
1989-02-16,24.16,7.38,14.75,0.01,38.49,2.4098491943319496,3.392123844900058
1989-02-17,21.26,5.33,12.23,0.8,46.42,1.9289735397849066,2.8872002466647033
1989-02-18,20.97,4.93,11.85,1.74,44.79,1.917584571162378,3.5247977888994177
1989-02-19,21.64,3.96,11.85,0.0,40.47,2.1008491440207577,4.140613366149852
1989-02-20,23.54,6.66,13.69,0.0,30.67,2.4781307813861115,3.690633192451228
1989-02-21,24.46,7.19,14.3,0.0,31.87,2.598826233270375,3.8802882530566962
1989-02-22,24.72,7.09,14.33,0.0,29.97,2.687386049663625,4.136389789860554
1989-02-23,25.1,4.98,14.21,0.0,28.25,2.7867781124577613,4.201521848028447
1989-02-24,27.4,9.66,17.37,0.0,27.56,3.1710986289102454,3.8530864778653364
1989-02-25,29.76,9.6,18.99,0.0,34.13,3.538181024189506,4.539709745502502
1989-02-26,31.33,12.17,20.4,0.0,34.64,3.8188451923355755,5.6601221405837085
1989-02-27,29.79,11.98,19.58,0.0,35.28,3.4799902308440815,5.5362431157636225
1989-02-28,28.57,9.56,17.64,0.0,33.02,3.3238521805534225,4.426392666707208
1989-03-01,26.44,8.54,16.52,0.0,26.86,3.008441696993571,4.010695124168551
1989-03-02,26.95,9.66,16.57,0.0,26.73,3.115132986564769,4.597278621094732
1989-03-03,26.62,7.25,16.23,0.0,28.63,3.0202516048997285,4.976437565342494
1989-03-04,28.69,7.41,17.02,0.0,28.86,3.4649415949666675,5.638124544576983
1989-03-05,30.15,9.71,18.85,0.0,27.71,3.756576607455864,5.072004029498965
1989-03-06,30.26,12.41,19.83,0.0,26.29,3.765522498607279,4.86180902062309
1989-03-07,30.98,11.52,20.06,0.0,29.04,3.88726594678622,5.030445247770843
1989-03-08,32.13,13.11,21.26,0.0,28.36,4.165097972190712,4.790625624332902
1989-03-09,32.94,14.87,23.12,0.0,27.17,4.32656312353269,5.688702933165807
1989-03-10,29.99,16.18,21.43,0.0,31.17,3.488761024698814,5.902884476014943
1989-03-11,31.1,13.45,21.43,0.0,31.39,3.802938193439417,5.048120561567496
1989-03-12,31.43,14.71,21.15,0.21,34.05,3.8529458780284402,4.946887570208186
1989-03-13,30.36,12.82,20.96,0.0,30.04,3.675707846809187,5.197499429718363
1989-03-14,31.14,13.3,21.07,0.73,36.16,3.7037433967127056,5.012858710727964
1989-03-15,28.74,12.65,19.6,1.69,45.66,3.0197988259006796,4.249208113681098
1989-03-16,28.56,12.71,19.38,0.68,40.43,3.0813214870676475,5.120407213707952
1989-03-17,31.91,12.76,22.16,0.0,34.47,3.8853604692480346,4.303539120083548
1989-03-18,32.68,16.21,23.92,0.05,36.45,3.939389739672534,6.203258934443201
1989-03-19,28.62,16.5,21.24,0.76,45.09,2.8162018570885388,5.197357009119171
1989-03-20,31.43,16.38,23.18,0.2,40.77,3.5331703715046734,6.023710815780946
1989-03-21,28.56,16.9,22.46,0.01,46.19,2.72469432786842,4.801694125486558
1989-03-22,32.88,18.93,25.07,1.27,36.27,3.9007585105214053,5.845842380769433
1989-03-23,30.83,14.9,22.31,0.0,39.45,3.5135371730950182,5.76076209844144
1989-03-24,31.54,13.86,22.32,1.87,38.37,3.720508088975044,5.915096239195968
1989-03-25,32.85,16.42,24.15,0.0,26.06,4.289376989567663,5.308256865578424
1989-03-26,33.03,15.72,23.98,0.0,24.94,4.347984067040756,6.4774401421998595
1989-03-27,24.36,18.37,21.17,3.0,47.01,1.8774685073943618,3.7564424358104613
1989-03-28,27.61,14.6,20.55,7.66,57.83,2.397849185352584,4.916999741421763
1989-03-29,30.23,13.11,21.27,0.0,50.81,3.1325551966982617,4.611841055094269
1989-03-30,32.06,16.23,23.74,0.02,44.47,3.5527972854351813,4.862486001470759
1989-03-31,33.13,18.13,25.26,0.33,41.61,3.7912825125307124,5.112310013400633
1989-04-01,33.37,15.03,24.01,0.0,34.03,4.243498997071413,6.813641431781226
1989-04-02,31.62,10.57,20.61,0.0,23.37,4.196961384300038,7.015779283561466
1989-04-03,31.95,10.67,22.06,0.0,20.43,4.305237677734261,5.55098000187772
1989-04-04,32.01,12.8,22.41,0.0,17.89,4.342956137114184,5.539648383906066
1989-04-05,31.13,12.18,21.33,0.0,23.33,4.016607306913327,7.520208895616055
1989-04-06,33.08,11.23,22.05,0.54,25.84,4.503491587905678,7.69539062646666
1989-04-07,36.26,13.23,24.66,0.0,22.11,5.449289142003487,8.780283526157064
1989-04-08,37.09,18.95,27.62,0.0,23.8,5.497516288666127,6.52449541923179
1989-04-09,32.74,21.55,26.48,0.0,29.06,3.9832515525036913,4.791375559368104
1989-04-10,34.1,18.15,25.64,0.0,30.27,4.451355242706072,7.168137532289763
1989-04-11,35.45,14.42,24.46,1.59,25.74,5.155906551638323,8.768918036426063
1989-04-12,36.64,15.48,25.66,0.0,17.37,5.672971083031437,6.9223494657858495
1989-04-13,36.46,17.25,25.92,0.0,13.91,5.7091661786210075,7.778030531860973
1989-04-14,37.15,16.09,25.94,0.0,16.15,5.859890929798424,8.038498584468655
1989-04-15,39.46,18.99,28.85,0.0,18.86,6.476325664566865,8.921418040106861
1989-04-16,38.76,20.17,29.64,0.0,22.85,6.0344423383925285,7.532990613270691
1989-04-17,39.2,22.62,30.66,0.0,19.03,6.306961740691699,6.707737344000528
1989-04-18,39.35,20.23,29.84,0.0,14.34,6.5866522944319605,7.664276696945101
1989-04-19,39.62,20.48,30.03,0.0,12.61,6.736451655978795,7.709893760407656
1989-04-20,39.93,20.47,29.25,0.0,10.37,6.998080306116617,8.652202766384761
1989-04-21,40.41,19.13,29.1,0.0,9.9,7.186343419540627,8.939495347335027
1989-04-22,41.76,21.09,31.46,0.0,12.27,7.578411251226113,6.530463002454821
1989-04-23,39.36,24.92,32.02,0.0,15.87,6.415484298086793,6.760060930543644
1989-04-24,40.1,24.12,31.9,0.03,19.16,6.536594111678555,7.520561669453929
1989-04-25,38.8,23.96,30.95,0.26,23.1,5.944094979194704,7.801309041831626
1989-04-26,38.38,21.14,29.57,0.69,21.36,5.997310921327261,9.214315997820144
1989-04-27,39.88,20.38,30.29,0.0,15.65,6.745217205275404,8.494538418872647
1989-04-28,38.99,21.43,29.93,0.0,12.97,6.488132960244926,9.17566572330745
1989-04-29,39.82,18.48,29.53,0.16,10.93,6.94435930926459,9.263909026995776
1989-04-30,40.72,21.99,31.61,0.0,8.33,7.284923992642967,6.31804505265666
1989-05-01,40.86,27.77,33.19,0.97,15.28,6.99434256577942,13.659257328852737
1989-05-02,37.12,25.0,30.72,0.49,23.44,5.322993905462846,5.36969301158738
1989-05-03,36.64,22.49,29.19,0.47,17.36,5.5335184390311785,8.79308155162044
1989-05-04,38.96,20.84,29.68,0.11,11.38,6.550148742119823,7.267554254779877
1989-05-05,39.06,19.24,29.07,0.0,7.07,6.742489910124091,7.569500873487165
1989-05-06,39.31,20.06,29.2,0.0,7.43,6.824078248015314,8.328537825091704
1989-05-07,38.39,18.7,28.66,0.0,6.9,6.503177449006304,8.139768167039731
1989-05-08,39.01,19.93,29.29,0.0,8.61,6.6598120836569885,11.50704407199184
1989-05-09,42.4,19.23,31.01,0.0,10.19,7.9506825682881574,10.95988194134112
1989-05-10,44.29,24.06,34.62,0.0,12.91,8.569902956116918,8.35822603329707
1989-05-11,43.95,26.96,35.28,0.0,17.17,8.1668032443207,11.182401228845993
1989-05-12,43.61,26.13,34.56,0.0,12.26,8.350946030106154,7.863913270812134
1989-05-13,43.96,24.72,34.34,0.0,11.97,8.470866391259076,10.337730737140307
1989-05-14,44.79,24.35,35.0,0.0,9.49,9.003571109964744,10.286406939731998
1989-05-15,46.29,26.5,37.44,0.0,7.1,9.791184158533577,7.101564550255938
1989-05-16,47.42,27.5,38.33,0.0,8.79,10.274394165271213,8.573481505080837
1989-05-17,46.34,28.82,37.54,0.0,10.49,9.613573751937261,8.946911775090056
1989-05-18,45.15,27.55,37.44,0.14,10.01,9.044955240145097,7.596332954013809
1989-05-19,46.04,28.14,36.69,0.0,10.12,9.539181651732212,10.234778495383509
1989-05-20,45.8,24.61,35.39,0.09,7.81,9.58170002068391,12.194631491388696
1989-05-21,46.95,27.96,37.76,0.0,6.5,10.173629839428045,8.047074734335844
1989-05-22,46.72,28.68,38.4,0.0,7.32,9.999828406609781,8.086036810166421
1989-05-23,46.65,26.7,36.41,0.0,6.13,10.061474392862678,13.235552255597298
1989-05-24,44.31,25.24,34.94,0.0,6.33,8.883476194033609,10.212196169640167
1989-05-25,43.26,25.52,34.58,0.0,8.34,8.315345110148222,8.012252702341167
1989-05-26,41.15,23.93,32.62,7.13,18.58,7.070684528008436,7.885251754721521
1989-05-27,44.01,26.85,35.2,0.0,12.06,8.52949845163361,8.891901803053793
1989-05-28,45.08,24.55,35.81,0.0,10.07,9.101550172753068,7.689706459969693
1989-05-29,44.84,25.15,35.76,0.0,18.28,8.483333161894313,10.84012062905452
1989-05-30,44.27,28.12,36.45,0.0,24.18,7.812964654518609,10.582390995504268
1989-05-31,43.29,30.25,36.44,0.0,25.11,7.310182496300139,8.596923351301825
1989-06-01,42.48,28.94,35.93,5.23,29.71,6.740675043829417,8.02823711805164
1989-06-02,44.56,30.01,37.4,0.0,25.39,7.842341205538781,9.91620511668243
1989-06-03,45.51,29.4,37.67,0.0,21.62,8.514312505825336,10.240547952649212
1989-06-04,45.42,30.29,38.08,0.0,23.77,8.275886434795874,9.467875508508586
1989-06-05,43.57,31.57,37.43,0.0,25.19,7.305311326680801,9.122517191536593
1989-06-06,42.58,30.15,36.75,3.25,27.89,6.79980448471969,5.550781260873667
1989-06-07,43.03,30.38,36.83,0.08,24.33,7.213122335789958,7.813348150539675
1989-06-08,43.47,28.93,36.39,2.54,25.43,7.406062849461819,8.775931148930583
1989-06-09,43.73,30.21,37.23,0.2,28.48,7.238794174275737,10.047382598302793
1989-06-10,42.08,31.37,35.71,0.01,31.55,6.4508825770279525,9.942477860753407
1989-06-11,42.0,29.78,35.45,4.6,34.35,6.318193843392019,8.817905228184207
1989-06-12,43.73,25.39,35.48,0.79,23.9,7.772940248602746,9.39660013068561
1989-06-13,45.9,27.78,37.42,0.0,24.19,8.581631541890966,9.500296456172222
1989-06-14,41.05,33.68,36.64,0.26,30.69,5.933209276033946,10.156830221766254
1989-06-15,37.8,30.43,34.46,6.54,39.34,4.43033152359212,6.141620942337692
1989-06-16,37.4,27.92,32.77,0.15,40.23,4.482447672608039,5.264154964554088
1989-06-17,40.01,26.98,33.58,2.21,35.87,5.667600486528981,7.497192724546087
1989-06-18,41.79,27.41,34.43,0.21,26.35,6.76892132980621,7.333029527242123
1989-06-19,41.36,27.5,34.4,2.06,25.03,6.659234904383186,8.389389952734343
1989-06-20,42.18,27.06,34.6,0.0,24.57,7.02309905261189,7.621191264618362
1989-06-21,42.34,27.72,35.32,0.01,25.37,6.96327892129912,10.03327231967133
1989-06-22,43.82,27.65,35.89,0.4,21.12,7.8795266127461145,9.221328420337873
1989-06-23,44.77,29.7,37.17,0.0,17.93,8.395490410711238,6.798579123967685
1989-06-24,45.75,28.34,37.72,0.0,20.13,8.799299959412673,8.08504656803164
1989-06-25,45.94,28.81,37.81,0.46,18.02,8.944847597860402,8.725801560898077
1989-06-26,45.85,29.64,38.26,0.02,18.88,8.8122731817969,8.712689273203324
1989-06-27,45.81,31.34,38.79,0.01,19.19,8.721690570809477,8.4990324123904
1989-06-28,45.63,30.64,38.64,0.0,17.11,8.822336199302674,7.759563383331553
1989-06-29,45.33,30.79,38.29,0.0,17.12,8.625096248456742,7.632321223184052
1989-06-30,45.25,30.61,38.4,0.0,16.3,8.643053233308184,8.107469920074708
1989-07-01,44.24,29.42,37.76,0.24,19.7,7.978011958520241,7.109555862408936
1989-07-02,36.32,29.12,32.7,6.62,41.13,4.043589949302961,6.321480507971578
1989-07-03,38.56,27.39,33.05,0.54,41.99,4.809005559544821,6.123692678111174
1989-07-04,40.79,27.17,34.07,0.16,41.67,5.612248315750354,6.923031505585392
1989-07-05,40.85,29.53,35.08,0.92,34.14,5.8570166686528085,8.09817183120911
1989-07-06,43.3,28.37,35.96,0.2,31.14,7.063748500495917,9.4843723306759
1989-07-07,43.98,28.25,36.64,0.2,26.77,7.575582414635086,7.843672434678232
1989-07-08,45.35,30.34,38.22,0.0,19.34,8.549565716338302,6.578086300167662
1989-07-09,45.93,30.06,38.83,0.0,20.27,8.724457610335174,6.386188327048817
1989-07-10,46.73,31.82,39.4,0.0,21.06,9.033112295993053,9.053546560703525
1989-07-11,45.78,32.45,39.33,0.8,26.93,8.122493647732593,12.324335469000065
1989-07-12,44.43,32.92,38.57,1.22,30.89,7.250204929633914,10.520277554049226
1989-07-13,41.52,32.33,36.83,1.34,35.41,5.827028006959283,5.523865632787915
1989-07-14,36.85,29.64,33.55,11.75,53.52,3.491515683045729,6.5034112832469795
1989-07-15,36.58,27.7,31.81,6.15,62.25,3.2787611757967823,6.285864749822765
1989-07-16,39.8,27.54,33.82,1.06,49.18,4.848287632452749,5.9499523301968615
1989-07-17,41.03,28.15,34.84,0.0,44.14,5.4591755386147405,7.24842716447177
1989-07-18,43.16,30.08,36.49,0.0,37.57,6.583502752085867,7.125756812729851
1989-07-19,44.23,30.03,37.64,0.01,31.47,7.296158881107473,6.755022075357403
1989-07-20,45.31,30.96,37.94,0.0,29.32,7.92264975713217,6.006423599779172
1989-07-21,42.97,29.9,36.43,0.01,37.76,6.424563104190755,9.753764889312917
1989-07-22,36.43,28.97,32.37,11.32,57.3,3.358670339575155,6.213350673268386
1989-07-23,36.16,28.0,31.83,13.65,62.51,3.1030498072988597,6.609735851824206
1989-07-24,39.09,28.71,33.56,3.25,54.41,4.271470356701376,7.194951437748863
1989-07-25,40.37,28.37,34.54,0.06,49.39,4.916800581964326,8.802235355602305
1989-07-26,41.4,30.14,35.53,0.0,47.95,5.256251990176117,8.212986035218917
1989-07-27,40.96,31.44,35.98,0.0,44.74,5.168627448023024,7.959343943187207
1989-07-28,38.7,31.02,34.6,4.33,44.42,4.46354978512549,7.509597194392647
1989-07-29,34.5,27.48,31.1,8.64,61.17,2.7352728169462237,6.245766750104192
1989-07-30,30.04,25.07,27.22,41.84,81.45,1.3186743394418694,4.15806936550211
1989-07-31,35.72,24.36,30.16,4.5,68.9,2.998132315872182,5.057145520281167
1989-08-01,37.26,27.05,32.39,0.85,57.15,3.6797349190933413,5.21025229311881
1989-08-02,36.85,27.75,32.1,2.33,52.46,3.795682077513173,5.51117287386132
1989-08-03,37.35,25.92,31.28,0.13,53.62,4.041177304141309,6.734608655757187
1989-08-04,38.45,25.95,31.95,0.02,52.55,4.417347785086234,6.770765455905846
1989-08-05,38.48,27.06,31.96,1.69,52.69,4.401835644878346,7.496357212347677
1989-08-06,39.92,25.77,32.47,0.0,52.01,4.970977709800508,7.687517510502796
1989-08-07,39.78,26.8,33.03,0.0,47.57,5.009981885703196,6.713581185980737
1989-08-08,40.79,27.62,33.97,0.0,43.81,5.4752030315587685,6.707698298639872
1989-08-09,40.8,27.17,34.01,0.0,42.21,5.562157014632205,6.546714280617704
1989-08-10,39.62,26.91,33.1,2.82,45.79,5.015023753465387,6.91217585786206
1989-08-11,40.96,27.04,34.01,0.13,44.62,5.530916390602574,6.450651197986274
1989-08-12,39.97,28.83,34.06,0.06,46.96,4.987647966982718,6.221194352693305
1989-08-13,40.38,28.04,34.01,0.01,44.66,5.255191083263467,5.8510227762494695
1989-08-14,39.5,28.12,33.77,0.87,46.3,4.847377698189179,6.11250645954293
1989-08-15,40.58,28.74,34.59,0.01,45.87,5.171135938859047,6.833258462937706
1989-08-16,36.55,29.86,32.82,0.48,52.0,3.5597884788606717,5.374958018244922
1989-08-17,37.91,27.81,32.87,2.61,53.28,3.9918541498019833,6.7156233391776325
1989-08-18,39.33,28.88,34.14,2.16,49.73,4.529807138312934,6.032189994329562
1989-08-19,40.57,29.36,34.68,1.42,47.49,5.072535473390625,6.5910028111651755
1989-08-20,40.88,29.34,35.03,0.72,47.42,5.1704732955025285,5.3411667352392636
1989-08-21,40.37,29.33,35.06,3.36,47.66,4.924745171521112,5.888449529061367
1989-08-22,41.49,28.84,34.73,0.6,50.19,5.3507414767511055,6.324957103939212
1989-08-23,36.58,27.88,31.89,6.04,59.48,3.3738224994017876,6.326374938389821
1989-08-24,36.87,27.49,31.98,2.79,57.09,3.576904621739299,6.200095873219078
1989-08-25,35.54,27.3,31.0,0.23,61.06,3.0852472579205323,6.821432448751388
1989-08-26,37.38,26.45,31.04,0.14,59.6,3.801948851378138,6.668366384842629
1989-08-27,30.52,25.15,28.01,4.37,72.32,1.6456843071487617,2.672827443989652
1989-08-28,33.23,22.98,28.11,36.42,71.61,2.433696735612418,4.180915731373443
1989-08-29,37.18,23.19,30.08,0.18,56.26,4.147414739287857,5.77148898426956
1989-08-30,37.9,23.27,30.94,0.12,46.66,4.60538571850503,5.900805404069035
1989-08-31,38.92,24.62,31.59,0.02,44.13,5.027451269017372,5.414569729184593
1989-09-01,37.39,23.86,30.5,0.13,56.55,4.049257936056197,6.337011620532716
1989-09-02,37.56,23.9,30.07,0.21,59.55,4.085224588301631,5.206683178298469
1989-09-03,37.57,23.95,30.99,8.82,56.05,4.1310875488229195,5.477408065383791
1989-09-04,38.89,24.99,31.68,9.27,46.12,4.9477765728741065,6.396095498726459
1989-09-05,38.8,23.3,30.88,0.48,48.06,4.907912541745812,6.778588617998601
1989-09-06,39.13,24.17,31.13,0.0,49.72,4.939800028793639,5.954269700134786
1989-09-07,39.66,23.53,31.67,0.0,47.88,5.259372751924613,6.139880857171943
1989-09-08,40.41,24.65,32.5,0.0,38.27,5.813100349377064,6.162936353606306
1989-09-09,40.54,25.56,32.44,0.0,35.85,5.971068509896993,6.232286310327999
1989-09-10,40.59,25.66,32.82,0.0,34.76,5.98071759217821,6.326438452267889
1989-09-11,40.67,24.02,31.91,0.0,36.18,6.076354706342509,5.686790958199067
1989-09-12,39.98,24.36,31.64,0.0,36.64,5.795924214498999,6.162708007254569
1989-09-13,39.49,24.08,31.59,0.0,36.82,5.579912081951958,5.704743212830637
1989-09-14,39.89,23.72,31.63,0.0,36.96,5.733878622226472,5.7123282955214405
1989-09-15,39.26,23.63,31.01,0.0,42.2,5.344367443906761,5.931145034750108
1989-09-16,39.35,24.41,31.71,0.0,47.49,5.118859855396028,5.189504548291952
1989-09-17,40.47,25.18,32.61,0.01,45.68,5.530609762679362,5.670860233751018
1989-09-18,40.31,24.91,32.18,0.0,45.69,5.504660992621854,5.933073235745039
1989-09-19,40.78,24.94,32.73,0.3,43.83,5.747600325103853,5.2411755157669
1989-09-20,39.3,26.84,32.49,2.91,42.74,5.129974579915261,4.661143747905676
1989-09-21,40.53,27.71,33.24,0.0,38.65,5.760078669774597,6.069150263687704
1989-09-22,39.94,25.51,32.58,0.0,32.7,5.841505715413153,5.045413794485462
1989-09-23,39.0,26.31,32.4,0.23,35.57,5.334906103709152,5.170808825235116
1989-09-24,36.56,26.13,30.46,4.08,44.34,4.253582161823825,4.459877041505139
1989-09-25,37.0,23.43,29.71,0.78,43.36,4.5683705685160465,4.668104042715761
1989-09-26,36.94,23.58,29.72,0.01,37.35,4.803904209237792,4.744840985584569
1989-09-27,37.16,22.17,29.95,0.0,35.11,4.93820148322992,4.403457378727078
1989-09-28,38.48,24.51,30.28,0.0,33.41,5.446145695367395,5.481635672032953
1989-09-29,38.5,21.53,29.23,0.0,28.28,5.800672994495437,5.326895447251938
1989-09-30,38.73,21.2,29.48,0.0,22.81,6.063665513869214,5.405247212838803
1989-10-01,38.34,20.64,29.09,0.0,22.69,5.924481716722111,5.043487057667017
1989-10-02,39.34,20.82,29.26,0.0,21.62,6.3520430868128885,6.7644703373669035
1989-10-03,38.89,20.56,29.23,0.0,23.1,6.094882250281903,6.418388598993292
1989-10-04,40.0,22.11,29.83,0.0,23.04,6.493511931833861,5.045341538231414
1989-10-05,39.82,19.71,29.39,0.0,25.6,6.345815671753642,5.332046617550645
1989-10-06,39.08,21.0,28.92,0.0,25.46,6.123332103683322,5.158427756283672
1989-10-07,38.2,20.67,28.5,0.0,20.56,5.989579620811624,5.073444714296288
1989-10-08,38.38,21.9,29.05,0.0,18.57,6.090550060606517,4.881357240313179
1989-10-09,38.23,18.73,28.42,0.0,20.93,5.996376883180935,4.766671743893967
1989-10-10,38.22,18.47,28.14,0.0,22.42,5.937558238015224,5.0751796158824956
1989-10-11,38.12,20.57,29.07,0.0,23.99,5.784532434210377,4.716326970719252
1989-10-12,37.31,19.91,28.52,0.0,25.89,5.4320949389857764,4.761175147098574
1989-10-13,36.95,21.37,28.35,0.01,26.93,5.285087562749801,4.577641663657931
1989-10-14,36.05,19.59,26.9,0.01,26.11,5.131954985406871,5.0345330927339775
1989-10-15,35.52,18.32,25.88,0.0,22.48,5.111856103773855,6.299746761869789
1989-10-16,35.26,16.8,24.9,0.05,19.14,5.186256543777008,6.211539453765261
1989-10-17,35.39,17.4,24.77,0.0,14.96,5.325758674312327,5.498950407142505
1989-10-18,35.18,15.72,24.28,0.0,12.72,5.34397267828542,5.307363199847963
1989-10-19,35.62,17.31,25.87,0.0,9.6,5.516034198298574,4.209268391582748
1989-10-20,35.02,15.26,24.57,0.0,11.99,5.295833131918111,4.950152191001982
1989-10-21,34.69,17.47,25.18,0.0,11.43,5.184787870867806,3.9661551695220254
1989-10-22,35.15,15.73,25.38,0.0,10.8,5.339501765462451,4.138349769730709
1989-10-23,35.15,15.37,25.27,0.0,11.71,5.309508721804666,4.075910929277174
1989-10-24,34.16,15.19,23.64,0.0,15.61,4.951693065329121,4.265866417777223
1989-10-25,34.26,17.4,24.29,0.0,14.07,4.997747715683203,4.726901217246399
1989-10-26,35.07,17.25,25.24,0.0,14.86,5.189869290087872,4.392425602430027
1989-10-27,33.75,16.59,24.18,0.0,15.73,4.79616913464128,4.218232866802169
1989-10-28,33.7,17.29,24.85,0.0,13.69,4.824981128920498,3.978468532759209
1989-10-29,33.48,15.1,23.75,0.0,15.62,4.7414967616910975,4.2404206686766654
1989-10-30,32.84,17.04,23.81,0.0,13.38,4.613080681734448,3.8331711073786754
1989-10-31,32.57,17.68,23.07,0.0,12.44,4.571262409940645,4.698780402269063
1989-11-01,32.88,16.17,23.62,0.0,12.31,4.651451103469159,3.874955101091959
1989-11-02,32.59,15.52,23.35,0.0,13.15,4.553427001518967,4.35843933252084
1989-11-03,32.26,15.36,22.92,0.0,18.68,4.333990979409707,4.65806176928718
1989-11-04,30.24,16.85,22.76,0.19,33.18,3.4246309948091525,3.7071024420326766
1989-11-05,29.89,13.75,20.88,0.02,33.3,3.4596759758448425,4.037738795899689
1989-11-06,27.5,12.49,19.02,2.65,32.14,3.0221053655789043,4.501430278263648
1989-11-07,28.04,10.47,18.16,0.0,25.84,3.3220206732841646,4.7828149645864775
1989-11-08,28.41,10.05,18.34,0.0,19.36,3.4992979312190124,4.237289329081972
1989-11-09,29.67,12.75,19.79,0.0,16.39,3.810624528708187,4.580800203390053
1989-11-10,31.32,15.57,21.62,0.0,16.69,4.166224077141992,4.408665184225006
1989-11-11,32.15,15.25,22.42,0.0,19.7,4.288151970143659,4.319183963014029
1989-11-12,31.99,15.47,22.62,0.0,19.31,4.26063208145842,3.769758783421802
1989-11-13,30.39,14.3,21.54,0.0,21.28,3.8242428998959554,3.8185846676706396
1989-11-14,31.18,15.96,21.9,0.0,19.83,4.046277575845754,4.030596049938957
1989-11-15,30.97,14.88,21.17,0.0,19.54,4.025508515662753,5.1483419586899215
1989-11-16,29.97,12.96,19.96,0.0,17.94,3.8428236406765284,4.323016918484333
1989-11-17,29.92,14.56,20.88,0.0,16.71,3.8224927432216202,3.84632050618919
1989-11-18,31.37,14.68,22.51,0.0,16.64,4.148999080591597,4.064873427625566
1989-11-19,31.14,13.39,21.11,0.0,21.08,4.031538602248095,4.163072058224769
1989-11-20,30.65,15.09,21.0,0.0,22.93,3.8673880628931308,4.0308723425069575
1989-11-21,30.17,15.16,20.94,0.0,20.11,3.8168399857312623,3.5973928424399624
1989-11-22,30.04,15.46,21.21,0.0,18.25,3.8046692097429697,3.2269253202134536
1989-11-23,28.64,16.07,21.22,0.01,29.8,3.211368791058932,3.8733656260565654
1989-11-24,27.67,15.86,20.95,0.98,34.47,2.904890255561946,3.3548394977639306
1989-11-25,26.38,12.82,18.96,2.99,52.18,2.356123699821532,3.2325585562969836
1989-11-26,26.04,12.31,18.01,1.38,49.83,2.3980771017698927,3.1177343087197973
1989-11-27,25.75,10.71,17.07,0.23,38.8,2.627862390889701,3.3876421150068095
1989-11-28,26.3,11.71,17.53,0.0,31.39,2.8308626171079183,2.6761692655490528
1989-11-29,25.81,11.27,16.57,0.0,28.6,2.827254596681758,3.548366125085855
1989-11-30,25.43,10.02,15.93,0.0,26.47,2.79863492592426,3.4485454337059784
1989-12-01,25.39,10.58,16.59,0.0,23.54,2.824445224589913,2.554852411730145
1989-12-02,25.68,10.7,16.38,0.0,22.37,2.9054295284497482,2.739761455897925
1989-12-03,24.47,8.39,14.58,0.0,24.69,2.6845343085589843,3.4151855005938345
1989-12-04,24.34,5.8,13.64,0.0,24.57,2.688450100819893,3.4593482864430745
1989-12-05,25.04,10.3,15.88,0.0,19.59,2.83677276801115,2.7526918003027125
1989-12-06,23.61,11.5,15.69,0.0,20.13,2.562265076886116,2.4671549980798355
1989-12-07,24.26,8.88,15.43,0.0,25.46,2.595011942346658,3.433481042983847
1989-12-08,26.62,11.52,17.97,0.0,27.64,2.94017770741581,2.8930008112535845
1989-12-09,26.52,12.96,18.46,0.0,36.29,2.7264872698470666,2.89428649000019
1989-12-10,25.86,10.43,17.14,0.0,41.89,2.562403934775178,3.0653558081275563
1989-12-11,25.36,10.96,16.8,0.0,43.64,2.447370759834275,3.0166063908807725
1989-12-12,23.75,10.62,15.86,0.16,44.95,2.1778950753717123,2.5527012497582726
1989-12-13,23.77,10.28,15.95,0.0,37.22,2.3155270144275404,2.4030410828202617
1989-12-14,21.97,10.56,14.56,0.0,33.81,2.092251650739391,2.277836920629954
1989-12-15,23.94,10.76,15.71,0.0,29.99,2.4691213907980694,2.4786860576286056
1989-12-16,23.74,8.81,14.93,0.0,27.74,2.495906869092292,3.0749167640780217
1989-12-17,24.64,9.26,16.7,0.0,24.22,2.6702638096274263,2.493015850151056
1989-12-18,24.91,12.0,17.64,0.0,20.32,2.7506120336132316,2.0540052795537243
1989-12-19,21.76,10.64,14.68,0.0,41.04,1.993811342649959,2.8012346053357735
1989-12-20,20.58,9.62,13.27,10.81,63.52,1.499403053430326,2.580367100227179
1989-12-21,23.12,8.44,14.62,0.01,50.28,2.0525467818108236,2.1638885719580028
1989-12-22,23.05,10.47,15.85,7.18,50.44,1.9744338603119895,2.500145860211855
1989-12-23,20.88,9.09,13.66,7.27,66.55,1.4661862096920144,2.5807943429609543
1989-12-24,19.57,7.34,12.81,6.27,67.92,1.3364588023295298,1.8553131596140964
1989-12-25,18.9,7.55,12.21,0.0,65.46,1.2898679841457048,1.8518456971317383
1989-12-26,19.04,5.81,11.31,0.0,71.04,1.2876538728734848,2.1145269609477175
1989-12-27,19.68,4.09,10.81,0.02,55.17,1.632803484269274,2.3814422587216417
1989-12-28,20.38,4.7,11.38,0.0,42.72,1.8581890836609576,2.3012759310928366
1989-12-29,20.01,6.64,12.41,0.0,36.01,1.8434840126807774,2.0424472556544178
1989-12-30,20.56,7.3,12.61,0.0,34.63,1.9367692477581822,1.8476739112352978
1989-12-31,20.71,5.69,11.4,0.0,41.05,1.9222371913129217,2.7478289352497063
1990-01-01,20.98,4.37,10.99,0.0,46.19,1.9203533621456041,2.7258879233836364
1990-01-02,20.12,6.1,11.96,0.0,42.17,1.7974682346366586,2.338548966176391
1990-01-03,19.57,6.4,11.94,0.0,38.93,1.7685525880790711,1.9559098215143904
1990-01-04,21.56,7.34,12.68,0.0,40.68,2.012730178363362,2.687292386093573
1990-01-05,22.14,4.97,12.13,0.0,52.93,1.9759423137566556,2.948379223476554
1990-01-06,17.49,8.14,11.07,0.11,61.64,1.1985355103462896,1.8071397908176545
1990-01-07,20.56,5.37,11.74,0.0,60.84,1.6310471097023875,2.212259635094657
1990-01-08,19.79,4.17,10.68,1.1,62.07,1.5615101548869808,2.429284849190378
1990-01-09,20.66,3.86,11.09,0.0,55.12,1.7697689632678826,2.9620287222609227
1990-01-10,23.05,5.18,12.68,0.0,48.81,2.15933786392002,3.5846891584057228
1990-01-11,24.59,6.35,14.12,0.0,49.94,2.3441562285526394,3.5431117832518737
1990-01-12,25.67,8.24,15.93,0.0,48.64,2.471060865731893,3.0443653773612884
1990-01-13,25.01,12.12,16.91,0.0,46.75,2.303424558444294,2.6740932015137893
1990-01-14,24.74,9.45,15.25,0.0,50.52,2.2994692772232406,3.3443283480225774
1990-01-15,23.85,6.1,13.36,0.0,45.61,2.3310774703583084,3.1377299645006334
1990-01-16,24.12,7.92,14.44,0.0,34.5,2.4862091803387454,3.093302845471803
1990-01-17,26.35,10.12,16.56,0.01,36.82,2.791312031166386,3.5909037681481797
1990-01-18,27.4,10.51,17.44,0.0,50.2,2.7160522537387384,4.050936956925636
1990-01-19,25.87,9.78,16.63,0.0,53.05,2.4089676372646522,4.073332402220693
1990-01-20,24.48,9.06,16.03,0.14,50.74,2.2071512839972813,3.776616103253411
1990-01-21,28.05,12.53,19.22,0.0,48.68,2.757708597017636,3.4192617569554327
1990-01-22,26.89,12.76,18.13,0.0,47.95,2.5981844670494407,3.371291934355939
1990-01-23,25.7,8.77,16.02,0.53,54.89,2.374274399981718,3.1278360949060278
1990-01-24,26.19,8.17,16.18,0.0,49.08,2.58497286815186,3.337889789020149
1990-01-25,27.13,10.18,17.27,0.0,38.29,2.9000036986519406,3.4520032206705116
1990-01-26,26.18,13.17,17.95,0.0,34.18,2.7330425431882226,3.103219179029975
1990-01-27,27.11,12.79,17.69,0.0,28.86,3.036708550355961,5.9507462320068
1990-01-28,24.74,9.08,15.16,0.0,23.89,2.751509785153429,3.5590894928621855
1990-01-29,20.64,5.75,12.25,0.07,33.08,1.9970787853516045,3.228353378423017
1990-01-30,23.3,5.21,13.41,0.0,33.71,2.387755079466026,3.402191409041666
1990-01-31,24.34,10.88,15.94,0.0,35.69,2.4416325141394384,2.9167095672522563
1990-02-01,24.18,8.57,14.75,0.0,40.53,2.3934011180954746,3.4958035173943283
1990-02-02,22.38,4.74,12.57,0.0,37.45,2.2179899591551475,3.4696475194049947
1990-02-03,24.52,6.19,13.35,0.0,32.35,2.6271366879047675,3.3800909564634822
1990-02-04,25.9,6.76,14.72,0.0,31.98,2.854910169377918,4.134079557694266
1990-02-05,27.22,8.33,16.68,0.0,34.94,3.010088912617362,4.118730952348722
1990-02-06,28.95,11.43,19.42,0.0,36.52,3.2277035437938086,3.584369109541295
1990-02-07,26.29,15.32,19.82,0.01,40.38,2.5484033170129177,4.569235008676949
1990-02-08,26.24,14.47,18.98,1.96,51.07,2.3293282898980276,4.135925059911272
1990-02-09,27.75,12.31,19.29,0.13,47.64,2.7391099063021067,3.7839487036686
1990-02-10,25.62,13.49,18.28,0.95,46.18,2.3669808959364715,3.3356023776968433
1990-02-11,26.97,10.31,17.82,0.08,41.81,2.785565084568944,2.7687002590362475
1990-02-12,21.69,13.33,16.2,0.75,53.06,1.6560331526170806,2.290984922015309
1990-02-13,17.72,12.6,14.78,13.94,82.04,0.6492323759338403,1.6892940627442055
1990-02-14,22.73,9.2,14.77,1.14,65.8,1.7453939264700298,2.9373160735098565
1990-02-15,23.27,5.89,13.45,0.94,52.67,2.125914272681298,3.608767274710444
1990-02-16,23.99,5.39,13.8,0.09,44.02,2.3650755175645375,3.6850109825879076
1990-02-17,20.35,8.26,13.7,0.0,40.55,1.7746126165115252,3.2306137289574486
1990-02-18,21.61,9.97,14.59,1.35,56.44,1.6810099923757875,3.581737520172202
1990-02-19,22.78,7.87,14.54,3.83,66.55,1.7411487389768858,2.790455677547138
1990-02-20,24.36,9.05,15.61,0.81,55.71,2.131868377276064,3.4326070413979433
1990-02-21,25.61,8.52,16.14,0.0,46.07,2.516672668796591,4.260942967480876
1990-02-22,25.7,8.87,17.15,0.0,40.87,2.5668125055192306,3.9061715522403686
1990-02-23,27.75,10.29,18.46,0.0,43.13,2.874028176119741,4.455718853949786
1990-02-24,23.82,11.99,17.27,2.36,67.05,1.686344790828457,3.764001768283562
1990-02-25,19.31,11.41,14.28,6.42,75.04,1.0367581410894353,3.26463171649555
1990-02-26,23.4,9.09,16.21,0.06,61.17,1.824210593223886,2.9729652384689955
1990-02-27,24.06,12.65,17.17,7.77,65.08,1.7781904796774353,3.890150034421017
1990-02-28,21.05,11.0,15.27,10.82,76.22,1.2198434839304733,2.7790993408083797
1990-03-01,22.89,10.0,15.12,0.75,58.48,1.8768406418141295,3.5667655402269656
1990-03-02,23.46,6.51,14.17,0.51,52.31,2.126480094006531,3.796523609758514
1990-03-03,25.29,7.45,16.06,0.0,38.66,2.5904420609678316,4.034504611615599
1990-03-04,25.9,10.32,17.09,0.0,34.3,2.732596017980506,3.9849667723021396
1990-03-05,25.54,10.72,16.9,0.0,34.71,2.6594207776932324,3.9341615046141136
1990-03-06,27.28,9.4,17.27,0.0,40.22,2.8992647194934125,4.771053050618304
1990-03-07,28.66,9.96,18.29,0.0,36.58,3.24734416074688,4.822264916491016
1990-03-08,30.31,12.79,20.52,0.0,32.05,3.6154723706455463,4.570433709159548
1990-03-09,31.37,12.11,21.44,0.0,31.89,3.861998425613142,4.65835608593793
1990-03-10,31.55,12.02,21.29,0.0,34.68,3.843987462200027,5.702575692484363
1990-03-11,30.02,14.95,21.37,1.5,39.7,3.3089340598990282,5.63153430656416
1990-03-12,29.02,11.83,19.7,0.0,47.02,3.044998879661235,4.684730967719541
1990-03-13,30.69,10.18,20.1,0.0,35.99,3.7107892733992784,5.364423586255766
1990-03-14,32.15,15.83,22.91,0.0,26.57,4.113950779903138,4.046554245072169
1990-03-15,33.25,13.12,22.57,0.0,33.11,4.293561109776766,5.514546049745784
1990-03-16,33.57,14.02,23.46,0.0,34.98,4.279896998087482,5.314639295152046
1990-03-17,35.09,16.35,24.85,0.0,34.07,4.679391666753919,7.755588016353355
1990-03-18,34.45,16.14,24.55,0.0,36.42,4.450759174183141,6.673676507132384
1990-03-19,33.51,14.99,24.21,14.66,45.17,3.9763852860440583,5.5070343376293085
1990-03-20,31.26,15.75,22.76,9.1,49.29,3.2864106044832386,5.180455933136005
1990-03-21,27.13,16.46,21.1,1.13,55.62,2.243701186994368,3.7210518354421627
1990-03-22,28.42,13.87,20.23,8.04,48.03,2.906714653861608,6.2262693520647305
1990-03-23,26.14,8.84,17.1,5.01,41.79,2.6897549650328427,5.090185553139776
1990-03-24,27.17,11.88,18.13,0.05,32.61,3.011264136106724,4.786227712799049
1990-03-25,27.76,10.46,18.65,0.0,30.56,3.1500212573104247,4.567584849391105
1990-03-26,28.25,11.85,19.68,0.0,33.2,3.1476355593017753,3.937549492312447
1990-03-27,24.4,13.97,19.15,0.0,48.79,2.002392961482286,4.591058869122455
1990-03-28,27.41,12.94,19.97,0.11,47.57,2.6073980714601355,4.352507964775536
1990-03-29,29.76,12.22,20.67,1.2,49.48,3.096054802173967,4.194447220841558
1990-03-30,28.11,15.68,20.94,1.74,49.78,2.623163539077985,4.9951973630545
1990-03-31,28.53,12.58,20.05,0.38,47.74,2.897673093209945,5.928794468433988
1990-04-01,29.09,12.88,20.18,0.0,44.87,3.0592485623560797,5.3006648603534146
1990-04-02,28.74,11.59,20.31,0.0,40.86,3.0802477771863765,6.077155172356863
1990-04-03,32.88,11.24,21.66,0.0,36.84,4.173923411131136,6.408168550188877
1990-04-04,34.5,13.44,23.71,0.0,31.35,4.700011278278669,5.271574828747926
1990-04-05,35.27,15.98,24.98,0.0,25.81,4.995918068756799,7.0438249680982015
1990-04-06,27.53,17.19,20.88,0.28,39.33,2.7529107210865544,5.638222710595726
1990-04-07,34.13,16.8,24.36,0.98,42.56,4.1704629383644125,6.580986850961928
1990-04-08,33.01,15.62,24.14,9.11,47.77,3.7306902042052634,7.024187968131709
1990-04-09,33.95,15.58,24.37,0.0,42.56,4.220691785138541,8.258692198606315
1990-04-10,34.55,14.37,24.37,0.0,35.51,4.560173369742896,7.629145475524737
1990-04-11,37.2,18.66,27.2,0.0,31.53,5.333349497464245,6.914715797122359
1990-04-12,36.05,20.4,27.33,0.0,36.72,4.727705996178092,6.9315332704219
1990-04-13,34.57,18.5,25.75,0.0,35.08,4.455056705920078,6.863226109380419
1990-04-14,34.2,15.93,24.69,0.32,36.11,4.378297831809597,7.223980640220437
1990-04-15,36.31,17.47,26.48,0.0,34.42,4.99604642981724,7.35239533331934
1990-04-16,37.19,18.58,27.22,0.16,32.16,5.32015781349363,6.616390372778232
1990-04-17,38.6,20.27,28.75,0.0,29.82,5.802399982619912,6.94850906348054
1990-04-18,40.01,21.41,29.98,0.0,28.22,6.311152481123999,7.3413126530666135
1990-04-19,38.69,20.36,29.1,0.0,26.43,5.970211767388289,8.331432224620203
1990-04-20,39.53,19.48,28.99,0.0,23.44,6.414404069420455,8.330676935244455
1990-04-21,39.76,19.41,30.0,0.0,19.92,6.567520211395534,7.090220103722287
1990-04-22,40.94,20.93,30.45,0.0,19.1,7.0435233538214055,7.186465494612333
1990-04-23,40.66,21.22,30.44,0.0,19.88,6.9072144333660646,9.949213713985865
1990-04-24,41.65,20.91,30.98,0.02,25.19,7.084746153227254,11.001785637405929
1990-04-25,42.55,22.95,32.81,0.0,24.57,7.397792776335489,8.121663354781147
1990-04-26,41.36,26.11,32.85,0.0,20.27,6.9947349792401114,6.907686642922709
1990-04-27,41.4,24.32,32.57,0.0,18.41,7.144382917924383,7.867627457096343
1990-04-28,41.5,23.03,31.81,0.0,15.89,7.332146484762499,8.467567203820066
1990-04-29,40.28,21.41,30.44,0.0,17.23,6.855752407115528,6.729392983317123
1990-04-30,41.22,24.01,32.17,0.0,14.44,7.253612803502297,7.714104157333544
1990-05-01,39.3,22.9,29.53,0.0,21.23,6.3438522589094175,7.4814772074056535
1990-05-02,39.44,22.02,30.49,0.03,27.04,6.058201012137809,8.548626009621717
1990-05-03,40.27,23.7,31.85,0.0,25.12,6.373309302265744,7.583119071906057
1990-05-04,40.73,24.49,33.12,0.0,22.5,6.604856113679867,6.9554931820221855
1990-05-05,40.48,26.09,32.85,0.0,23.11,6.452772296010945,8.820703565959244
1990-05-06,40.27,23.92,32.17,0.93,26.03,6.321097474619013,7.57398258064282
1990-05-07,39.78,24.61,32.6,0.01,27.85,6.002806747481969,6.781889457706937
1990-05-08,42.13,26.75,34.42,0.0,24.92,6.973486597476503,7.871423825313111
1990-05-09,43.62,26.6,35.37,0.28,22.41,7.742664700012293,7.949269217492976
1990-05-10,44.4,27.64,36.44,0.0,20.93,8.12548826838858,7.209913426390887
1990-05-11,43.89,27.99,36.18,0.0,22.42,7.799262750386587,7.9673946709794
1990-05-12,42.42,28.43,35.62,0.0,23.67,7.0574948512842255,8.215022780969575
1990-05-13,41.77,28.81,35.59,0.0,29.08,6.489306476064675,8.095819051215747
1990-05-14,44.53,28.69,36.69,2.1,26.06,7.872082872557667,8.026556392458161
1990-05-15,44.81,29.79,37.41,0.0,21.51,8.17915077153743,9.396992219380888
1990-05-16,46.14,30.11,38.45,0.0,21.51,8.802552852348592,9.25292446683297
1990-05-17,46.96,30.45,39.11,0.54,18.93,9.360046838790566,9.039963584564104
1990-05-18,45.08,29.89,37.7,0.18,19.09,8.440134866768114,8.637133829768073
1990-05-19,44.79,29.75,37.13,0.95,17.82,8.452585589542135,8.679146141793392
1990-05-20,43.32,27.95,35.31,0.06,16.73,7.924023802035678,8.113463909170632
1990-05-21,44.2,26.43,35.3,0.47,13.12,8.51293245104997,8.963885872064239
1990-05-22,44.24,26.44,35.61,0.3,11.74,8.604759761590586,9.116470079200724
1990-05-23,45.36,26.28,36.3,0.0,9.98,9.221667286895515,8.52420406989008
1990-05-24,46.09,28.56,37.4,0.0,7.85,9.661815604599155,7.264382623779744
1990-05-25,46.69,26.72,37.48,0.0,15.24,9.507471783795388,11.1898497805432
1990-05-26,46.04,29.39,38.03,0.0,18.33,8.929066096891685,11.302687817399983
1990-05-27,46.88,30.03,38.29,0.0,13.08,9.773805759009688,9.566079095367915
1990-05-28,47.25,30.25,39.09,0.0,18.66,9.49017114069972,10.913795480413812
1990-05-29,44.27,32.21,38.13,0.02,23.37,7.710058887548652,9.040314903917963
1990-05-30,44.71,32.78,38.41,0.0,18.84,8.20758573541639,6.363165951238497
1990-05-31,42.6,31.12,36.41,0.29,19.54,7.297274500143502,8.771795647275201
1990-06-01,43.47,27.41,35.66,0.01,17.51,7.924985971919741,10.20466526370637
1990-06-02,44.1,28.01,36.3,0.0,19.53,8.022740298241526,11.477193922307704
1990-06-03,45.26,29.06,37.39,0.0,17.32,8.711547941501394,10.958618270823303
1990-06-04,44.94,28.86,37.21,0.0,13.69,8.740838707847923,7.39879115195064
1990-06-05,45.3,29.07,37.52,0.0,12.2,8.977826569060182,9.069006258512506
1990-06-06,45.33,30.28,37.98,0.0,14.56,8.826606897343005,7.502689135784883
1990-06-07,44.93,31.27,38.34,0.01,20.32,8.232707976858858,9.93862713550234
1990-06-08,45.66,31.82,38.68,0.05,20.63,8.575162681846079,11.136160790571946
1990-06-09,45.13,30.9,38.21,0.06,21.16,8.28794446901545,9.878590451569368
1990-06-10,44.77,31.47,38.04,1.57,20.81,8.203390165302508,9.189733833977762
1990-06-11,43.93,30.77,37.39,1.53,22.38,7.700661762558575,8.19220048860008
1990-06-12,41.47,30.25,35.9,3.61,30.34,6.269145963717428,5.597651872549168
1990-06-13,42.54,29.28,36.09,0.0,25.45,6.99348383687142,7.9299555174983665
1990-06-14,43.46,30.26,36.93,0.0,21.53,7.588614122280763,8.914219670357955
1990-06-15,44.61,30.03,37.78,0.0,18.97,8.206929352451281,8.571581550118458
1990-06-16,46.35,31.84,39.47,0.0,15.54,9.221219494096342,8.097634716328388
1990-06-17,46.82,30.6,39.02,0.0,16.11,9.462411502353504,8.086128552853019
1990-06-18,47.94,30.09,39.93,0.0,13.53,10.20560805226501,8.770785542501894
1990-06-19,47.76,31.97,40.22,0.01,15.87,9.909699177996066,8.249602308200553
1990-06-20,46.39,33.02,39.94,0.71,17.63,9.047715619347661,7.537530032172164
1990-06-21,46.09,32.37,39.56,1.09,22.7,8.562970451755056,8.43922235176483
1990-06-22,45.49,32.17,39.18,0.18,24.1,8.197641007682755,7.802628593195689
1990-06-23,46.41,32.89,39.87,0.23,25.74,8.49037315427327,10.466366279013311
1990-06-24,45.52,33.93,39.73,0.21,28.24,7.8366548608877835,12.177702301448623
1990-06-25,45.25,34.15,39.65,0.0,30.21,7.55649247868283,11.049766190203622
1990-06-26,46.06,34.4,40.03,0.02,28.84,8.040254133835157,12.47497409797418
1990-06-27,46.41,34.59,40.47,0.03,27.38,8.294346997555145,10.356122518670869
1990-06-28,44.64,33.63,38.79,2.96,31.44,7.315094022900219,8.265601129662732
1990-06-29,41.29,29.78,35.57,7.36,47.67,5.220055698307221,8.86819677767714
1990-06-30,42.93,30.17,36.74,4.01,45.59,5.921965320668015,6.6046774748620924
1990-07-01,38.49,30.16,34.71,5.28,51.43,3.996269445661677,5.154807413745503
1990-07-02,36.89,28.52,32.71,13.38,62.25,3.219200820264408,5.712717903094477
1990-07-03,32.45,28.22,30.34,13.29,72.13,1.7672755650811438,3.2437966686627417
1990-07-04,36.85,27.56,31.8,5.36,62.4,3.383559782303417,6.1370487113495
1990-07-05,32.25,26.27,29.48,4.09,70.29,1.9494328240043832,6.008239552599851
1990-07-06,37.3,26.8,32.04,1.98,62.92,3.475559102708549,6.122572219444463
1990-07-07,40.13,28.43,34.2,0.41,53.74,4.641132547361719,7.885382703467271
1990-07-08,40.45,29.61,34.74,0.16,52.59,4.758475169360432,7.420121948673779
1990-07-09,38.89,29.59,34.3,14.83,54.44,4.077361901605194,7.110250611096939
1990-07-10,38.13,28.43,33.52,8.49,56.86,3.812372690168809,5.29546274803841
1990-07-11,36.36,29.18,32.56,10.29,58.89,3.215751136852726,5.741563269629965
1990-07-12,38.94,28.16,33.39,4.34,52.33,4.380930894537177,6.471519973518741
1990-07-13,42.15,27.53,34.88,0.0,43.15,5.987025576669579,8.871714923417901
1990-07-14,42.98,28.05,35.45,0.03,42.08,6.395892777684842,8.591102150323643
1990-07-15,39.41,28.97,33.65,0.0,50.61,4.579261970568835,8.619460818801187
1990-07-16,36.74,28.32,32.46,7.87,57.85,3.4091837566491403,6.006396664023795
1990-07-17,39.5,28.38,34.16,2.69,53.48,4.427472080671358,6.53119182139062
1990-07-18,42.02,28.64,35.49,1.3,45.91,5.719040666289645,6.375485943574722
1990-07-19,39.57,28.68,34.51,5.25,48.97,4.605931209459749,5.356250758365867
1990-07-20,39.14,28.62,33.8,6.08,50.48,4.490728073246128,5.506979259221907
1990-07-21,38.4,28.68,33.51,5.43,50.11,4.263997187531739,5.901331567042632
1990-07-22,39.98,28.86,34.13,4.19,48.96,4.845396945722177,6.803719516900283
1990-07-23,40.9,28.14,34.23,0.71,49.78,5.198947124146967,7.273016030519111
1990-07-24,38.66,28.05,33.3,0.21,52.86,4.249802572460012,7.032768132462262
1990-07-25,39.77,28.5,34.19,2.03,53.49,4.508368271465481,6.649392590133905
1990-07-26,40.44,29.02,34.99,2.63,50.69,4.824747572993952,6.517717819106072
1990-07-27,41.08,29.77,35.05,5.37,49.57,5.121467257766488,6.760511435334071
1990-07-28,36.95,29.41,33.14,23.47,55.55,3.4972118541225923,6.313229541739875
1990-07-29,39.01,27.22,33.43,3.06,54.87,4.291075423232193,6.238528066339819
1990-07-30,40.37,29.18,34.57,0.62,48.85,4.946877547543796,6.405395059541675
1990-07-31,41.04,29.24,35.19,0.27,47.34,5.233068196585906,6.305584995116097
1990-08-01,42.14,29.27,35.52,0.01,45.78,5.757127098959348,6.401932149868445
1990-08-02,37.57,29.04,32.72,1.17,59.42,3.6010696263419173,4.999744417208092
1990-08-03,37.17,27.15,32.01,1.0,59.29,3.5893054755235556,5.7636418162643315
1990-08-04,37.85,27.69,32.37,0.19,56.5,3.90301245789344,6.854254639528113
1990-08-05,35.73,27.45,31.19,1.02,61.39,3.121336011698795,6.8461557794694174
1990-08-06,36.35,26.56,31.33,3.52,66.03,3.113067501152696,6.6232090283709235
1990-08-07,37.83,27.68,32.53,0.29,56.36,3.881246675983378,6.733735301113869
1990-08-08,32.31,27.68,29.95,11.32,69.28,1.9221723855294917,4.153521644550709
1990-08-09,33.94,26.41,30.12,1.6,70.03,2.3514586104663078,5.155727818943823
1990-08-10,32.44,26.67,29.44,12.25,74.65,1.8252773267937301,4.719877904738674
1990-08-11,37.47,26.75,31.92,1.71,64.87,3.4658374474847706,5.851049342195889
1990-08-12,38.96,28.31,33.46,9.08,58.38,4.051148235981117,5.904131747325537
1990-08-13,37.55,27.26,31.91,2.23,62.18,3.6113242909825414,6.211944571452063
1990-08-14,33.77,24.69,29.12,10.95,71.94,2.4027594125309686,3.9691035330470292
1990-08-15,36.23,24.64,30.38,7.53,67.71,3.181352961279541,5.695296544561638
1990-08-16,37.59,26.16,31.86,0.3,62.0,3.657935494852955,6.612937002743012
1990-08-17,36.85,27.98,32.13,0.07,60.88,3.3732506076769972,6.633235198355787
1990-08-18,37.76,27.09,32.32,0.0,60.89,3.6732623423473867,6.1164239937756735
1990-08-19,36.9,27.03,32.32,6.29,63.28,3.246037672027475,5.7816926077684485
1990-08-20,37.25,27.49,32.26,2.06,63.28,3.380426782939206,4.662691827946287
1990-08-21,38.16,27.33,32.83,0.09,60.29,3.776272528909096,5.893159975057403
1990-08-22,37.53,28.08,32.57,1.51,60.6,3.5487185645318537,6.754780037625811
1990-08-23,37.68,26.85,32.26,1.54,60.2,3.7134180033686874,6.068200645350133
1990-08-24,38.85,26.66,32.5,0.44,60.29,4.093481585378068,6.734595842801972
1990-08-25,38.47,26.94,32.44,0.0,60.76,3.949662841845771,6.2429862661312425
1990-08-26,39.88,26.85,33.31,0.0,55.05,4.65874783621811,6.766702001689662
1990-08-27,39.96,28.17,34.33,0.0,45.22,5.010018532144425,5.94077961229615
1990-08-28,38.33,27.53,33.13,0.22,52.42,4.188866332654293,4.304624878158207
1990-08-29,29.35,25.57,27.69,19.65,77.57,1.2162182297346589,2.9866526601293857
1990-08-30,31.99,24.97,28.36,11.42,75.84,1.870486118333731,4.355769010657834
1990-08-31,36.73,25.18,30.76,1.76,65.28,3.412530565701153,4.910937700695511
1990-09-01,36.98,27.27,31.81,0.0,60.4,3.494032484536732,5.80230674481656
1990-09-02,38.21,27.28,32.7,0.0,55.48,4.0354006101032205,5.80632398642241
1990-09-03,39.07,27.57,33.23,0.02,53.55,4.367400002743478,6.404856189355359
1990-09-04,38.41,27.62,32.47,1.09,54.42,4.2007682021598765,5.954002924218024
1990-09-05,34.9,24.54,29.57,16.08,71.02,2.7204829826993735,5.408085651211934
1990-09-06,35.83,24.79,30.11,3.51,68.89,3.0473521065871783,5.320799530638164
1990-09-07,34.01,25.37,28.35,5.27,76.15,2.4354035429586807,3.478648481111049
1990-09-08,29.11,25.18,26.82,45.51,90.28,0.8483072337356723,2.5929604403835307
1990-09-09,30.91,25.19,27.46,34.73,87.67,1.2772339922991294,2.6974430986556968
1990-09-10,32.32,24.42,28.03,8.81,81.89,1.7814612794065532,4.33407632475226
1990-09-11,34.02,23.38,28.42,0.1,74.74,2.502125992653369,4.882969734386089
1990-09-12,35.09,23.58,29.38,0.0,66.87,3.014826559668361,4.9905549504848
1990-09-13,35.53,23.26,29.14,0.22,65.25,3.267137186798245,4.7766206642606654
1990-09-14,34.78,22.85,28.56,2.08,71.02,2.8897177797422846,4.836544903834748
1990-09-15,34.97,23.15,28.87,3.97,70.61,2.889431711323517,4.252070508173192
1990-09-16,35.81,23.4,29.41,0.03,65.7,3.291292718650527,4.750406260616609
1990-09-17,36.32,23.47,29.62,0.44,63.8,3.5391692350018933,5.012067640646625
1990-09-18,36.99,24.46,30.46,0.03,54.96,3.987557960120391,4.645065817198902
1990-09-19,34.63,24.43,29.08,0.0,61.31,3.114857204063125,4.618999976574638
1990-09-20,33.97,23.36,28.58,0.08,68.51,2.7112379390817205,4.4343412473557295
1990-09-21,34.55,24.43,29.17,0.05,65.98,2.901024565127873,4.729857522000624
1990-09-22,34.9,23.67,29.18,0.1,66.72,2.987768322293854,4.346194123661285
1990-09-23,35.57,23.7,29.5,1.43,64.22,3.25660698276597,4.693414395241661
1990-09-24,36.21,23.26,29.25,0.42,62.01,3.623316636979813,4.639746236972635
1990-09-25,36.77,22.8,28.91,0.19,62.56,3.8684639146623874,5.163056565536666
1990-09-26,33.41,21.73,27.21,17.72,62.66,2.9427330111427206,4.4476598722883605
1990-09-27,34.68,21.02,27.59,2.36,62.86,3.2934835100784317,4.478398888923097
1990-09-28,35.57,22.18,28.42,0.0,59.21,3.6212612955733916,4.37461132675195
1990-09-29,34.64,22.91,28.51,2.32,57.38,3.352464116947884,4.164899735296397
1990-09-30,32.0,23.64,27.26,13.32,64.38,2.4595670251960384,3.8673956118654393
1990-10-01,32.72,21.59,26.4,0.42,62.28,2.8928786881299042,4.243160549661758
1990-10-02,33.64,20.89,26.53,0.0,57.79,3.3087401154983818,4.557368538487192
1990-10-03,34.4,22.18,27.12,0.0,53.42,3.6042689951225406,4.711248540172451
1990-10-04,34.56,20.66,26.76,0.0,54.35,3.6748881978095156,4.490987988869891
1990-10-05,35.67,20.4,27.1,0.0,50.81,4.1431440843937075,4.515860407765308
1990-10-06,34.84,18.38,26.44,0.0,51.37,3.931510372758158,4.4288469233437535
1990-10-07,34.6,19.31,26.42,0.0,51.2,3.850472868535561,4.53816998837016
1990-10-08,35.47,21.31,27.03,0.0,46.27,4.223938931508171,4.900789505601773
1990-10-09,35.28,20.73,26.78,0.0,42.85,4.317859753361211,4.858168174326659
1990-10-10,35.76,18.19,26.18,0.0,43.93,4.508918243790075,5.060066514214866
1990-10-11,35.43,18.32,26.48,0.0,40.97,4.451947182638858,4.600960577882406
1990-10-12,34.99,18.11,25.96,0.0,41.17,4.33965259145398,4.3577652029629865
1990-10-13,33.5,17.54,24.71,0.0,44.46,3.8879003034236312,3.9569242466188843
1990-10-14,33.33,17.87,24.34,0.45,42.77,3.9197059191956867,4.612701089022021
1990-10-15,33.55,17.87,24.32,0.0,40.81,4.050944838604852,4.540902974525409
1990-10-16,34.31,17.28,24.56,0.0,38.61,4.325033143704974,4.332954561989088
1990-10-17,33.58,16.44,23.91,0.0,47.38,3.902483180881297,7.090732541452997
1990-10-18,32.58,14.71,23.18,0.01,52.64,3.659982245067074,4.865587784039097
1990-10-19,32.71,16.23,23.51,0.29,55.16,3.5258594593598076,3.926060870989733
1990-10-20,31.87,16.07,22.69,0.0,40.23,3.711890519424072,4.6076095830022
1990-10-21,31.22,14.83,21.9,0.0,35.41,3.7197397845696245,4.104602473054414
1990-10-22,30.73,15.19,21.86,0.0,33.3,3.631111226449711,3.7017320212125124
1990-10-23,30.66,16.1,21.91,0.0,34.67,3.573429584814186,3.8486133109152387
1990-10-24,30.78,15.89,22.28,0.0,31.36,3.6658577688593543,3.7335845254160356
1990-10-25,29.93,16.02,22.18,0.0,31.37,3.4481617278514864,3.419391407931241
1990-10-26,29.93,14.62,21.22,0.0,34.76,3.4156551834719666,3.709508373059322
1990-10-27,30.56,15.17,21.26,0.0,33.74,3.6055738385553946,4.160165593772285
1990-10-28,31.57,13.69,21.43,0.0,32.83,3.8928430427207963,4.259787773522466
1990-10-29,31.82,12.18,20.99,0.0,35.8,3.9176510966289886,4.257701177717411
1990-10-30,31.67,13.16,21.62,0.0,34.74,3.858130184722411,3.8299251497304767
1990-10-31,31.77,14.21,21.59,0.0,38.01,3.7969794853043948,4.654419291816045
1990-11-01,32.65,16.08,22.79,0.0,38.97,3.933809163384088,4.941520936930978
1990-11-02,31.37,15.73,22.35,0.0,41.39,3.5477666222246538,4.7086592440683335
1990-11-03,31.58,15.92,22.25,0.0,42.82,3.576145427973894,4.6320944724976005
1990-11-04,31.98,15.73,22.46,0.0,44.18,3.638798347531495,4.1798629126330455
1990-11-05,31.68,17.44,23.02,0.0,35.98,3.734358273283653,3.7083755937527685
1990-11-06,31.74,16.66,22.62,0.0,32.09,3.874386516899679,3.5834611077755953
1990-11-07,31.24,15.44,21.61,0.0,34.89,3.727240482120503,3.9359016314915105
1990-11-08,30.8,15.37,21.94,0.0,29.57,3.72690784093827,3.5760962229176037
1990-11-09,31.2,13.56,21.13,0.0,31.58,3.820486507114529,3.544522317559136
1990-11-10,31.04,15.76,21.28,0.0,31.06,3.776734561617343,4.357680194615778
1990-11-11,29.8,14.26,20.54,0.0,32.56,3.475239341175654,3.1513611923973
1990-11-12,30.1,15.53,21.33,0.0,29.9,3.5618216703967276,2.9056453134719393
1990-11-13,30.21,14.88,20.61,0.0,32.29,3.571960581248104,3.516736631838037
1990-11-14,29.61,14.78,20.42,0.0,31.38,3.4499644423314,3.3052839706501858
1990-11-15,30.38,13.34,20.28,0.0,32.61,3.6257203364782997,4.493120076393758
1990-11-16,30.61,13.32,20.5,0.0,30.66,3.7183760696973565,4.1664459964627305
1990-11-17,29.91,14.3,20.41,0.0,28.02,3.604607595143096,3.1592854476468935
1990-11-18,29.84,11.14,19.77,0.0,29.63,3.5863313721897243,3.6796325204119666
1990-11-19,30.14,13.85,20.82,0.0,31.25,3.5640040283188683,4.5595755658405075
1990-11-20,28.97,13.21,21.36,0.0,36.48,3.1098494251153252,3.285791534400981
1990-11-21,25.43,15.5,19.8,3.89,58.49,1.9301149235008555,3.8324187630800353
1990-11-22,26.04,13.44,18.59,0.0,58.78,2.187556659619683,2.3398209124284977
1990-11-23,25.86,14.0,18.76,0.0,47.55,2.3489315055456452,2.530855406777489
1990-11-24,26.77,12.42,18.58,0.0,42.46,2.6591084401160554,3.1766642241150977
1990-11-25,27.43,13.36,18.57,0.0,31.02,3.0445873693223087,2.8568118576980472
1990-11-26,25.95,11.19,17.09,0.0,26.78,2.865896896934625,3.259973529713411
1990-11-27,26.55,9.62,16.33,0.0,28.74,2.9786276771346234,3.214270220917406
1990-11-28,26.71,9.58,16.05,0.0,29.79,3.007402205655192,4.066044403019195
1990-11-29,26.5,6.95,15.54,0.0,28.85,3.0057658753635232,4.361860222353142
1990-11-30,26.59,10.69,16.78,0.0,24.52,3.04993069925577,3.3922106659551434
1990-12-01,26.55,9.99,16.36,0.0,23.96,3.0637363381644533,3.6366222038074465
1990-12-02,27.13,10.71,16.73,0.0,24.08,3.16370721943369,3.001379948974485
1990-12-03,26.08,9.41,15.63,0.0,26.96,2.9409193763619714,3.2619214374576035
1990-12-04,24.92,10.1,15.57,0.0,25.06,2.741036727128192,2.821182053305867
1990-12-05,23.98,9.72,15.0,0.0,27.26,2.543887504074151,2.9529289544301283
1990-12-06,24.3,8.22,14.79,0.0,26.71,2.6229337731665487,3.089054793472397
1990-12-07,24.46,9.39,14.96,0.0,26.33,2.648360246714284,2.8142748363416965
1990-12-08,24.91,12.83,16.4,0.0,26.61,2.6855125491258978,2.641215408490677
1990-12-09,23.97,8.95,16.47,0.0,35.93,2.339169450505737,2.774782833831388
1990-12-10,23.6,11.6,16.45,0.0,35.76,2.279176835160028,2.0205465270075145
1990-12-11,24.8,10.62,15.95,0.0,37.07,2.4986819711261536,2.7817160981207847
1990-12-12,24.39,8.75,15.11,0.0,37.59,2.461671077584636,3.2051993057473736
1990-12-13,24.9,7.75,14.85,0.0,37.69,2.5531071393095095,3.5961472127921024
1990-12-14,24.61,9.24,16.22,0.0,36.96,2.4560133448179875,2.7838400530850818
1990-12-15,24.72,13.3,18.0,0.23,35.52,2.4056355821791913,4.312336534056888
1990-12-16,22.02,12.91,16.22,1.62,52.2,1.7107509643627146,2.758162267647088
1990-12-17,24.5,10.35,16.04,0.0,50.59,2.1992888412680838,2.4416672525924747
1990-12-18,23.42,8.17,14.25,0.0,39.09,2.288789869885896,3.577425039901347
1990-12-19,21.67,4.73,11.93,0.0,34.96,2.148787995320805,2.72206870348519
1990-12-20,21.37,5.37,12.26,0.0,33.23,2.1033320395566957,2.502659229446765
1990-12-21,21.96,6.13,12.26,0.0,35.4,2.1679596551626883,3.128749937837966
1990-12-22,23.32,4.66,13.12,0.0,35.87,2.3702455220966088,2.9119391588532584
1990-12-23,23.31,9.82,15.18,0.0,31.5,2.339804203454733,2.316326740094056
1990-12-24,23.02,8.69,13.88,0.0,36.61,2.2607266035284357,3.04065988673222
1990-12-25,21.11,6.52,12.87,0.0,46.47,1.8504599729743378,2.434992295434029
1990-12-26,21.77,8.95,14.95,0.0,38.69,1.9700238116350608,2.072473412261255
1990-12-27,25.88,9.93,17.18,0.03,37.07,2.6485192337611734,3.172646468190434
1990-12-28,22.93,12.24,16.81,0.05,44.56,1.9652195021786119,4.2320336738472815
1990-12-29,18.54,5.56,14.18,3.1,50.1,1.3450297892043173,3.1768494014306383
1990-12-30,17.27,2.89,8.58,0.01,27.06,1.6903706356623185,2.6551280926860543
1990-12-31,15.34,1.37,7.38,0.02,33.42,1.4237343734928858,2.130699759791701
1991-01-01,16.15,1.44,7.82,0.0,43.77,1.3986704942131856,2.0579383546304917
1991-01-02,18.35,1.51,8.28,0.0,38.09,1.7281880497792892,3.0409989035020057
1991-01-03,18.54,0.55,8.35,0.0,34.72,1.7931171920872737,2.8927506205050144
1991-01-04,17.22,4.47,8.74,0.0,31.59,1.6268766745104757,2.345343970236403
1991-01-05,19.8,3.23,9.88,0.0,29.64,1.9761619671376287,2.511792412750723
1991-01-06,20.06,4.91,11.07,0.0,28.98,1.9847921973515141,2.425019607806612
1991-01-07,15.94,6.09,10.13,0.0,34.35,1.393341297471748,2.1649878980729227
1991-01-08,21.09,4.81,12.12,0.0,38.47,1.9830574160004082,2.5724498323427945
1991-01-09,21.28,5.99,12.14,0.01,49.17,1.8714945376736982,2.2329885360330732
1991-01-10,21.46,5.92,12.88,0.0,49.45,1.8894977039597856,2.1333435320613567
1991-01-11,21.35,8.44,13.83,0.0,37.14,1.9880524514383389,2.4609299093369748
1991-01-12,20.93,6.31,12.04,0.0,45.42,1.8822188297021987,2.7115539986313886
1991-01-13,20.27,4.59,11.16,0.0,44.98,1.8415888622027308,2.71310318431736
1991-01-14,20.44,4.92,11.61,0.0,33.32,1.9825152726125204,2.8510050662022333
1991-01-15,20.64,4.34,11.36,0.0,32.04,2.0320101918660702,2.7341320869285286
1991-01-16,19.69,5.7,11.44,0.0,28.31,1.9360487449782933,2.67481499913697
1991-01-17,20.43,3.06,10.53,0.0,35.42,1.9857974402294565,2.7990849208361044
1991-01-18,18.4,3.55,9.92,0.0,39.64,1.6580937814765788,2.6114719080539452
1991-01-19,21.1,2.14,10.24,0.0,38.25,2.0753538260734454,3.3075418019974387
1991-01-20,22.46,3.07,11.66,0.0,30.0,2.3570667439942006,3.4962048921115616
1991-01-21,24.26,7.42,13.91,0.0,26.8,2.6265870109180773,2.9638282429006684
1991-01-22,23.0,6.37,12.79,0.0,29.22,2.4113492398442515,3.425579079937896
1991-01-23,23.68,6.8,14.05,0.0,29.42,2.4849891720765647,2.849682474117591
1991-01-24,23.54,7.53,14.67,0.0,34.21,2.362083738858507,3.037300251095608
1991-01-25,25.21,10.68,16.92,0.0,32.73,2.6060914623331475,3.560640295171175
1991-01-26,28.92,11.44,19.08,0.0,47.71,3.0105082723411036,3.608318883617077
1991-01-27,30.56,10.61,19.0,0.0,44.76,3.544241248176916,4.093596312299112
1991-01-28,29.92,12.25,19.87,0.0,33.11,3.5169819759833754,4.036196908679067
1991-01-29,27.85,11.18,17.59,0.0,33.94,3.166666907431958,4.211488044420413
1991-01-30,26.03,8.95,16.89,0.0,23.02,2.976859586576645,2.9299850869940083
1991-01-31,25.74,8.97,15.73,0.0,17.79,3.006477819283754,3.2794823943534275
1991-02-01,25.08,8.51,14.79,0.0,21.4,2.846708218689433,4.0505150195383886
1991-02-02,25.15,6.63,15.22,0.0,21.64,2.8693068794000856,3.7054555422761126
1991-02-03,25.66,9.02,16.4,0.0,18.19,2.9639898950808696,3.3809324766818123
1991-02-04,26.12,8.28,16.04,0.0,22.45,3.0039887070788005,3.37106742094524
1991-02-05,24.92,9.18,16.47,0.0,25.73,2.7109537188957136,2.902138190506378
1991-02-06,27.08,11.49,17.83,0.0,27.77,3.081779190585329,4.26442898922154
1991-02-07,26.35,11.61,17.81,0.0,29.64,2.877062292834945,3.3212451553912503
1991-02-08,24.68,10.28,16.86,0.0,32.16,2.533021495599407,4.016469304039584
1991-02-09,27.2,11.27,19.1,0.11,33.77,2.898204059480916,3.3347969763422487
1991-02-10,27.18,14.89,19.35,0.0,35.8,2.8560865990523805,4.337684828620593
1991-02-11,26.66,13.39,18.5,0.1,53.7,2.4566388045692524,4.727003173856425
1991-02-12,25.68,10.27,16.82,0.27,39.91,2.650616382888043,3.112522860960207
1991-02-13,23.84,8.97,15.59,0.14,31.09,2.478757768560023,3.2715389306791134
1991-02-14,23.83,8.88,15.94,0.0,16.86,2.652346603962276,3.063341085373977
1991-02-15,24.02,8.62,14.81,0.0,22.72,2.6151159844074705,3.7620113195421565
1991-02-16,23.76,4.63,13.02,0.0,23.73,2.6361211593876726,4.149642600680253
1991-02-17,22.27,3.51,11.86,0.0,13.24,2.509562875600645,3.8060140596693812
1991-02-18,22.43,2.99,11.88,0.0,11.29,2.5535938016831246,3.3361658444288174
1991-02-19,26.31,6.52,15.8,0.0,14.27,3.1694608220479186,3.250405612290697
1991-02-20,27.64,11.87,18.84,0.0,11.06,3.4624466098749744,3.4524020433619014
1991-02-21,29.67,9.17,18.84,0.0,12.5,3.89618163037419,3.7866303059456645
1991-02-22,28.54,11.16,18.99,0.0,15.85,3.56106597652151,4.160931241034878
1991-02-23,27.04,13.37,19.3,0.0,27.32,2.9979973202448433,4.8280401601386345
1991-02-24,29.3,15.5,21.62,0.56,35.92,3.1929324215079746,5.188418845549052
1991-02-25,26.91,13.35,19.36,0.85,47.12,2.58124746630365,3.758160203720482
1991-02-26,25.31,14.26,19.07,0.1,49.35,2.1913818233851,3.256098380999136
1991-02-27,26.54,11.15,18.46,0.0,40.26,2.8130627474713084,3.710612566383824
1991-02-28,26.48,9.88,17.66,0.0,28.62,2.9573053861061087,4.290782438717722
1991-03-01,27.55,10.04,18.47,0.03,23.45,3.2405858222496047,4.3723324186398465
1991-03-02,23.15,14.01,17.49,0.0,29.5,2.2605739696904807,3.1809871350727477
1991-03-03,26.43,12.0,18.82,0.0,37.82,2.66220011855369,3.6257289150573744
1991-03-04,28.46,15.78,21.2,0.03,33.43,3.083861474918276,5.336138727588982
1991-03-05,28.62,13.38,20.23,0.0,35.55,3.1613202668848706,4.580607586239964
1991-03-06,27.72,10.58,18.15,0.0,25.95,3.2832804000799922,5.760388851227909
1991-03-07,28.7,8.4,18.03,0.0,14.9,3.6686697682369096,5.741007764698231
1991-03-08,28.92,14.38,20.43,0.0,14.27,3.6556845660013146,6.1111000811399325
1991-03-09,33.16,14.63,23.69,0.0,25.83,4.460655588092086,6.470361516657603
1991-03-10,33.44,14.97,23.34,0.01,19.51,4.644393676614155,4.750453440133545
1991-03-11,32.63,14.3,22.79,0.0,21.34,4.388644163967056,5.764976904887118
1991-03-12,33.83,14.87,23.81,0.0,18.68,4.762042287670204,4.708051323464918
1991-03-13,33.44,15.89,23.69,0.0,18.92,4.642110554897035,4.776437485776024
1991-03-14,31.53,15.33,22.41,0.0,18.08,4.177727442920364,6.415152671714453
1991-03-15,30.33,12.1,20.69,0.25,17.88,3.9409112362911314,4.920106615650506
1991-03-16,32.38,13.1,21.92,0.0,13.52,4.53450769166179,4.698531151584865
1991-03-17,34.58,14.24,24.05,0.0,13.85,5.117334465281774,5.161951690498642
1991-03-18,36.52,17.11,26.34,0.0,16.07,5.614511541635228,7.656887084507051
1991-03-19,32.16,16.04,23.3,0.0,27.73,4.07338828036757,5.818245703168447
1991-03-20,32.42,13.24,22.65,0.11,23.49,4.296861579367744,5.449483235441291
1991-03-21,32.49,18.15,24.22,0.0,17.05,4.399859775213365,4.1676797027424675
1991-03-22,33.79,16.22,24.26,0.0,18.21,4.755184268122804,7.857215806493212
1991-03-23,30.2,16.37,22.55,0.05,33.73,3.448471731346015,5.5352933374585795
1991-03-24,30.49,14.64,22.19,0.0,31.65,3.6076304268629555,5.377806728002462
1991-03-25,32.36,14.96,22.74,0.0,22.49,4.288349122339114,5.579879428937971
1991-03-26,34.88,16.44,24.73,0.0,19.79,5.011463092276738,6.382504549203162
1991-03-27,36.52,18.1,26.29,0.0,16.82,5.607416012920603,7.0817034184711805
1991-03-28,38.93,20.52,28.92,0.0,18.5,6.256562689027013,7.332620740978184
1991-03-29,40.49,20.95,29.82,0.0,22.33,6.712609903311737,8.811780912776737
1991-03-30,40.25,21.25,30.36,0.0,21.45,6.616648638296139,8.011023773804594
1991-03-31,40.25,23.82,31.58,0.0,18.03,6.684364227699625,5.6142963102331285
1991-04-01,38.61,22.1,30.42,0.0,17.69,6.128048582099508,6.321065930646387
1991-04-02,37.95,21.66,29.05,0.0,18.23,5.9275470229177,8.23276201195793
1991-04-03,35.94,18.6,26.97,0.0,20.17,5.256657912136688,6.198836100549776
1991-04-04,36.01,19.06,27.22,0.0,21.03,5.226404430534488,6.175884714135897
1991-04-05,35.84,19.36,27.54,0.0,20.36,5.192937456411528,5.9190241382724595
1991-04-06,36.86,20.69,28.76,0.0,18.14,5.545358226435702,6.12904439358498
1991-04-07,34.42,19.3,26.19,0.02,23.01,4.698904815727487,6.702696086586179
1991-04-08,35.06,18.96,25.63,0.01,35.83,4.609526944934632,6.5261906536667125
1991-04-09,31.83,16.56,23.58,0.0,41.69,3.714972422340507,5.817348884981153
1991-04-10,34.31,15.45,24.78,0.06,27.53,4.674191704093154,5.754307169023501
1991-04-11,33.28,16.54,25.14,0.0,23.36,4.446794289830628,7.497035087574433
1991-04-12,34.92,18.76,26.45,0.0,22.86,4.863440425075111,6.9781303003164075
1991-04-13,37.73,20.54,29.03,0.01,19.14,5.845410600293042,7.164340244786696
1991-04-14,35.95,22.07,28.16,4.6,27.36,4.9378947529882655,6.937629212717805
1991-04-15,31.96,17.0,24.14,22.37,35.94,3.7387351200653516,6.088268253462254
1991-04-16,31.28,13.34,22.25,0.0,31.45,3.835493363033579,7.389564374422902
1991-04-17,31.63,14.36,22.36,0.0,28.58,4.023789650841615,8.345011350216186
1991-04-18,34.85,11.73,22.98,0.0,25.99,4.999248060312203,8.444492165577813
1991-04-19,35.82,13.87,24.77,0.0,25.79,5.218722373211653,7.03995419002342
1991-04-20,37.93,16.67,27.23,0.0,23.51,5.893576800048323,7.558286089099425
1991-04-21,39.72,19.94,29.23,0.0,22.61,6.4883598892718855,6.690991302064007
1991-04-22,36.91,20.88,28.11,0.0,28.26,5.229115962270108,6.015564894032161
1991-04-23,36.16,18.25,27.15,0.0,32.18,4.9558616660977375,6.40355403010097
1991-04-24,36.76,18.87,27.59,0.0,28.41,5.279292839999209,8.324004823999775
1991-04-25,39.21,18.9,28.89,0.0,25.17,6.197141451666815,8.557108951385239
1991-04-26,40.17,20.57,30.36,0.0,20.19,6.694028350280351,7.849320143976851
1991-04-27,38.41,22.24,30.05,0.0,20.8,5.95863729415157,7.297692761368508
1991-04-28,40.45,21.71,31.0,0.0,22.31,6.648603479285602,8.614780240442892
1991-04-29,41.88,21.96,32.0,0.0,21.48,7.226446305476547,9.447062906426625
1991-04-30,42.29,22.84,32.74,0.0,20.22,7.451163017848477,9.351375429596857
1991-05-01,43.17,25.58,33.96,0.0,16.86,7.8969074494664975,9.730204295786482
1991-05-02,42.72,23.82,32.79,0.0,13.12,7.936363245382248,10.468213297049921
1991-05-03,40.13,21.96,31.07,0.0,15.59,6.794856959850752,7.423926411037258
1991-05-04,42.33,22.06,32.3,0.0,12.25,7.813974294600293,8.058920548736065
1991-05-05,43.31,24.13,33.51,0.0,13.43,8.148708844440936,8.770391382979176
1991-05-06,41.87,25.96,33.53,0.03,17.87,7.264093619677909,10.404565911332554
1991-05-07,42.05,25.55,34.25,0.12,20.31,7.1837366590726415,7.94690537375203
1991-05-08,41.99,28.33,34.66,0.0,18.18,7.280689964054393,7.4520955006369745
1991-05-09,42.87,25.46,34.58,0.0,17.23,7.752905392984054,9.401604094837156
1991-05-10,40.24,24.47,32.72,0.0,10.75,6.953131743450464,8.550951443370142
1991-05-11,39.7,23.83,31.61,0.0,12.02,6.7204554456774614,8.259350558893797
1991-05-12,42.04,22.09,32.31,0.0,10.73,7.736714299937219,10.17029871376049
1991-05-13,44.31,24.43,34.57,0.0,10.89,8.682370783700796,10.046710256116885
1991-05-14,44.48,25.78,35.1,0.0,11.83,8.701731945590385,9.869140831347545
1991-05-15,44.35,26.16,35.2,0.0,11.61,8.651052752801194,10.344256570383484
1991-05-16,43.27,26.82,34.75,0.0,11.19,8.1609101047094,7.917438707043799
1991-05-17,43.61,26.69,35.39,0.0,14.15,8.139833847506798,9.032850050125221
1991-05-18,43.11,28.06,35.52,0.0,17.4,7.721299724560227,9.094226356255447
1991-05-19,44.73,28.53,37.19,0.0,17.76,8.39558875110348,6.887887745465924
1991-05-20,43.01,30.84,36.87,0.24,22.08,7.297847565278712,6.68475662373172
1991-05-21,42.66,29.12,36.01,0.06,21.49,7.257097159764564,7.850230344324061
1991-05-22,38.95,26.31,33.27,0.0,25.74,5.691095789211744,9.447320584997803
1991-05-23,43.76,26.64,35.33,0.0,18.01,8.061263643568736,10.582213001375846
1991-05-24,45.29,27.5,36.68,0.0,17.3,8.71130416551235,10.294961522305986
1991-05-25,45.38,28.89,37.47,0.03,16.8,8.7514350402009,9.20058396850003
1991-05-26,45.16,28.56,36.84,0.0,13.32,8.873189992332891,10.07268593531922
1991-05-27,43.55,28.8,36.17,0.13,12.55,8.183370859680947,8.033058093394212
1991-05-28,44.74,27.76,36.3,0.0,11.77,8.803113145839651,9.298185906845497
1991-05-29,44.91,28.07,36.49,0.0,10.89,8.90299617519167,7.275810194788197
1991-05-30,43.96,27.0,35.65,0.0,11.35,8.46461497299014,10.832902620173636
1991-05-31,44.93,27.42,36.74,0.0,10.36,8.946075609386467,8.11897043417499
1991-06-01,45.82,26.87,37.29,0.0,7.97,9.519845190276257,8.796053875856252
1991-06-02,45.89,26.02,37.41,0.0,5.81,9.659130053423546,8.255655830204246
1991-06-03,45.71,26.2,36.67,0.0,6.69,9.53798867411731,9.012490600930287
1991-06-04,46.3,26.96,37.54,0.0,10.29,9.64599522967223,9.914757310990794
1991-06-05,46.74,27.23,37.77,0.0,13.29,9.707280413127702,9.401512556966441
1991-06-06,45.09,28.82,37.85,0.0,17.84,8.554882435882487,8.727213126760748
1991-06-07,46.26,28.87,38.31,0.02,14.74,9.299388682718938,8.004653711834345
1991-06-08,43.01,29.32,36.18,9.99,26.79,7.154139312781339,8.815964889085398
1991-06-09,45.5,27.47,37.02,0.16,29.05,8.22156480760558,7.826737077791697
1991-06-10,41.51,29.9,35.78,7.83,35.53,5.983920951933293,8.949942299752747
1991-06-11,40.76,28.71,34.54,0.69,41.99,5.502728095337762,8.435214015282856
1991-06-12,42.32,28.07,35.28,0.0,30.01,6.74643684501687,8.279351890206437
1991-06-13,42.38,25.37,34.41,11.75,37.34,6.593973937462355,7.718377356335369
1991-06-14,43.28,27.02,35.82,0.0,27.55,7.302739705789488,7.144256339063443
1991-06-15,44.44,28.18,37.11,0.0,24.41,7.902738020304549,8.284010032593152
1991-06-16,44.32,28.77,36.79,0.0,25.73,7.740864661162318,9.833943217398295
1991-06-17,44.7,29.7,37.64,0.0,28.81,7.6655531827148735,9.361993108579266
1991-06-18,40.29,30.16,35.46,6.16,35.14,5.510496644480211,9.547429814190242
1991-06-19,35.53,23.77,29.86,23.5,55.92,3.5113212237475855,8.224880219843893
1991-06-20,38.9,24.13,32.23,16.56,47.01,4.892629658175764,6.5328997205115185
1991-06-21,40.15,26.39,33.3,1.39,39.92,5.519044933878869,7.05736751889039
1991-06-22,40.44,27.2,33.51,0.1,37.75,5.775715148631157,9.174511578597615
1991-06-23,41.99,25.97,34.18,0.0,31.09,6.683106606064664,8.706785568136715
1991-06-24,43.73,25.45,34.61,0.0,31.53,7.45554091078334,8.574836153304059
1991-06-25,43.49,26.46,34.9,0.0,29.41,7.386498502374022,8.846261547116441
1991-06-26,43.37,25.98,35.01,0.0,27.78,7.4308402264622995,8.942427968236963
1991-06-27,44.83,26.85,35.68,0.0,25.07,8.205386286320026,10.307646635812254
1991-06-28,45.05,27.37,36.34,0.0,25.13,8.219313928349704,9.456984350886142
1991-06-29,44.62,28.86,36.65,0.0,25.24,7.951121763746743,8.885100625636994
1991-06-30,45.64,27.73,36.96,0.0,21.57,8.68015254820305,8.775058184465616
1991-07-01,45.4,28.51,36.92,0.0,25.53,8.32136228419812,7.79788363321361
1991-07-02,44.06,28.68,36.48,0.0,27.05,7.576303930100823,9.933371321527964
1991-07-03,43.93,29.57,36.87,0.0,28.0,7.381877589280349,10.106702309554155
1991-07-04,44.72,30.21,37.54,0.0,27.98,7.7168204959079585,10.147630057441356
1991-07-05,44.48,31.27,37.88,0.0,27.42,7.599525561090256,10.476291705124519
1991-07-06,43.92,31.12,37.79,0.0,27.55,7.338763500832212,8.238407062649603
1991-07-07,43.64,31.41,37.54,0.03,27.14,7.277761931877612,7.269525152045304
1991-07-08,44.46,30.99,37.84,1.6,27.62,7.632779307010666,6.939502319621056
1991-07-09,45.48,30.95,38.41,0.0,25.13,8.221902804388247,7.370207609132471
1991-07-10,45.87,30.69,38.38,0.09,25.48,8.41887128335139,5.490713101131601
1991-07-11,44.85,30.11,37.69,1.51,27.95,7.820953489989111,7.183523249339072
1991-07-12,43.21,30.72,36.72,2.36,28.86,7.019414628621787,10.442111901117745
1991-07-13,43.19,29.66,36.71,0.01,32.12,6.80983694729425,7.176452270289586
1991-07-14,43.96,30.8,37.43,1.43,32.13,7.105540616200671,7.7275584254341165
1991-07-15,43.14,28.98,36.23,4.01,36.0,6.717984958167357,7.931838520674934
1991-07-16,45.17,29.51,37.4,0.0,27.96,7.997119630960224,7.851879938422217
1991-07-17,43.66,29.97,36.94,0.0,34.1,6.9160894101921695,9.142459593160966
1991-07-18,43.35,31.93,37.72,0.15,35.38,6.549926320974725,8.566550974591102
1991-07-19,43.86,33.04,38.17,0.8,35.03,6.766434345401898,8.742843343623539
1991-07-20,44.36,32.52,38.52,1.06,34.35,7.011702291040351,7.956287876730408
1991-07-21,41.25,32.94,36.99,1.75,38.74,5.488975453101826,6.397703091655619
1991-07-22,39.01,31.6,35.02,12.5,46.26,4.4323722789840705,6.745661416481288
1991-07-23,40.72,28.68,34.86,1.88,46.05,5.254706118824837,6.297266583847326
1991-07-24,42.85,28.45,35.78,0.76,39.18,6.4223452605897995,6.320908638819432
1991-07-25,41.88,29.56,35.65,1.11,42.7,5.793157436639827,6.772347242925421
1991-07-26,42.56,29.98,36.52,0.18,41.99,5.998699517277839,6.422404000588934
1991-07-27,43.24,30.68,36.7,0.25,40.33,6.425917666606096,7.8859215565076335
1991-07-28,45.06,29.62,37.57,1.52,36.21,7.467593933416868,7.513972073772181
1991-07-29,42.65,31.2,36.4,4.04,39.44,6.194996195521133,9.904617441156033
1991-07-30,38.55,28.52,33.44,18.5,57.88,3.906043284434112,5.912349088431612
1991-07-31,40.85,29.46,35.11,0.94,49.63,5.015490202060554,6.578729235540674
1991-08-01,40.51,29.72,34.77,4.52,49.33,4.92322622438644,5.984187628967878
1991-08-02,41.91,29.85,35.86,0.0,44.73,5.653334771400253,6.923712903099207
1991-08-03,42.98,31.47,36.76,0.12,40.77,6.208503286019626,6.77569016420571
1991-08-04,36.79,28.55,33.48,33.24,54.56,3.4495489473708734,5.222054166762529
1991-08-05,37.12,26.76,31.77,20.8,65.71,3.3552307650612723,5.836688090716067
1991-08-06,40.46,27.13,33.6,0.03,54.71,4.896651476686767,6.478596882340693
1991-08-07,39.98,27.12,33.42,0.76,55.6,4.663607582783687,7.048331486120237
1991-08-08,40.4,26.54,33.43,9.97,58.5,4.71635974875511,5.8190918080893415
1991-08-09,40.27,28.12,33.89,5.59,54.58,4.783188359755867,6.68133639615216
1991-08-10,37.62,26.98,32.38,9.95,58.71,3.742663753615445,4.948856205036308
1991-08-11,36.59,27.37,31.7,2.9,56.53,3.5653326637864287,5.9199777865559415
1991-08-12,39.72,26.54,33.46,0.02,43.6,5.160371618199123,6.113701788479709
1991-08-13,40.6,27.22,34.29,0.0,39.36,5.572721264457915,6.6616953924161
1991-08-14,40.98,27.71,34.16,0.0,42.9,5.600877757272912,6.952129068959855
1991-08-15,40.78,27.19,34.14,0.0,40.5,5.653458111095771,7.444389427196389
1991-08-16,40.62,26.47,33.94,0.0,39.93,5.617794342316392,6.902913168922162
1991-08-17,40.86,27.05,33.76,0.0,45.64,5.460595091442456,6.781318971918814
1991-08-18,37.1,27.74,32.31,9.27,56.75,3.613132022754645,6.336660415260006
1991-08-19,38.66,27.26,32.95,0.0,56.52,4.132650819200743,5.9192404833218415
1991-08-20,38.6,27.73,32.99,1.94,55.1,4.158242052812739,5.708617989475431
1991-08-21,38.22,27.66,32.37,0.46,60.32,3.887730694401552,3.4707026064392044
1991-08-22,35.77,27.07,30.98,1.95,63.81,3.0891215180214715,5.9638783995570375
1991-08-23,34.64,25.31,29.57,17.72,69.79,2.6715946212433352,5.172923439681846
1991-08-24,35.89,25.33,29.89,8.43,68.81,3.1042827459291313,5.632773539944925
1991-08-25,36.12,24.96,30.36,4.22,66.66,3.2129898648088915,5.242634766454255
1991-08-26,38.37,25.6,31.6,4.46,60.92,4.085373737407081,5.871616622363201
1991-08-27,37.35,26.07,31.52,2.21,61.88,3.6399098006475494,5.443343133800876
1991-08-28,34.24,25.52,29.16,9.17,73.35,2.4829888201287695,5.823779103559344
1991-08-29,34.56,24.44,29.1,0.32,69.75,2.7451954460576826,4.301430421504391
1991-08-30,34.04,25.47,29.42,4.44,73.3,2.3863769848777774,4.58252047736501
1991-08-31,33.39,25.66,29.24,9.65,74.66,2.1501472988320907,5.201926458162206
1991-09-01,35.62,24.63,29.83,0.99,69.02,3.0375652258634527,5.825753842586543
1991-09-02,35.52,24.48,29.8,3.24,66.87,3.092006588007666,5.337901224040033
1991-09-03,36.75,24.55,30.68,3.1,63.82,3.5053854076203703,5.576768337206446
1991-09-04,39.75,26.21,32.5,0.0,52.96,4.846864856960613,6.424536141327552
1991-09-05,39.6,25.94,32.17,0.0,47.74,5.045624512072074,6.548142006110742
1991-09-06,38.08,24.68,31.72,0.17,54.67,4.237362633034951,5.498488443044827
1991-09-07,37.24,26.56,31.99,9.98,52.19,3.942689616140953,5.3406406655784044
1991-09-08,38.54,26.17,32.31,0.61,49.44,4.539651589609116,5.344099536329494
1991-09-09,38.72,26.0,31.75,2.7,49.26,4.693777683483484,5.936274962418871
1991-09-10,38.02,23.95,30.89,3.21,54.07,4.36926799305742,5.020321982957887
1991-09-11,37.91,25.48,31.34,3.38,52.44,4.331334520268578,5.466814184783993
1991-09-12,37.95,24.67,31.09,0.29,51.88,4.405358313307161,5.6996312911634925
1991-09-13,37.58,24.87,30.98,0.0,48.56,4.397468918052088,5.588946882409926
1991-09-14,37.28,24.99,30.99,0.0,48.29,4.300659236276287,5.2799775764006265
1991-09-15,37.51,24.21,30.97,0.01,51.97,4.249721520901918,5.280010351735476
1991-09-16,36.04,25.42,30.34,3.26,56.29,3.6128709213901278,3.854645226043633
1991-09-17,36.42,24.42,29.95,0.48,57.43,3.78121925736083,5.232039097399336
1991-09-18,35.15,24.0,29.43,4.8,56.38,3.425026389573475,4.86663518617151
1991-09-19,36.28,25.74,30.29,0.07,50.75,3.92699234155808,5.176419599179298
1991-09-20,37.0,24.45,30.27,0.0,45.98,4.3964445616198455,5.1707195144115845
1991-09-21,37.25,24.73,30.09,0.0,44.1,4.580451507219291,5.341272859252968
1991-09-22,37.8,22.74,29.92,0.0,42.0,4.891526079549536,4.950737935758188
1991-09-23,37.84,21.62,29.94,0.0,40.99,4.968014332599661,5.0723259808232095
1991-09-24,37.6,20.92,28.9,0.64,44.92,4.871708517373339,4.982376998859896
1991-09-25,37.9,20.68,29.18,0.0,43.04,5.024328968847213,5.460071634430527
1991-09-26,37.78,20.97,29.48,0.0,37.7,5.127990405112438,5.102322216552946
1991-09-27,37.43,23.02,29.35,0.05,38.49,4.942080747971496,5.084599701532793
1991-09-28,37.05,21.12,28.42,0.03,41.62,4.807814446594392,6.573467580167865
1991-09-29,35.49,20.97,27.45,0.31,47.65,4.147818997659334,5.710302801738705
1991-09-30,34.82,19.36,26.29,0.11,37.33,4.421247633593841,5.74380793081858
1991-10-01,33.96,17.34,24.69,0.0,31.05,4.448419587966981,5.802655027808275
1991-10-02,33.92,15.38,23.7,0.04,30.92,4.508308962128998,5.86225583547241
1991-10-03,34.53,18.0,26.11,0.0,24.3,4.735943194535022,4.680082721665256
1991-10-04,35.31,19.85,27.12,0.0,22.59,4.969468254829224,3.769529905996059
1991-10-05,35.64,18.75,26.4,0.0,25.65,5.036233544619077,4.287629735383276
1991-10-06,34.85,16.49,25.79,0.0,28.21,4.7508727249936396,4.378006411639809
1991-10-07,35.54,17.2,26.51,0.0,28.62,4.900694833192048,4.084626832023516
1991-10-08,35.7,17.97,26.5,0.0,30.59,4.880587852563367,4.988314040854131
1991-10-09,35.63,20.94,27.02,0.0,29.47,4.848787728154869,4.494998730455334
1991-10-10,35.88,18.16,26.08,0.0,31.41,4.950575178842516,5.161803473222059
1991-10-11,36.11,20.72,26.69,0.0,27.84,5.079978304941669,4.812862044118121
1991-10-12,35.81,18.76,26.06,0.0,27.95,5.049914984544055,3.967479174643645
1991-10-13,34.46,16.28,24.88,0.0,29.85,4.635711988913286,4.793516401301859
1991-10-14,35.14,16.25,24.88,0.0,32.74,4.761849430345503,6.163949871897366
1991-10-15,34.48,19.01,25.87,0.04,34.51,4.39904822236487,6.798106519806391
1991-10-16,33.74,18.99,25.67,0.13,37.46,4.0985494439282935,4.047560794351266
1991-10-17,32.34,17.46,24.22,1.96,38.07,3.8008616967906748,3.8274920769988703
1991-10-18,33.0,17.98,24.68,0.0,28.86,4.229393986445539,3.975264523102823
1991-10-19,33.34,17.65,24.21,0.0,26.93,4.389829548020648,4.04880922859059
1991-10-20,33.69,17.84,25.12,0.0,24.2,4.530029673198358,4.234499374571811
1991-10-21,33.6,15.22,23.93,0.0,28.29,4.445775999610088,4.434687234008112
1991-10-22,34.28,17.0,25.28,0.0,25.99,4.636879611027886,3.898382361299342
1991-10-23,34.26,18.0,24.64,0.0,27.21,4.617751387976208,4.555126620899278
1991-10-24,33.87,18.03,24.35,0.0,27.7,4.505729426110149,4.641489542407795
1991-10-25,33.36,18.15,24.26,0.0,25.62,4.422924467425991,4.275573923465672
1991-10-26,33.79,14.96,23.92,0.0,26.43,4.559776774655886,3.9388046993861128
1991-10-27,33.48,15.49,23.21,0.0,31.22,4.35619810809124,5.816792564416451
1991-10-28,32.5,15.35,23.0,0.0,35.64,3.964052340584718,4.915627396502843
1991-10-29,32.17,15.54,23.32,0.0,36.84,3.8353325119665858,4.074319931852439
1991-10-30,32.32,15.75,23.19,0.0,32.47,4.00028392329284,3.994748907413061
1991-10-31,31.54,16.82,22.6,0.0,27.41,3.941435637662002,4.488044553921718
1991-11-01,31.88,15.12,22.58,0.0,19.98,4.234096691085061,4.60014300774876
1991-11-02,32.28,17.15,22.96,0.0,16.7,4.3973671461804384,4.42611041022251
1991-11-03,32.09,15.33,22.83,0.0,15.04,4.400559911511498,3.7244012296819533
1991-11-04,31.06,11.15,20.71,0.0,17.39,4.133851604104211,4.095750101403728
1991-11-05,32.05,11.61,20.92,0.0,16.44,4.407713557147398,4.47918664977761
1991-11-06,31.58,11.36,20.92,0.0,16.9,4.26897365612031,3.9012810884859896
1991-11-07,30.24,11.43,20.15,0.0,19.12,3.8904614679567335,3.78234376700942
1991-11-08,30.07,12.15,20.55,0.05,20.04,3.816364682005263,3.6383310660611716
1991-11-09,29.51,12.78,20.21,0.01,23.18,3.6132620878648436,3.807631932568982
1991-11-10,28.66,13.46,20.65,0.06,28.61,3.285480342756039,2.9692198952954376
1991-11-11,26.43,14.53,19.3,0.04,59.68,2.2141017087775716,3.466491499500369
1991-11-12,26.91,12.33,19.37,0.0,48.92,2.550190009433533,2.901838889825704
1991-11-13,27.99,13.77,19.5,0.0,32.23,3.1042469632973755,3.49117460767552
1991-11-14,28.46,13.95,19.58,0.0,27.36,3.296008898198021,3.6329701293710706
1991-11-15,28.33,13.79,19.52,0.0,27.74,3.2538315508950966,4.138348978423132
1991-11-16,27.28,11.7,19.18,0.0,25.63,3.1015843472058444,2.878396134026052
1991-11-17,27.57,10.36,18.4,0.0,27.58,3.160855673878484,3.276678286581714
1991-11-18,27.29,12.39,17.97,0.0,24.62,3.153738806588726,3.6664655225437452
1991-11-19,26.87,10.11,17.43,0.0,21.86,3.135255392707342,4.273955794385597
1991-11-20,27.64,10.82,17.9,0.0,20.25,3.3039370637010106,3.842694938089109
1991-11-21,28.07,12.99,19.38,0.0,18.58,3.3929957207524875,3.29797786971402
1991-11-22,27.69,13.15,18.7,0.0,19.77,3.3005591505478624,3.229321563544954
1991-11-23,28.2,12.65,18.51,0.0,20.44,3.41155356969818,4.13257132952981
1991-11-24,27.96,11.61,18.23,0.0,20.67,3.3600850432571123,4.123498440075632
1991-11-25,26.98,13.99,19.51,0.0,18.89,3.1425344209112986,3.8339422146080344
1991-11-26,28.16,15.68,20.16,0.0,19.66,3.3678227703817707,3.810812597833748
1991-11-27,28.62,12.65,19.35,0.0,34.02,3.21088499171029,3.722049968455028
1991-11-28,27.22,11.51,18.22,0.0,31.66,3.0122781328702883,3.918127762533813
1991-11-29,26.87,10.74,17.51,0.0,23.36,3.0978111660413745,4.172775835416225
1991-11-30,24.56,10.01,15.46,0.0,19.74,2.7570197174636415,2.7931157757962715
1991-12-01,24.51,8.85,14.83,0.0,22.18,2.7126178319480547,3.2868842151873676
1991-12-02,24.16,6.88,14.25,0.0,19.01,2.736581631403025,3.9879428177284573
1991-12-03,24.52,6.69,14.89,0.0,13.0,2.8590849668393963,3.408685314001993
1991-12-04,26.43,11.37,17.21,0.0,11.56,3.2153588426440676,3.4171507262253806
1991-12-05,28.12,9.57,17.37,0.0,17.37,3.4741334365419703,4.86740010347397
1991-12-06,26.98,10.04,17.07,0.0,36.25,2.899218211429577,3.9843153112896124
1991-12-07,27.0,11.56,18.57,0.0,37.03,2.811865450387741,2.375829238543872
1991-12-08,27.72,11.87,19.45,0.0,33.31,3.017129208578562,2.552328785138216
1991-12-09,27.83,11.53,19.04,0.0,34.09,3.045073733976313,2.5475730742768277
1991-12-10,26.7,11.37,18.24,0.0,37.0,2.7764518897803123,2.620029916978193
1991-12-11,26.43,10.92,17.89,0.0,33.97,2.791600870640758,3.3214910786708134
1991-12-12,27.15,11.95,18.35,0.0,33.72,2.9184913746562495,3.1845619628799917
1991-12-13,26.89,11.96,18.0,0.0,38.36,2.790525267391353,3.424148999195098
1991-12-14,27.44,12.0,18.29,0.0,39.69,2.8716683430582086,2.9144581141788986
1991-12-15,27.5,14.22,18.62,0.0,38.12,2.8944733440686177,3.3199790157903775
1991-12-16,26.57,11.0,17.43,0.0,39.13,2.751316349882897,3.4202349524418483
1991-12-17,26.09,11.87,17.16,0.0,36.39,2.7010203814597395,2.2843045494482648
1991-12-18,25.79,12.77,17.91,0.0,32.41,2.6860901834391466,2.535180944685286
1991-12-19,27.3,12.17,18.32,0.0,31.22,3.0065709837718946,3.048443293858456
1991-12-20,22.01,12.51,16.23,0.0,36.42,1.9893077552210148,3.3682377640545567
1991-12-21,25.31,12.18,17.73,0.0,42.1,2.4129108985928025,4.311664057287127
1991-12-22,23.54,11.86,16.89,5.54,55.97,1.8628972372734351,2.3143099280901867
1991-12-23,20.17,11.19,14.62,2.1,61.16,1.3849677504375997,1.5895463860254544
1991-12-24,15.5,9.16,12.23,3.77,88.11,0.5115012706249227,1.1633839637340513
1991-12-25,18.4,7.67,12.79,0.48,70.04,1.132362776396234,1.49485601676726
1991-12-26,20.11,8.22,13.37,0.03,50.16,1.6145760255691881,2.0048512928252857
1991-12-27,19.49,6.57,11.65,1.72,51.11,1.6040081375921598,2.1980745304322507
1991-12-28,20.49,5.81,11.79,0.02,46.02,1.8182066939370678,2.251627612545934
1991-12-29,18.55,5.1,10.87,1.7,50.74,1.506274928184522,2.0063191960038185
1991-12-30,17.99,5.42,10.82,1.31,47.48,1.4784814229792345,2.1383083173631094
1991-12-31,18.93,6.01,10.47,0.0,43.41,1.6639085806676022,2.3898715942930475
1992-01-01,18.52,3.07,9.61,0.0,44.64,1.6354611810604416,2.503885842009646
1992-01-02,20.52,3.58,10.39,0.0,39.08,1.9613819424584853,3.0502388086763093
1992-01-03,21.05,3.47,10.77,0.0,42.55,1.980370034217319,3.0716554288478433
1992-01-04,21.3,5.84,12.16,0.0,45.6,1.9201787904915086,3.0471130800001474
1992-01-05,22.09,5.1,12.42,0.0,44.12,2.0734039923181697,3.3013717938544302
1992-01-06,21.88,6.41,13.79,0.0,46.39,1.930544054433042,2.6858143918999153
1992-01-07,24.38,10.65,15.85,0.0,48.94,2.1900406367195933,3.3201744909818762
1992-01-08,23.75,9.26,15.16,0.0,39.24,2.3255155709222843,1.7940483383135042
1992-01-09,21.24,8.07,13.19,1.85,41.05,1.9310923435681455,2.271462144886096
1992-01-10,21.78,3.89,12.15,0.01,40.61,2.088646065937648,2.5703249176559804
1992-01-11,19.35,6.88,11.65,1.64,54.76,1.5264417878919785,2.2727543319956913
1992-01-12,18.06,3.28,9.63,0.82,53.92,1.5019498936222462,2.6240016456602286
1992-01-13,17.72,5.42,10.52,0.0,34.8,1.6146835499900665,2.680926406719357
1992-01-14,19.62,5.38,11.25,0.0,31.2,1.8857517446422039,2.341008925525748
1992-01-15,20.86,3.17,11.02,0.0,34.44,2.0508765207338726,2.7520489294002166
1992-01-16,23.02,6.41,12.64,0.0,38.72,2.2811181868499935,3.0242854796561116
1992-01-17,22.52,4.47,12.39,0.0,43.19,2.1611472720878115,3.3541459396398707
1992-01-18,21.09,8.12,13.35,0.0,38.75,1.9388427508140362,2.55837279095788
1992-01-19,22.51,6.55,13.44,0.0,35.93,2.2144842634375417,3.1280201450342093
1992-01-20,23.19,7.89,14.29,0.0,40.48,2.213986235968174,2.5499241384452644
1992-01-21,24.61,10.51,15.96,0.0,41.67,2.3775887028581684,2.5034747651461324
1992-01-22,24.74,8.68,16.03,0.0,42.49,2.397597825659458,2.6271127046963167
1992-01-23,23.81,9.33,15.82,0.0,41.35,2.2479428384558573,2.859749287591815
1992-01-24,24.07,11.63,16.74,0.11,44.61,2.1809239794117117,2.1703492616002733
1992-01-25,23.43,11.39,16.62,0.16,64.64,1.7070589683925808,3.089740385979773
1992-01-26,20.18,12.63,15.74,0.13,69.22,1.1536738166001528,2.0601335102381673
1992-01-27,19.81,12.16,15.29,1.28,77.41,0.985940128454794,1.6310026372132385
1992-01-28,18.35,11.33,13.8,0.88,86.69,0.7537632176012705,1.3321629602097236
1992-01-29,24.54,11.44,17.03,1.26,68.11,1.8274666492463214,3.3586081840888364
1992-01-30,16.24,11.91,14.13,4.07,86.76,0.4502451666693137,1.2585290588897178
1992-01-31,20.55,10.5,14.23,9.48,77.77,1.190301029454112,2.1241399751304617
1992-02-01,21.94,8.61,13.57,3.92,63.76,1.729162892079445,3.2998956429462822
1992-02-02,23.58,7.56,14.64,0.0,45.38,2.225789092430288,2.4999794790409746
1992-02-03,24.48,8.69,14.88,0.0,39.09,2.4548192048667556,2.8191665629995355
1992-02-04,22.7,7.34,13.94,0.04,41.5,2.149393907238955,3.382855622491868
1992-02-05,22.73,7.94,14.44,0.0,45.14,2.0622715369306213,2.812361764268098
1992-02-06,15.86,10.95,12.93,5.08,73.31,0.7241966192799802,1.5495384115501838
1992-02-07,18.3,9.06,13.07,17.56,85.57,0.8233233872573935,1.9124336386916243
1992-02-08,20.73,6.63,12.47,0.0,69.17,1.4847337588734186,2.8078930508030364
1992-02-09,21.83,4.5,11.94,1.89,55.37,1.9195565738957316,3.338605526072084
1992-02-10,21.69,3.91,11.83,0.0,46.89,2.002004058878783,3.3598571065741982
1992-02-11,22.33,4.65,12.31,0.0,43.35,2.1360489828151685,3.5803505251685426
1992-02-12,22.32,6.42,13.62,0.0,45.78,2.0195448693166442,2.6020643542080606
1992-02-13,23.59,12.24,16.77,5.33,55.27,1.885779410022577,3.8383088918762223
1992-02-14,22.25,8.5,14.13,0.0,62.49,1.7519652733838504,3.4405222674228133
1992-02-15,23.58,4.68,12.95,0.0,44.66,2.3287169128526486,3.991889832945109
1992-02-16,23.71,7.85,14.73,0.0,31.41,2.4528847275078105,3.0354971363520002
1992-02-17,23.8,5.57,13.34,0.0,36.44,2.4404545350368094,3.6773766430736927
1992-02-18,23.37,5.07,13.5,0.0,42.18,2.2783808280388835,3.8932121475046357
1992-02-19,23.03,8.3,15.2,0.0,38.69,2.2077285927320274,2.3227429678243516
1992-02-20,24.65,9.29,15.72,0.0,39.22,2.4629543412466637,3.8070956809740815
1992-02-21,23.39,6.79,14.28,0.0,50.81,2.1261251490736854,3.6123898646844816
1992-02-22,22.78,7.37,13.98,0.0,49.19,2.0430583792203616,3.641245632803129
1992-02-23,24.18,8.32,14.99,0.0,46.09,2.288654297669712,3.7432696518257815
1992-02-24,25.46,7.08,15.43,0.0,45.29,2.556515488257405,4.203231735444257
1992-02-25,26.28,8.12,16.59,0.0,39.87,2.74882845082422,4.430799707415046
1992-02-26,23.65,12.07,16.95,0.0,37.85,2.2271952031635216,3.2792932999518847
1992-02-27,29.24,10.36,18.92,0.0,34.51,3.385174161018171,4.741497867455011
1992-02-28,27.71,13.81,19.53,0.0,43.61,2.7775706918137373,5.512894595375077
1992-02-29,30.15,11.21,19.33,0.0,42.91,3.4862646168406175,5.183158097639155
1992-03-01,28.79,10.47,18.11,0.01,30.57,3.4224478532954254,4.309854843065882
1992-03-02,27.95,7.52,16.24,0.0,32.11,3.276748779033934,5.574486339695169
1992-03-03,27.83,10.38,17.94,0.0,30.7,3.2058226818541105,5.344558220964917
1992-03-04,27.44,10.34,18.91,0.0,30.78,3.0577642813786756,3.7880088352906593
1992-03-05,27.32,13.61,20.31,0.0,37.42,2.767188373820747,4.432298635833263
1992-03-06,28.07,12.93,19.13,0.0,43.29,2.9230530291424643,4.747255599018361
1992-03-07,28.2,9.23,17.82,0.0,37.96,3.148748041636856,5.5930349211652075
1992-03-08,28.78,9.95,18.34,0.0,35.9,3.2973739564834914,5.600488569490042
1992-03-09,29.97,11.18,19.57,0.0,31.78,3.601923172735279,5.134921671249929
1992-03-10,31.21,12.35,21.1,0.0,27.89,3.936671789029678,4.255044043876705
1992-03-11,28.49,15.33,21.12,0.0,33.49,3.0878042113653223,5.331455732264462
1992-03-12,23.18,15.58,18.56,0.0,50.27,1.8005507383548334,3.1876687115503968
1992-03-13,24.7,15.1,19.07,0.45,63.64,1.7591095511599222,3.182783549834387
1992-03-14,27.87,12.73,19.13,0.01,48.94,2.857558960342992,4.758509517577573
1992-03-15,27.77,8.04,17.24,2.2,35.45,3.1555709981033777,5.957007853143012
1992-03-16,29.71,10.12,18.48,0.0,31.05,3.6147562360385823,6.288906065943777
1992-03-17,31.52,13.57,21.43,0.0,29.56,3.973443693237636,4.8727679809993605
1992-03-18,32.45,14.22,22.36,0.0,33.14,4.0847045516825515,5.4813226662368955
1992-03-19,32.7,15.9,23.07,0.0,30.44,4.184039277714071,4.805252304121807
1992-03-20,34.13,18.42,24.89,0.11,29.27,4.489825728038495,6.7174328788575695
1992-03-21,30.1,15.92,23.26,0.17,38.99,3.214262519392676,4.07493043524211
1992-03-22,30.33,18.1,23.19,0.04,39.93,3.2261769097869273,3.7235599225219205
1992-03-23,29.7,17.69,22.82,3.83,56.18,2.6757630032252546,4.045978858381025
1992-03-24,31.95,17.5,23.89,0.07,47.74,3.455449763014044,4.8851145120504675
1992-03-25,26.48,17.57,21.21,1.58,50.93,2.1942096427016757,3.4403940816043215
1992-03-26,31.78,17.07,24.16,3.56,52.04,3.2138155599690523,4.66489030044607
1992-03-27,29.95,17.51,22.59,0.75,53.46,2.8631074342731884,4.55516330122121
1992-03-28,28.91,17.15,22.38,0.67,44.96,2.852250204457095,3.6247196088527502
1992-03-29,29.55,13.68,21.5,0.0,40.21,3.1859765917830556,5.0537574763199995
1992-03-30,29.34,14.0,21.32,0.58,42.54,3.1063510107928116,4.933883826306204
1992-03-31,30.93,13.11,21.63,0.0,34.23,3.672270192592627,6.266628416610743
1992-04-01,32.43,13.55,22.82,0.0,31.27,4.116455860286201,5.805756251469254
1992-04-02,32.92,14.45,23.74,0.0,32.34,4.167059647693273,6.7245128340638445
1992-04-03,35.2,15.77,24.92,0.0,32.09,4.77813027077274,6.573760799736467
1992-04-04,35.7,17.42,26.29,0.0,28.69,4.974024774790097,6.6360866831387515
1992-04-05,32.95,18.22,24.65,0.0,34.39,4.0467447574059126,7.028091707837717
1992-04-06,33.23,17.79,24.77,0.45,35.32,4.047943350434754,6.262761150994759
1992-04-07,31.31,16.27,23.92,0.0,36.34,3.599832018163928,5.908639060540009
1992-04-08,34.19,16.1,25.03,0.0,30.77,4.516185356460006,6.8396284283655
1992-04-09,35.99,18.49,26.78,0.0,25.96,5.116429109442078,6.185333820362329
1992-04-10,32.6,17.96,24.59,0.01,25.48,4.1844773831496545,6.315460182006686
1992-04-11,30.91,16.58,23.89,0.75,30.4,3.641941486640925,5.37782952769067
1992-04-12,34.27,15.61,24.77,0.0,27.42,4.661127040445066,6.865150492387713
1992-04-13,34.4,16.49,25.43,0.0,25.86,4.676799640216392,6.677524237425237
1992-04-14,35.86,17.92,26.85,0.0,25.88,5.061999865951078,6.429186425703477
1992-04-15,35.42,19.21,26.96,0.0,24.53,4.946401613694121,6.933108475042217
1992-04-16,37.31,17.81,27.66,0.04,25.69,5.553278561083429,7.7691751704822885
1992-04-17,37.42,22.14,28.47,0.0,26.93,5.434322948552062,7.0809337243378545
1992-04-18,40.39,20.83,30.37,0.0,22.03,6.667685750207309,7.587973653821851
1992-04-19,38.7,22.8,30.21,0.0,22.86,5.984557017801736,6.851314669713143
1992-04-20,39.15,21.79,31.04,0.0,21.7,6.14724246385898,6.4797648295740435
1992-04-21,36.29,22.23,28.85,0.01,21.4,5.196799419325318,8.933167426928977
1992-04-22,33.93,18.4,26.64,0.0,28.17,4.4256432379581785,7.0435864608201175
1992-04-23,35.84,18.3,27.9,0.0,23.36,5.098394233689048,6.423042591525161
1992-04-24,38.16,20.65,29.17,0.0,20.4,5.929882420901753,6.397404346430146
1992-04-25,39.46,20.68,30.19,0.0,20.09,6.397924200568671,6.636200023553939
1992-04-26,39.88,22.65,30.92,0.0,20.33,6.487423760886041,8.087243259954946
1992-04-27,41.53,23.22,32.11,0.0,22.23,7.022642457868781,8.340573070191164
1992-04-28,42.56,24.24,33.63,0.0,21.87,7.409304105064546,7.850495873657191
1992-04-29,40.62,25.89,33.04,0.16,22.57,6.568917060643587,8.808066011761193
1992-04-30,40.89,24.91,33.2,0.73,20.43,6.762736087393131,6.665394276471686
1992-05-01,39.44,25.01,31.79,0.39,22.54,6.168081699658539,9.058091340454615
1992-05-02,40.27,22.54,31.4,0.05,22.11,6.591041292693752,9.246101293738825
1992-05-03,35.76,24.84,30.09,0.25,24.83,4.832795125883497,9.215493271876532
1992-05-04,38.03,20.75,29.27,5.28,35.2,5.315800578963129,10.10184617152497
1992-05-05,36.35,21.9,28.73,3.29,36.79,4.721350312240456,8.622969924302753
1992-05-06,36.29,19.97,28.01,6.57,40.48,4.7006072962150665,9.597939307454544
1992-05-07,39.0,20.23,29.31,0.0,31.1,5.881616399134978,10.370025291741964
1992-05-08,39.09,19.82,29.64,0.0,28.28,5.998422888740356,8.116286515457169
1992-05-09,40.36,21.86,31.16,0.0,26.33,6.446265682216087,7.695861132503952
1992-05-10,41.45,23.34,32.14,0.0,24.61,6.911788316474131,10.04875226365662
1992-05-11,42.99,24.16,33.45,0.0,23.24,7.567412186349876,8.88621095934756
1992-05-12,44.3,25.46,34.99,0.0,20.17,8.229930716139553,8.085924733173155
1992-05-13,45.25,27.94,36.2,0.0,18.58,8.687173257576218,9.709409353862549
1992-05-14,44.01,26.73,35.44,0.0,21.9,7.941552047921678,9.664109137057563
1992-05-15,43.77,27.1,35.43,0.0,20.55,7.917691454301768,8.617834518033582
1992-05-16,42.85,26.39,34.64,0.0,18.82,7.612878429000923,9.03442189083951
1992-05-17,42.0,25.23,33.9,0.0,14.65,7.528374628427785,8.202397274661747
1992-05-18,40.91,24.55,33.29,0.0,15.1,7.044307686918712,8.723302992326118
1992-05-19,41.04,24.4,33.21,0.0,15.41,7.080589033076554,8.641127759122067
1992-05-20,40.58,24.46,33.01,0.0,16.98,6.805919690620808,8.604805992321449
1992-05-21,42.34,27.26,34.88,0.03,13.47,7.63481435665884,8.194844035278557
1992-05-22,44.31,27.71,35.75,0.0,12.42,8.56193227836691,9.633059777773525
1992-05-23,44.93,27.58,36.53,0.0,12.65,8.826076444375781,8.593666683531394
1992-05-24,45.52,28.06,37.2,0.0,12.05,9.129463840490969,9.829838904351677
1992-05-25,46.27,28.45,38.04,0.0,9.25,9.647098358558743,7.30651535120376
1992-05-26,39.68,27.54,33.9,0.14,23.57,6.068909843935263,12.437877187053415
1992-05-27,40.61,27.06,33.72,1.84,28.65,6.164545375894251,10.61293838408848
1992-05-28,42.51,27.11,34.83,0.0,25.08,7.1232330397216845,10.188217764032
1992-05-29,39.97,25.41,32.73,0.01,24.46,6.247939277587062,9.541003947897684
1992-05-30,39.4,26.41,32.71,2.49,20.15,6.191579051853982,8.445233601275145
1992-05-31,38.07,23.56,30.86,0.43,20.98,5.7896665999095855,7.970757220748334
1992-06-01,40.48,23.61,32.3,0.0,18.92,6.737548630680533,9.077439258454454
1992-06-02,43.23,24.43,34.19,0.0,14.35,8.045167131729738,9.352281317103087
1992-06-03,44.03,27.8,35.86,0.0,14.33,8.309369305209213,8.921676923959627
1992-06-04,43.99,26.81,35.93,0.0,17.11,8.142398198460334,9.746793545199065
1992-06-05,44.92,30.38,38.05,0.0,15.07,8.577154057789839,7.840638004830451
1992-06-06,45.76,31.45,38.48,0.0,13.78,9.063890107863322,8.104473646867925
1992-06-07,46.91,30.85,38.81,0.08,13.61,9.673107525680406,8.935681611623076
1992-06-08,46.41,30.58,38.92,0.0,13.56,9.39364553852103,8.622182533362588
1992-06-09,44.82,29.31,37.45,0.42,12.95,8.686013094206821,7.46307141146695
1992-06-10,45.11,28.86,37.68,0.02,12.03,8.888147742296303,6.745840632531881
1992-06-11,45.16,28.96,37.51,0.0,12.99,8.85462047011862,9.76259885910036
1992-06-12,44.58,28.69,37.13,0.66,14.21,8.523224216062298,8.025674382255243
1992-06-13,44.51,28.47,36.46,0.0,15.21,8.49180833442592,11.769311686303146
1992-06-14,45.34,28.11,37.12,1.11,14.85,8.895885892450412,8.514923138378705
1992-06-15,46.42,29.76,37.9,0.0,13.76,9.477532748164693,10.609718154288261
1992-06-16,46.52,28.44,38.35,0.0,11.43,9.639357682228594,8.767298586858614
1992-06-17,47.1,28.71,38.91,0.0,10.19,9.99663996266917,8.91108236470601
1992-06-18,47.19,28.65,38.86,0.0,10.7,10.022359372872597,9.1583841308003
1992-06-19,45.35,29.11,38.23,0.0,15.02,8.768114507537774,9.041033676567933
1992-06-20,45.52,30.36,38.64,0.0,21.87,8.416782282710008,8.511715322755922
1992-06-21,45.37,34.4,39.67,0.0,27.93,7.793929800963842,8.704269889615997
1992-06-22,44.94,33.48,38.63,3.13,23.28,8.106327978837367,10.701164955632377
1992-06-23,45.62,30.16,37.84,2.37,23.78,8.432247112383337,7.286488296515797
1992-06-24,46.19,30.51,38.38,0.69,19.87,8.977037396940794,8.618215983074025
1992-06-25,43.94,30.55,37.03,3.77,21.93,7.763903438084448,6.85159291456216
1992-06-26,43.39,29.52,36.39,1.66,29.93,7.12793865290544,9.350423688387194
1992-06-27,42.61,27.75,35.54,3.01,35.15,6.5653780041791965,9.244487860834502
1992-06-28,43.75,29.73,36.92,0.0,33.6,6.999694581325626,7.901950463753899
1992-06-29,42.36,31.11,36.97,0.01,27.59,6.696586089360457,7.19981629276972
1992-06-30,42.16,29.88,35.85,7.87,34.2,6.381371756786038,6.330297322283177
1992-07-01,38.07,27.49,32.81,7.65,42.22,4.60912917352705,5.598597773003826
1992-07-02,40.46,27.25,34.24,0.02,37.08,5.6692092320210286,6.685114620018852
1992-07-03,40.25,28.51,34.29,3.53,39.51,5.418237731623801,4.7479250857269015
1992-07-04,41.87,29.14,34.78,0.11,35.54,6.320187843956982,7.302646530158844
1992-07-05,43.59,28.06,35.73,1.06,28.96,7.348399231254344,9.284198047498332
1992-07-06,43.65,29.85,36.67,0.0,30.92,7.139338130147002,9.930172693373637
1992-07-07,43.64,28.55,36.09,2.87,34.51,7.010362567013749,7.850926110673122
1992-07-08,43.44,28.16,35.79,3.9,36.5,6.8385926246476885,8.498270009098096
1992-07-09,39.25,29.26,34.33,9.04,40.86,4.9574009267495445,7.277359177961627
1992-07-10,40.09,28.23,34.32,5.42,44.43,5.1258063973127435,5.623632711068378
1992-07-11,40.42,29.63,34.74,0.39,40.2,5.391102850840092,7.285336757909725
1992-07-12,38.91,28.53,33.62,8.16,45.64,4.636793355433563,6.0629155477548
1992-07-13,40.71,28.14,34.8,0.95,43.74,5.345525313911697,6.104527348134266
1992-07-14,40.49,29.45,35.15,0.83,43.0,5.217619329545167,7.18866075173333
1992-07-15,41.13,30.1,35.72,0.07,41.24,5.506249482595029,6.4162801755056735
1992-07-16,42.47,30.91,36.62,0.0,36.37,6.25907632501886,6.452514584619105
1992-07-17,40.94,30.63,35.47,2.04,40.4,5.4933689907776575,7.841084597502213
1992-07-18,38.57,29.49,33.45,3.25,46.98,4.467223253985994,7.935048440149932
1992-07-19,35.52,27.7,31.8,2.78,54.76,3.2546560089204184,7.25422708770568
1992-07-20,38.49,27.78,33.36,0.4,52.03,4.2126773807499545,7.329532560065056
1992-07-21,37.14,29.92,33.13,1.48,53.77,3.628519308015216,6.276967277818386
1992-07-22,36.74,28.6,32.4,2.95,57.16,3.450964017117244,6.279221294278263
1992-07-23,36.26,28.36,32.16,4.79,59.55,3.2270159632125495,5.229597118157256
1992-07-24,34.36,27.51,30.31,15.95,72.99,2.326331993593843,3.659556908997429
1992-07-25,35.94,26.46,30.57,5.07,69.56,2.97141060863518,6.073850215208699
1992-07-26,34.39,26.81,30.41,16.33,70.24,2.417744028183597,5.130035965544332
1992-07-27,38.24,27.26,32.63,1.51,59.71,3.8676114971637205,6.80797299891179
1992-07-28,39.65,27.97,34.07,0.0,50.78,4.627265873104232,6.547951298274989
1992-07-29,38.67,28.62,33.19,0.72,51.81,4.302570951972317,6.599300822373955
1992-07-30,38.22,27.97,32.48,0.41,54.05,4.128548565065907,8.162868660161807
1992-07-31,39.14,27.34,33.07,0.64,50.79,4.578485841301774,6.580520369279281
1992-08-01,39.64,27.73,33.63,0.54,53.18,4.568694080885665,6.342789859959048
1992-08-02,37.39,27.44,31.87,5.72,59.35,3.677125255265346,6.292223287019667
1992-08-03,31.76,25.44,28.72,8.88,73.27,1.8212046556289305,4.898632470066251
1992-08-04,35.06,26.37,30.59,4.03,64.44,2.865722999751086,6.353733156382277
1992-08-05,34.07,26.18,29.72,8.07,69.15,2.50671178211957,4.617935567125349
1992-08-06,35.19,26.37,30.72,6.48,64.99,2.8521034236083542,4.845228863234199
1992-08-07,38.31,26.75,32.36,1.43,57.15,4.061908853332828,6.448720586686693
1992-08-08,37.0,27.77,32.06,3.19,57.82,3.572310219779707,6.096791892853446
1992-08-09,34.61,26.77,30.65,8.09,65.28,2.686366110944396,5.78418342099581
1992-08-10,33.44,26.14,29.63,11.66,70.72,2.24961620444838,3.55892375611891
1992-08-11,33.29,25.95,29.69,18.7,73.14,2.096243024082814,4.773383665944934
1992-08-12,36.62,26.86,31.58,0.89,62.53,3.3110713796711897,6.313001199796431
1992-08-13,37.35,27.18,32.56,0.85,59.82,3.5432274665583168,4.783581321474287
1992-08-14,39.52,27.57,33.46,0.29,54.72,4.478276989563387,6.224728044498014
1992-08-15,39.22,28.89,34.19,4.15,51.82,4.3883399934198355,4.6894090644167115
1992-08-16,36.96,27.52,31.89,0.32,63.16,3.363881084070483,5.327203001062295
1992-08-17,34.52,26.87,30.6,1.23,65.49,2.6419013100608986,4.448345191270411
1992-08-18,34.05,26.37,29.9,7.78,71.7,2.3465852542340473,3.878242186887429
1992-08-19,35.17,25.86,30.24,21.72,70.37,2.745120367974938,4.4551271373414805
1992-08-20,36.37,26.31,31.32,7.96,66.89,3.096616465586262,5.294343774031348
1992-08-21,36.02,27.03,31.83,1.67,63.13,3.055476741527014,4.982242322906993
1992-08-22,37.75,27.41,32.46,0.92,56.48,3.8772557061557134,5.852530306803827
1992-08-23,39.29,27.49,33.19,0.05,49.61,4.683450512331717,5.7046625865682365
1992-08-24,36.86,26.67,32.22,7.55,58.06,3.4849437966647367,4.32842178905063
1992-08-25,38.26,26.42,32.15,2.88,60.88,3.9141191480734556,6.257827062064411
1992-08-26,38.39,26.68,32.23,0.0,55.3,4.199755122667515,7.080339791431112
1992-08-27,35.43,26.96,31.15,10.38,57.55,3.2260439490423596,5.4382384216155115
1992-08-28,37.62,25.03,31.5,0.03,57.44,3.9690269962696525,5.315380951490859
1992-08-29,37.75,25.34,31.45,0.0,58.22,3.969736114990869,5.3065007797276325
1992-08-30,38.32,25.63,32.41,0.0,56.16,4.104365197828264,5.617722308011177
1992-08-31,38.26,27.35,33.16,0.74,56.3,3.9529041872763475,5.5736359881189586
1992-09-01,38.11,27.77,33.17,0.49,54.99,3.9568265160819878,5.130462184692265
1992-09-02,38.2,27.89,32.96,0.03,56.61,3.9311786593126676,5.565433362650898
1992-09-03,35.42,27.84,31.82,0.19,61.25,2.9194976514959112,3.224393854942756
1992-09-04,33.49,26.7,29.85,21.24,68.72,2.304056889304778,3.9107521432101255
1992-09-05,36.34,25.22,30.83,1.33,61.61,3.4296716880797375,5.031319599273574
1992-09-06,35.1,25.03,29.94,6.09,69.78,2.7687532504956445,4.371762100782402
1992-09-07,34.26,26.28,29.94,0.09,68.06,2.577100424672394,5.536669343514989
1992-09-08,32.68,26.22,29.14,2.25,71.5,2.084914302764392,4.746724286120019
1992-09-09,30.44,25.6,27.6,15.14,83.22,1.2950186175948653,4.261289438292496
1992-09-10,31.75,24.31,27.48,23.9,78.53,1.8615390438130226,3.986599479883265
1992-09-11,32.51,23.16,27.39,1.32,72.84,2.294389505024081,4.78707119163729
1992-09-12,33.76,21.94,27.06,3.43,69.25,2.875343173487622,5.18282422705187
1992-09-13,34.57,22.23,27.96,0.13,62.53,3.244584404722505,4.9396316294619025
1992-09-14,34.82,21.94,28.17,0.25,58.51,3.442535898189475,5.049005745332783
1992-09-15,34.8,22.86,28.31,0.12,57.99,3.4176715272518456,4.7923294842219555
1992-09-16,34.91,22.81,28.33,0.03,56.91,3.492846137583306,5.252170911611748
1992-09-17,33.81,21.72,27.33,2.2,58.13,3.2353148110425853,4.624154972989371
1992-09-18,33.58,21.62,26.95,1.29,61.7,3.092878313404285,4.704778683770565
1992-09-19,34.85,21.14,27.26,0.0,59.83,3.521310715556919,5.097501626245007
1992-09-20,34.78,20.55,26.89,0.0,56.77,3.6583013558480797,5.388713975931352
1992-09-21,35.54,20.0,27.16,0.0,54.96,3.9286051637163646,5.91935305451481
1992-09-22,35.96,20.17,27.3,0.0,53.26,4.1281842419132175,5.618544013571167
1992-09-23,36.49,20.95,27.78,0.0,48.98,4.404917050639048,5.397322976485459
1992-09-24,36.6,20.92,27.58,0.0,45.7,4.574697897934417,5.439322379896691
1992-09-25,35.44,20.76,27.01,0.0,44.57,4.280643657083959,5.224804999752586
1992-09-26,36.15,21.12,27.29,0.0,44.65,4.505957617816241,5.138711259695289
1992-09-27,35.65,20.7,26.92,0.0,44.15,4.376468965019344,5.261632576166954
1992-09-28,35.25,20.3,26.59,0.0,47.1,4.173422865898879,5.304646846394356
1992-09-29,35.92,19.85,27.13,0.0,45.4,4.415238571829184,5.023859839122086
1992-09-30,36.41,19.73,27.57,0.0,39.62,4.737718484242351,5.5424447021380026
1992-10-01,36.55,20.85,27.81,0.0,38.03,4.796779144801034,5.383268567822636
1992-10-02,36.88,20.89,28.07,0.0,38.52,4.876932237013237,5.334111625757854
1992-10-03,37.02,21.7,28.28,0.0,39.66,4.85861321393238,5.3780570483271495
1992-10-04,36.4,22.95,28.47,0.0,37.55,4.7021094345459,4.672962968016508
1992-10-05,35.06,19.94,26.95,0.16,41.47,4.2434078868197505,5.891419945811646
1992-10-06,33.82,20.88,26.15,0.19,44.17,3.8468826590942795,4.892926091551535
1992-10-07,32.35,17.75,24.4,8.5,51.89,3.401098197396435,4.901295789288832
1992-10-08,34.15,18.01,25.29,0.0,44.59,4.050260080248841,4.75803907982273
1992-10-09,35.04,19.51,26.17,0.0,43.03,4.261882239742015,5.082523410185009
1992-10-10,34.68,19.29,26.32,0.0,44.72,4.095323921455948,4.0816752436211665
1992-10-11,33.54,19.06,25.8,0.0,49.71,3.6034719824497135,5.247253461542371
1992-10-12,34.25,19.07,26.12,0.0,51.47,3.770078200347239,4.77034046185728
1992-10-13,34.26,19.29,25.97,0.04,43.42,4.029850065853356,4.708109439557807
1992-10-14,35.32,20.15,26.1,0.0,36.03,4.618299137498864,4.704194213049867
1992-10-15,35.94,17.77,25.69,0.0,31.03,5.018238525647256,4.954586707802131
1992-10-16,34.88,18.02,25.6,0.0,29.63,4.696607128198928,4.782695626766327
1992-10-17,34.45,18.15,26.23,0.0,31.76,4.4263955467297,3.8618456298664245
1992-10-18,34.44,18.26,25.47,0.0,37.03,4.3213895594135385,4.786897600274357
1992-10-19,34.32,19.03,25.51,0.0,36.82,4.289008862335181,4.447406298713359
1992-10-20,33.39,17.31,24.2,0.01,40.9,4.015474747530208,5.30674669061003
1992-10-21,33.24,16.43,23.87,0.01,39.79,4.010791093272628,4.416502688221716
1992-10-22,32.81,17.82,24.2,0.0,36.33,3.949891307066331,4.497127313618212
1992-10-23,32.97,16.44,23.61,0.0,35.73,4.085284520761133,4.812326992268563
1992-10-24,33.2,16.99,23.75,0.0,30.77,4.283837985410495,4.440587146128881
1992-10-25,32.55,15.55,23.28,0.0,30.08,4.115032093616661,3.9154539207250365
1992-10-26,33.34,17.56,23.46,0.0,30.09,4.333433077270907,4.5864550845217495
1992-10-27,31.95,16.27,22.82,0.0,30.87,3.956831102225249,4.45067038812733
1992-10-28,32.41,16.9,22.92,0.0,28.53,4.144086213661582,4.030513711506745
1992-10-29,31.75,15.96,22.34,0.0,27.71,4.006248125469155,3.684108538583054
1992-10-30,31.23,16.44,22.25,0.0,29.15,3.831333329989623,4.004509636996741
1992-10-31,31.6,16.08,22.88,0.0,28.9,3.9081482565752226,3.1862147330998942
1992-11-01,31.46,15.31,22.36,0.0,32.62,3.7994758043468515,3.8174171746493477
1992-11-02,31.34,13.67,22.01,0.0,30.85,3.84113962207262,3.878636976891243
1992-11-03,31.22,14.25,21.59,0.0,31.97,3.7946227120388993,3.475266715094729
1992-11-04,30.78,14.68,21.46,0.0,35.57,3.593117351476612,4.2980904727007045
1992-11-05,32.07,15.85,21.88,0.0,33.0,3.994617444581787,3.693627135849529
1992-11-06,29.87,14.56,20.56,0.0,29.89,3.548633124774089,4.139631764802354
1992-11-07,29.22,9.95,18.24,0.0,28.43,3.5483016142075035,4.886148327028829
1992-11-08,29.71,10.29,19.1,0.0,22.78,3.7355541545452753,4.200749212276079
1992-11-09,29.86,14.0,19.85,0.0,20.59,3.7736511387902816,3.386065305948635
1992-11-10,30.11,13.5,19.76,0.0,22.67,3.7989666063998713,3.5935199617351814
1992-11-11,29.74,14.1,20.39,0.0,22.47,3.689106458705613,3.3460097279031826
1992-11-12,30.11,11.14,20.02,0.0,26.44,3.7286783776938135,4.046659435885319
1992-11-13,30.54,11.59,20.45,0.0,28.94,3.7442582247443523,3.6448238067946983
1992-11-14,30.03,13.05,20.67,0.0,28.8,3.6151462594246997,3.1998070420266376
1992-11-15,30.37,12.57,20.8,0.0,36.47,3.4833166678221126,3.843154349904403
1992-11-16,29.93,13.69,21.18,0.0,40.81,3.256077520783181,3.1827860269574435
1992-11-17,28.83,16.48,20.85,0.0,42.83,2.9591175853258256,3.6211047647124213
1992-11-18,29.28,17.07,21.64,0.0,41.56,3.0398301045632894,3.557610014191845
1992-11-19,30.52,16.31,22.71,0.0,37.97,3.381048494074103,3.616233772062246
1992-11-20,24.56,15.14,19.68,10.85,64.04,1.6438138796458197,2.635561497694945
1992-11-21,24.95,10.98,17.14,0.0,57.76,2.129348901967458,2.701569295560085
1992-11-22,23.66,11.06,16.2,0.0,46.66,2.0982022170896735,2.762373970130129
1992-11-23,24.79,10.77,15.85,0.03,46.19,2.3493699096612626,3.4668780659619203
1992-11-24,24.55,6.97,14.36,0.81,44.58,2.423819083573951,3.692908293119178
1992-11-25,25.15,6.33,14.9,0.0,37.84,2.6242592483874865,3.3320015326052927
1992-11-26,24.76,9.92,16.57,0.0,29.42,2.6019631823859566,2.392792540142744
1992-11-27,24.62,7.63,15.42,0.0,34.84,2.534008373554122,2.7739774805168076
1992-11-28,24.87,9.81,15.87,0.0,37.06,2.5167960927189608,2.7598511764991756
1992-11-29,24.46,11.8,16.13,0.0,36.58,2.437121989457419,2.9149862073102963
1992-11-30,24.55,7.88,16.52,0.0,38.99,2.408429202336314,2.2344664212773866
1992-12-01,26.06,11.64,17.98,0.0,33.54,2.7180919752275754,2.3191477506201115
1992-12-02,26.14,11.36,17.04,0.0,37.09,2.7085723743994365,2.835190538204587
1992-12-03,25.11,9.87,16.51,0.0,37.82,2.5175291211304316,2.621732931805345
1992-12-04,25.33,9.51,16.24,0.0,38.79,2.5595176863368065,2.9418116641794074
1992-12-05,22.1,10.47,15.01,0.0,43.08,1.949381942654667,2.416678487623983
1992-12-06,24.79,8.64,14.97,0.0,44.95,2.4212104615346646,3.039757990977908
1992-12-07,24.33,9.05,15.43,0.0,43.72,2.3272169768476045,3.279769720481402
1992-12-08,25.14,10.47,16.76,0.0,44.72,2.3758633349980935,3.758640085465137
1992-12-09,26.31,10.14,16.59,0.0,44.19,2.6673787138301526,3.7816767236871436
1992-12-10,25.25,7.88,15.28,0.0,39.72,2.6017852426447114,3.715312186023596
1992-12-11,24.55,10.28,15.97,0.0,32.82,2.516934142278541,2.628368896504847
1992-12-12,26.17,10.16,16.43,0.0,35.02,2.7701963087813963,3.180487787639199
1992-12-13,23.01,7.05,13.54,2.03,48.81,2.113535113901595,3.374263973660231
1992-12-14,23.24,5.01,12.71,0.0,43.57,2.283143979461025,3.4015964071911133
1992-12-15,24.55,7.47,14.47,0.0,35.22,2.5473963415541228,2.8627114068837676
1992-12-16,20.71,9.71,14.2,0.0,32.15,1.9374784000061234,1.808279488012881
1992-12-17,24.05,8.43,14.94,0.0,29.71,2.520880794043925,2.6240708144885647
1992-12-18,24.3,7.47,15.04,0.0,33.76,2.501218440841951,2.5200312590895293
1992-12-19,23.75,9.75,15.38,0.0,35.12,2.3616033340292804,2.5053792490716615
1992-12-20,25.53,10.03,15.89,0.0,39.71,2.5922875439756847,3.2298774886053643
1992-12-21,24.92,8.26,15.09,0.0,47.67,2.3911746975883785,3.4204852201583686
1992-12-22,24.82,7.26,14.69,0.0,47.97,2.4016350089134493,3.5857731951641187
1992-12-23,25.65,7.29,15.45,0.0,38.6,2.6870298638175907,3.1464988052806766
1992-12-24,26.07,11.69,17.55,0.0,30.74,2.800078011049364,2.454248254500499
1992-12-25,26.75,11.77,17.59,0.0,30.51,2.9321552417458934,2.8521899150071537
1992-12-26,26.72,11.36,17.5,0.0,32.99,2.8896901457137454,2.8627280719279575
1992-12-27,26.03,9.01,15.94,0.0,32.97,2.825375050377505,2.925474432218546
1992-12-28,24.24,7.45,14.37,0.0,37.28,2.464401844397731,3.842892425381655
1992-12-29,24.67,8.26,15.39,0.0,35.75,2.5407846306451196,2.729032917896946
1992-12-30,26.94,12.37,18.02,0.0,31.05,2.941119658870897,2.8790642090936043
1992-12-31,26.13,13.62,18.67,0.01,40.48,2.5654711310125613,1.904924023076191
1993-01-01,25.19,13.67,18.49,0.17,46.43,2.2622030316811785,2.723769356396208
1993-01-02,26.35,12.59,19.17,0.71,45.31,2.476907679008182,1.9864375139620936
1993-01-03,26.51,11.89,17.73,0.47,48.11,2.549527774196544,2.8167485101783933
1993-01-04,24.3,9.54,15.3,0.0,42.35,2.3694193921707956,3.2988786447461305
1993-01-05,19.79,9.05,13.75,0.0,33.79,1.7937730057117136,2.834512655922933
1993-01-06,21.35,10.53,14.38,0.55,50.21,1.7531176003536293,3.1598998743103475
1993-01-07,21.5,7.46,13.31,0.36,60.38,1.7256259209193079,2.9112367092764693
1993-01-08,21.95,3.82,12.19,0.02,41.13,2.139269191729373,2.85363521576803
1993-01-09,20.99,6.95,13.07,0.74,38.73,1.9152212242326683,2.20555765231815
1993-01-10,19.65,7.77,12.65,0.02,42.5,1.7000295540735122,2.746668502401616
1993-01-11,16.3,7.43,11.27,0.34,62.9,1.0401615533794861,1.7874983924496015
1993-01-12,21.67,4.92,11.69,0.03,51.04,1.971918205734144,2.9222832142728388
1993-01-13,20.66,3.02,10.51,0.0,41.36,1.9823024412186303,3.270630962009035
1993-01-14,22.11,4.66,11.65,0.0,30.06,2.295586089951534,3.091909766095149
1993-01-15,22.22,7.57,14.47,0.02,27.42,2.2510024775929223,2.951993536625264
1993-01-16,15.03,7.99,12.46,3.09,67.08,0.7663880897958677,1.862553637236762
1993-01-17,19.74,4.62,10.48,0.0,58.13,1.6592138058388475,2.791939892111277
1993-01-18,18.69,2.13,9.59,0.21,46.16,1.6567848952938367,2.572193666022234
1993-01-19,19.28,1.66,9.33,0.0,42.41,1.7818124790160947,3.0032649383306604
1993-01-20,20.68,2.49,9.65,0.0,34.31,2.072132729029804,3.147705659068067
1993-01-21,18.69,1.46,8.81,0.0,26.13,1.8771564677794268,2.843609550500651
1993-01-22,19.76,3.7,9.83,0.0,29.0,1.9712196042256958,3.2825473058819767
1993-01-23,20.05,1.68,9.64,0.0,31.27,2.0000546179285803,3.4565583270440334
1993-01-24,21.62,2.46,10.97,0.0,30.87,2.2063106439732487,3.253529276943751
1993-01-25,22.24,4.59,11.9,0.0,29.74,2.295587800670646,3.4645741095588893
1993-01-26,22.85,3.39,11.99,0.0,29.36,2.4133810326025205,4.363139172693509
1993-01-27,25.14,3.76,12.76,0.0,34.26,2.7650499712253183,4.606378458830629
1993-01-28,26.24,5.48,15.31,0.0,24.09,3.015877772203918,3.6439226260037505
1993-01-29,26.08,10.54,17.76,0.0,25.5,2.874051917485371,3.752198834467855
1993-01-30,26.05,9.46,17.14,0.07,43.34,2.595689844826498,3.006273876351263
1993-01-31,26.22,10.02,16.47,0.08,36.48,2.787005602146076,3.6570926613804393
1993-02-01,24.91,7.16,15.1,0.09,30.01,2.692454260098236,3.5318964839182234
1993-02-02,26.77,8.65,16.74,0.0,23.16,3.1042661070836286,4.133942357127319
1993-02-03,27.59,11.42,17.69,0.0,24.93,3.2214456168266024,3.693543635163845
1993-02-04,27.17,9.62,17.0,0.0,28.58,3.0936013166207594,4.101543792411383
1993-02-05,29.2,8.54,17.88,0.0,29.14,3.5279130406663297,4.957747558834119
1993-02-06,29.3,10.44,18.73,0.0,29.76,3.492293011693944,4.7067079305648205
1993-02-07,31.91,10.57,19.27,0.0,28.73,4.150271608290894,4.973704974089956
1993-02-08,34.48,9.52,20.01,0.0,23.23,5.007107694471334,6.180812320136382
1993-02-09,33.09,13.2,21.93,0.0,17.57,4.636335704650745,3.805680162857103
1993-02-10,31.85,11.98,21.66,0.0,18.29,4.27485823283337,3.88226523627681
1993-02-11,33.47,14.46,23.06,0.0,18.49,4.689087454541965,3.8624456352073886
1993-02-12,33.19,14.63,22.24,0.0,18.98,4.608094779888264,4.525294795681465
1993-02-13,33.37,12.97,21.7,0.0,23.83,4.587428804710305,6.325758730189794
1993-02-14,32.96,14.01,22.04,0.0,22.84,4.47443780667834,6.2149761440086095
1993-02-15,32.81,16.6,23.76,0.0,22.12,4.357938904419833,4.004532244886093
1993-02-16,34.34,14.71,23.91,0.0,25.23,4.7281700103858375,5.4944886812432365
1993-02-17,30.18,12.69,20.0,0.37,25.72,3.8147118529308854,5.205945586480789
1993-02-18,29.21,10.11,17.72,0.09,12.66,3.823949197588279,6.008674386978745
1993-02-19,25.86,7.64,14.98,0.0,12.95,3.1266973324613274,4.285674636675134
1993-02-20,24.27,4.96,13.43,0.0,13.38,2.844355925265925,4.423486922707962
1993-02-21,24.39,7.02,13.78,0.08,14.34,2.850166936079008,4.247939273950597
1993-02-22,23.01,4.8,14.08,0.0,12.63,2.622875275543035,3.679412665836024
1993-02-23,26.51,8.85,17.02,0.05,26.4,2.988211723910814,4.500890864757095
1993-02-24,18.06,10.94,14.26,0.54,58.15,1.157194736034739,2.3607007481128144
1993-02-25,19.35,13.52,15.68,6.5,70.29,1.0013179022444987,2.8149846284255498
1993-02-26,19.91,13.24,15.61,7.69,87.92,0.7768100451762487,1.3639300553157132
1993-02-27,22.09,10.43,15.89,3.71,68.02,1.502630293995198,2.40627802159871
1993-02-28,23.61,11.19,16.93,0.01,48.44,2.0388060984219107,3.4097797899235474
1993-03-01,24.59,10.75,17.07,0.05,41.25,2.342029183915198,3.3487669530224506
1993-03-02,25.34,10.74,17.61,0.0,35.7,2.5580486065393657,3.572379524016841
1993-03-03,27.82,9.16,17.77,0.01,37.62,3.0428922885957395,4.269846305962086
1993-03-04,27.6,10.2,17.77,0.0,35.72,3.0313183467699587,5.344941490550345
1993-03-05,28.29,8.61,17.73,0.0,38.09,3.1688033839144305,5.063440812937883
1993-03-06,28.9,12.74,19.51,0.0,34.43,3.2564886380891083,4.946741781745766
1993-03-07,30.84,10.26,19.77,0.0,37.81,3.6766817269676304,5.883155890360806
1993-03-08,31.12,14.04,22.13,0.0,38.12,3.5856735023689157,4.588106160952171
1993-03-09,32.68,17.0,24.12,0.0,33.25,4.00090958905697,4.741004221832198
1993-03-10,32.36,15.93,23.76,0.0,33.97,3.9211295275108533,5.6412048510813735
1993-03-11,31.01,18.74,23.11,1.12,34.11,3.591921373729534,6.796689350073117
1993-03-12,29.5,17.52,22.52,2.39,46.9,2.8916275207319693,5.327785733275567
1993-03-13,31.92,14.32,22.65,0.06,44.44,3.609845861841568,4.7425579098682595
1993-03-14,28.69,14.16,20.29,6.63,53.38,2.759775778472865,4.576897765470993
1993-03-15,28.46,13.81,19.64,0.0,47.83,2.947897350598314,4.58120691256485
1993-03-16,27.67,9.96,17.91,0.49,39.84,3.0093027323521833,5.8255621005601546
1993-03-17,29.21,9.18,18.61,0.0,31.87,3.4582613768721746,6.23002722655683
1993-03-18,28.98,11.34,19.38,0.0,31.83,3.3630582527304576,5.45357454391928
1993-03-19,29.66,8.5,18.55,0.0,28.88,3.62217726986287,5.303482497388599
1993-03-20,27.88,11.28,18.18,1.42,34.23,3.1459044629322617,4.683403467075594
1993-03-21,29.14,14.37,20.48,0.0,29.17,3.397894323105117,6.646455981960193
1993-03-22,28.24,16.3,21.42,0.0,34.08,2.986009445784686,5.709064433631552
1993-03-23,32.58,16.6,23.52,1.87,36.76,3.907546685758825,8.05968227868235
1993-03-24,31.41,13.56,22.25,1.34,35.1,3.8128905406865976,8.003152187718594
1993-03-25,27.97,10.2,18.37,7.05,37.31,3.1320996680561874,4.744963997740322
1993-03-26,26.23,12.09,17.73,16.18,53.52,2.4978867015735267,4.713895005466626
1993-03-27,25.96,9.44,17.02,2.75,41.12,2.664844820231576,5.001517570083494
1993-03-28,27.89,8.52,17.57,0.49,35.45,3.1577594114511154,5.348648481617532
1993-03-29,30.25,12.69,20.39,0.0,28.25,3.7101756481543937,5.873459229926029
1993-03-30,30.31,10.81,20.35,0.0,32.71,3.6234912644666952,5.7985090243420645
1993-03-31,30.82,13.03,21.33,0.0,32.75,3.722729037631379,5.45619415867398
1993-04-01,30.72,12.18,21.09,0.05,30.22,3.765709525139686,6.203425860830168
1993-04-02,31.51,14.03,21.78,0.0,27.98,3.993595612666461,5.714580662619736
1993-04-03,28.82,13.08,20.45,0.0,29.63,3.3197096530894603,5.334430154294569
1993-04-04,32.84,12.36,22.53,0.0,29.47,4.300960026439984,6.813559225395301
1993-04-05,33.64,14.27,23.72,0.0,27.06,4.523917451006126,6.290651036607073
1993-04-06,33.45,16.7,24.93,0.0,26.57,4.40289662541223,6.419176484102495
1993-04-07,33.76,16.15,24.47,0.0,30.91,4.382954459621219,5.0374712343348245
1993-04-08,35.31,17.48,25.89,0.0,32.45,4.751761244891348,6.783616142141767
1993-04-09,35.36,19.15,26.47,0.0,29.86,4.8068728116605515,6.057162514152041
1993-04-10,35.34,20.94,27.53,0.0,27.68,4.7979754722688215,6.248288356731852
1993-04-11,34.81,19.8,26.58,0.2,31.41,4.56135663345545,6.078122087150915
1993-04-12,35.56,18.09,26.96,0.03,36.93,4.627528649207981,5.63795826347855
1993-04-13,33.18,18.91,26.2,1.96,38.97,3.871181190281389,5.385370471142754
1993-04-14,26.63,19.76,22.96,0.73,58.22,1.8786234607273504,4.822158431543661
1993-04-15,34.27,18.57,25.93,3.8,52.87,3.743186437393584,5.210833042709025
1993-04-16,34.84,16.97,25.63,0.0,39.56,4.51346024702435,9.212753341214963
1993-04-17,35.97,14.38,24.85,5.25,41.69,4.800116860034494,7.999063038189224
1993-04-18,37.83,17.27,27.14,0.0,30.59,5.642501364870231,8.414574121032224
1993-04-19,37.29,17.43,27.97,0.0,23.5,5.628594125936349,6.605587621017141
1993-04-20,39.57,21.09,30.09,0.0,19.33,6.468050366803849,7.044334861107202
1993-04-21,40.51,21.9,30.99,0.0,21.79,6.703098875565571,7.2883542357183755
1993-04-22,40.33,22.63,30.92,0.0,23.72,6.5705657612670345,8.156276591347787
1993-04-23,41.09,22.56,31.38,0.0,23.74,6.832231764219374,7.457265275780293
1993-04-24,42.61,23.71,32.56,0.0,22.52,7.477862844395683,7.791826531307253
1993-04-25,43.9,25.54,34.09,0.0,19.28,8.130595522429303,7.77462074139291
1993-04-26,44.47,26.09,34.84,0.0,18.03,8.419247679475724,7.50032483358891
1993-04-27,44.97,25.56,34.74,0.0,17.56,8.703886568957941,9.492618982346963
1993-04-28,45.47,26.53,35.46,0.0,18.15,8.882050735030845,8.54114660267759
1993-04-29,45.67,27.36,36.5,0.0,17.65,8.938877099422175,9.924635076087627
1993-04-30,45.68,27.88,36.78,0.0,16.81,8.938549716396674,9.227777008769019
1993-05-01,44.59,27.82,36.4,0.0,18.74,8.299232556088546,9.011060087410598
1993-05-02,45.67,27.83,37.24,0.0,17.51,8.877254370603001,8.022130762111566
1993-05-03,45.63,28.96,37.02,0.0,14.54,9.03829366225382,6.479155920296608
1993-05-04,45.24,28.49,36.25,0.02,13.13,8.98761686568862,8.653004525033156
1993-05-05,45.93,25.22,35.55,0.0,9.79,9.537178406208689,11.631059294524277
1993-05-06,46.1,25.29,35.9,0.0,9.8,9.599091080477466,10.48500325778266
1993-05-07,45.49,26.78,36.11,0.0,12.73,9.10975107822545,9.578093587283366
1993-05-08,44.95,27.14,36.11,0.0,14.48,8.7394442348405,9.435416005497855
1993-05-09,40.91,27.83,34.37,0.13,19.84,6.699869023139682,8.145793529548468
1993-05-10,40.51,25.82,32.62,6.21,22.37,6.59231362743925,8.276778446944515
1993-05-11,41.12,21.81,31.01,0.0,16.11,7.214369992536538,10.70982959493021
1993-05-12,41.13,19.96,30.92,0.0,12.22,7.378641394775211,7.9411811088025654
1993-05-13,42.62,21.25,32.01,0.0,9.5,8.09076184894478,9.452805728897921
1993-05-14,44.0,22.06,34.15,0.0,9.02,8.6580744089544,8.21885140623725
1993-05-15,43.99,26.69,35.4,0.0,12.27,8.45918283226923,8.012365730489053
1993-05-16,43.98,26.3,35.49,0.0,19.45,8.076771238241502,7.372418118656168
1993-05-17,43.52,28.04,35.92,0.82,16.77,7.936379165029655,9.156954525555633
1993-05-18,40.44,25.36,32.75,5.15,24.31,6.460645403717317,9.576706764928566
1993-05-19,41.01,24.11,32.92,0.7,25.71,6.660035010735075,8.24560258706118
1993-05-20,41.82,24.23,33.35,0.0,20.41,7.17752805840278,7.701022440856455
1993-05-21,42.91,25.71,35.41,0.0,15.04,7.796657284325544,8.322195453702774
1993-05-22,44.7,26.17,36.08,0.0,16.66,8.506331812100699,9.57150201524225
1993-05-23,46.12,28.37,37.56,0.0,16.49,9.153281106221845,8.944051179069675
1993-05-24,46.2,28.77,37.82,0.0,16.89,9.151575156198586,10.055237244330616
1993-05-25,47.65,29.4,38.83,0.0,16.92,9.868970174349242,11.786649652365195
1993-05-26,47.25,30.04,39.32,0.0,15.71,9.698461350460786,8.011730805630169
1993-05-27,48.46,30.76,39.26,0.0,12.27,10.64106704900216,9.460364726635836
1993-05-28,46.81,30.09,38.57,0.0,12.74,9.689106169822217,9.148435347920932
1993-05-29,44.47,29.77,37.57,0.0,21.9,7.997621411538002,11.122648779009799
1993-05-30,45.01,30.78,38.18,0.02,17.92,8.45016411824351,4.918214727592581
1993-05-31,41.99,29.55,36.34,2.85,22.24,6.892369452381553,6.240347494410016
1993-06-01,40.93,28.05,33.95,2.75,29.7,6.255255276902114,9.728324716596171
1993-06-02,42.15,26.18,34.56,0.19,26.33,6.916650532539249,9.510143682316015
1993-06-03,44.07,27.92,36.45,0.0,20.03,8.003967600265348,8.315898956586533
1993-06-04,44.13,29.0,36.69,0.0,18.49,8.08991379723982,8.954233406022828
1993-06-05,44.69,28.49,37.03,0.57,20.09,8.236942129965035,10.685645221805697
1993-06-06,46.84,29.02,38.3,0.0,17.1,9.475967780750572,11.422528723558035
1993-06-07,47.69,29.65,39.18,0.0,15.87,9.949412443407567,10.735799107347143
1993-06-08,47.77,29.57,39.16,0.0,12.95,10.201252003167417,8.736918854410613
1993-06-09,46.96,30.03,39.41,0.0,10.38,9.883640810072722,8.647146871241167
1993-06-10,47.59,29.55,38.71,0.0,9.62,10.315113189296728,9.296700225672783
1993-06-11,48.36,28.3,39.38,0.07,12.16,10.559167570906347,10.266984300805694
1993-06-12,48.03,30.58,39.78,0.0,13.45,10.241326750757807,13.748928639486465
1993-06-13,47.37,31.52,39.85,0.0,17.15,9.611646579676584,11.16618556769651
1993-06-14,46.02,33.22,39.66,0.01,22.11,8.566208881464185,8.091570839696313
1993-06-15,41.69,31.66,36.39,7.61,33.48,6.091487354578228,7.386419308181414
1993-06-16,40.41,29.22,34.76,3.78,38.22,5.4743205215583375,8.84185134235697
1993-06-17,42.53,29.72,36.32,1.64,34.61,6.46011850536064,7.965249495114217
1993-06-18,41.43,29.64,35.17,1.71,35.78,6.017633197728396,8.530608857235274
1993-06-19,40.82,27.31,34.3,4.85,38.58,5.788363228075204,7.925107336440044
1993-06-20,43.57,27.87,36.0,0.03,31.38,7.201001411604011,7.977527291393328
1993-06-21,44.87,28.33,37.04,0.03,31.02,7.7778082276759495,8.624616099967874
1993-06-22,47.38,30.41,39.2,0.02,26.2,9.100428390885419,9.475750532729355
1993-06-23,46.6,32.34,39.83,0.01,27.12,8.49945119079559,10.045185806118086
1993-06-24,41.63,31.64,37.09,6.45,36.04,5.855830833838787,7.56611619916282
1993-06-25,38.4,29.79,33.98,6.51,50.18,4.173423293896073,7.940190632123688
1993-06-26,40.42,28.61,34.81,0.21,43.16,5.279659021156733,6.114575236290684
1993-06-27,42.38,29.71,35.89,0.01,34.55,6.4495309597351795,7.849405399444803
1993-06-28,43.83,29.43,36.28,0.16,28.1,7.469176852591149,8.599480553923025
1993-06-29,44.25,27.65,36.8,0.27,26.93,7.680575958857428,7.861728183989637
1993-06-30,45.03,30.23,38.2,0.0,23.41,8.13920473651138,8.662370879095949
1993-07-01,44.82,32.23,38.1,0.01,23.99,7.958726896883822,10.41371711195372
1993-07-02,44.95,31.34,38.38,0.0,24.58,7.961340177484854,7.99336059724773
1993-07-03,44.78,32.4,38.78,0.02,23.31,7.91194455426129,6.0896286235380765
1993-07-04,45.08,33.16,38.98,1.13,25.53,7.901196620421627,6.7545555418431205
1993-07-05,41.54,32.52,36.8,3.69,37.74,5.710513211560344,8.546781148612808
1993-07-06,44.3,30.65,37.74,1.85,35.99,7.015115091578646,8.075385335645947
1993-07-07,45.15,33.71,38.94,0.01,33.76,7.361436486134766,9.52945657031841
1993-07-08,35.56,28.6,32.28,62.16,62.78,2.8560935048693197,5.967710949474465
1993-07-09,33.17,27.68,30.2,14.38,72.66,1.9981434820685875,2.756000421274096
1993-07-10,31.38,26.35,28.41,40.84,82.49,1.4059029201006226,3.640020616058008
1993-07-11,31.06,26.03,28.26,18.95,83.75,1.3136705933811763,3.837684281004226
1993-07-12,33.64,26.19,29.62,12.45,79.49,1.9598745343195447,4.578966269107184
1993-07-13,35.42,26.83,31.15,0.53,71.87,2.569725877845686,5.292549065531776
1993-07-14,36.69,27.83,32.45,0.81,66.8,2.9848370607400136,6.22165570438666
1993-07-15,36.66,27.79,31.79,4.22,69.41,2.97284380888009,6.9316109571746995
1993-07-16,32.03,26.43,29.28,13.23,77.93,1.6213849468089867,3.9649336256979413
1993-07-17,34.15,25.6,29.07,4.45,75.53,2.3835097253647115,6.330733621431709
1993-07-18,32.67,24.93,28.51,10.08,79.49,1.879641309448533,5.373712374199097
1993-07-19,34.13,25.8,29.56,2.57,75.9,2.2703419215855467,6.235703429252524
1993-07-20,34.41,26.09,30.23,0.14,72.93,2.3562023765306086,5.967273465357639
1993-07-21,35.87,26.53,30.51,0.47,76.91,2.6042849080789194,5.809050007154919
1993-07-22,34.42,25.86,30.18,7.42,73.81,2.337024370208383,3.986041698356022
1993-07-23,33.87,25.99,30.29,21.04,70.59,2.2808041299539874,3.7373289792567395
1993-07-24,33.52,26.44,29.94,8.48,69.07,2.3040748052493214,4.077393789528694
1993-07-25,34.99,24.99,29.42,0.46,68.33,2.8956411444515386,6.414578237452057
1993-07-26,35.69,23.39,29.11,12.01,60.81,3.5211600900429727,6.492158583222735
1993-07-27,37.17,24.17,30.15,0.0,49.23,4.315420177985992,6.538598219895929
1993-07-28,37.89,24.4,30.93,0.0,52.66,4.322797570829574,6.483453442364493
1993-07-29,38.1,23.8,30.8,0.01,57.39,4.24753461761917,6.54906335091332
1993-07-30,38.9,24.67,31.57,0.02,57.51,4.444012457036576,6.947023104389781
1993-07-31,39.92,25.23,32.8,0.0,57.0,4.690608796567726,6.644618816094413
1993-08-01,40.13,27.02,33.47,0.03,53.76,4.811805724521566,6.61814100033262
1993-08-02,39.47,26.78,33.03,0.12,56.2,4.482048453467172,6.410265453274611
1993-08-03,37.26,26.93,32.04,4.95,62.05,3.4964893221775624,6.836894686110407
1993-08-04,38.89,26.83,32.87,0.52,59.54,4.098089192802506,6.126730488029303
1993-08-05,36.43,27.35,31.65,0.27,64.72,3.134319179142776,6.285040454431866
1993-08-06,35.07,27.44,31.12,2.73,66.56,2.687314014036725,4.3823692958243265
1993-08-07,35.45,26.76,30.99,1.15,65.34,2.910121610291361,5.365107594758358
1993-08-08,39.09,26.73,32.74,4.4,56.96,4.307994319697535,6.490265905188967
1993-08-09,39.8,25.66,32.58,0.0,50.23,4.989300822409739,6.828617972253044
1993-08-10,39.83,25.47,32.84,0.03,49.18,5.006711393219568,6.396246154249073
1993-08-11,39.83,26.72,33.3,0.14,49.04,4.935803176650984,5.9331021376954585
1993-08-12,39.11,27.38,32.94,0.84,50.07,4.640482900144674,6.489814631711728
1993-08-13,39.68,27.36,33.02,1.28,50.14,4.834643340623464,6.735394793002916
1993-08-14,40.67,26.83,33.49,0.0,47.82,5.322114524887886,7.0096409636290335
1993-08-15,40.87,27.19,33.58,0.0,44.24,5.5760075645331435,7.324585480601586
1993-08-16,40.89,26.81,33.61,0.02,44.46,5.590905193206836,6.848788401086981
1993-08-17,41.05,26.89,33.55,0.16,47.17,5.518885638815261,6.755107685253964
1993-08-18,42.08,27.3,33.96,0.01,46.05,5.993224700816823,7.139598128463071
1993-08-19,41.66,26.66,34.13,0.0,41.12,6.012886816769589,6.565657591877021
1993-08-20,42.26,26.92,34.13,0.01,39.99,6.331731850905487,7.774104767239985
1993-08-21,41.55,28.35,34.14,0.0,39.38,6.030968265621403,8.070733821037788
1993-08-22,42.45,25.96,33.99,0.0,40.28,6.388466817534819,7.454044362193943
1993-08-23,41.68,27.12,33.99,0.3,37.22,6.196851983945528,7.447351432230444
1993-08-24,41.61,26.42,33.87,0.04,36.88,6.2245889429356325,7.128596204652546
1993-08-25,41.58,26.61,33.96,0.08,36.46,6.219975743074919,6.861037280664063
1993-08-26,40.88,25.98,33.22,0.17,40.42,5.816531699816827,6.66329747236892
1993-08-27,41.07,25.38,33.41,0.17,40.93,5.860387121235139,6.420043764464683
1993-08-28,42.26,26.18,33.88,0.0,34.8,6.612838630794666,7.678500001910584
1993-08-29,41.9,25.72,34.02,0.0,34.65,6.416299146687978,7.2097183014835196
1993-08-30,41.25,27.22,34.34,0.0,36.5,5.992200051849252,6.803830358327644
1993-08-31,41.24,28.26,34.26,0.04,37.59,5.979615026977994,6.647194931241997
1993-09-01,36.07,26.24,30.89,8.62,56.69,3.49815443748407,6.6187003962743045
1993-09-02,35.58,25.45,30.29,0.34,59.91,3.29697937080229,5.077729488085502
1993-09-03,34.45,25.39,29.66,6.27,62.07,2.9254427860337473,5.025019247125025
1993-09-04,34.99,25.77,30.05,8.61,61.98,3.0457248554053633,4.829138567923145
1993-09-05,35.21,24.46,29.54,7.97,64.77,3.1128481510352586,5.501701718027703
1993-09-06,33.58,24.18,28.57,10.56,73.48,2.4171275849746117,4.670846920256534
1993-09-07,35.77,24.14,29.35,1.69,67.34,3.2609336368772475,6.034273111038336
1993-09-08,35.79,24.78,29.99,0.05,62.26,3.3427841400460685,5.456716430020723
1993-09-09,35.24,24.78,29.92,4.71,62.36,3.13798002187061,4.443191119505097
1993-09-10,32.68,25.29,28.26,6.13,72.59,2.2000431399030003,3.8257029309152633
1993-09-11,33.89,24.7,29.22,6.44,64.05,2.76286235390419,2.9101304402127797
1993-09-12,34.51,24.76,29.48,11.5,60.82,3.0231106345966974,3.891981876743041
1993-09-13,34.63,23.4,28.77,6.19,62.18,3.1398597304676747,3.7826962596278544
1993-09-14,36.39,23.05,29.34,0.03,56.12,3.896470342389668,5.366710088839256
1993-09-15,37.12,22.6,29.66,0.24,51.14,4.32603463265451,5.5078151306716565
1993-09-16,37.18,21.65,29.28,0.0,48.73,4.494951086102831,5.206386388202251
1993-09-17,37.9,21.12,29.28,0.01,52.47,4.64760317657829,5.346818892395863
1993-09-18,38.44,22.08,30.29,0.0,48.72,4.8755525707764,5.296032681720368
1993-09-19,38.3,22.3,30.07,0.06,44.24,5.011095731991435,5.091465991007262
1993-09-20,38.45,21.5,30.04,0.0,47.55,4.972858070481731,5.056231656857018
1993-09-21,38.55,23.4,31.13,0.05,53.85,4.581289897545382,4.8798925510205615
1993-09-22,39.17,25.6,32.35,0.1,47.95,4.916392858810257,3.6965702163663554
1993-09-23,38.14,25.03,31.6,0.41,51.6,4.44872537502181,5.209608834241681
1993-09-24,38.86,24.79,31.54,0.13,49.99,4.802639655876406,3.920794523224866
1993-09-25,36.61,23.67,29.86,2.25,54.58,3.988836732142023,4.8592115637546724
1993-09-26,36.72,22.41,29.16,1.14,52.43,4.206119323429563,5.300050271693293
1993-09-27,36.97,21.81,29.46,0.0,47.4,4.471676398600186,4.896481315925086
1993-09-28,37.89,22.04,29.58,0.2,42.14,4.9638838138427435,4.782325530558611
1993-09-29,38.18,22.15,29.68,0.02,40.66,5.111534556837756,5.176415283799588
1993-09-30,39.13,23.29,30.08,0.0,34.64,5.688803031946055,5.313666882227171
1993-10-01,38.36,22.71,29.13,0.0,31.8,5.58563789611247,5.236001469915374
1993-10-02,38.54,20.94,28.91,0.0,32.99,5.642789916574834,5.2494837326396855
1993-10-03,38.76,19.39,28.45,0.0,32.45,5.8025366464981945,5.562734277397836
1993-10-04,38.23,18.79,27.72,0.0,32.83,5.649349219012361,5.337731563958746
1993-10-05,37.72,18.98,27.59,0.0,31.39,5.48833149521451,4.968194098635292
1993-10-06,38.59,20.27,28.77,0.0,32.42,5.677735079336956,5.362455162454852
1993-10-07,38.26,21.09,29.24,0.0,30.45,5.5719527692481705,5.19418554823555
1993-10-08,38.3,22.19,29.62,0.0,29.85,5.561444224708649,4.690924494253576
1993-10-09,38.27,23.26,29.54,0.0,29.91,5.5678099760972,4.326032232167411
1993-10-10,37.79,22.5,29.06,0.0,32.24,5.3544670796953575,4.663240596821863
1993-10-11,37.11,19.99,27.77,0.0,34.67,5.142549637743744,5.082419813042091
1993-10-12,36.99,20.08,27.13,0.0,23.52,5.522725757985278,6.444675346799461
1993-10-13,36.06,16.81,25.36,0.0,19.7,5.405211455438502,5.663957411241314
1993-10-14,35.75,16.69,25.1,0.0,20.06,5.317158325333594,4.988461136116364
1993-10-15,35.1,18.26,25.63,0.0,18.11,5.138402531392561,4.7362188746566245
1993-10-16,35.61,16.79,25.34,0.0,19.81,5.284110380094203,4.815338565662849
1993-10-17,35.55,18.15,25.47,0.0,19.02,5.256238107338244,4.741553886765688
1993-10-18,35.52,18.45,25.54,0.0,17.72,5.282991719884966,4.390659037508187
1993-10-19,34.44,14.95,23.8,0.0,18.68,4.9929320025641575,4.581427871932601
1993-10-20,33.47,15.08,22.92,0.0,18.04,4.733741612246436,5.185297570951526
1993-10-21,33.2,16.48,23.41,0.0,14.26,4.72606170313307,4.5113354085101065
1993-10-22,34.04,15.47,23.42,0.0,15.69,4.93454881304083,4.901551349972362
1993-10-23,33.65,14.0,23.01,0.0,16.81,4.803225698863899,4.263011457054642
1993-10-24,33.45,14.68,23.49,0.0,16.71,4.732515817408694,4.541033499376081
1993-10-25,34.02,18.33,24.76,0.0,16.59,4.8556541569587415,4.236916717179529
1993-10-26,33.21,15.35,22.9,0.0,18.67,4.628209557794694,4.922477839572215
1993-10-27,33.53,14.73,22.97,0.0,17.07,4.744519850946067,5.428691170760989
1993-10-28,33.52,15.62,23.54,0.0,17.05,4.709555724355081,4.933858423688631
1993-10-29,32.98,15.4,22.99,0.0,17.79,4.55953410884562,4.577344224651013
1993-10-30,32.4,17.24,23.2,0.0,15.88,4.437312551860929,4.242080736198508
1993-10-31,32.66,15.16,22.97,0.0,16.23,4.510299543123516,4.18473285029405
1993-11-01,32.43,14.17,22.93,0.0,17.47,4.433765340913238,3.7964132470849328
1993-11-02,32.38,16.67,23.4,0.0,17.03,4.404939869586774,3.633634602306803
1993-11-03,33.2,13.4,22.79,0.0,19.66,4.600506565761921,3.7671270690594048
1993-11-04,32.15,14.0,22.76,0.0,21.8,4.251193561238245,3.8870209866024372
1993-11-05,33.93,15.82,23.94,0.0,21.97,4.6943990422791435,4.432722902302641
1993-11-06,34.81,16.44,24.12,0.0,32.26,4.690373671501178,7.300812128023985
1993-11-07,33.64,15.26,23.77,0.0,31.85,4.412807659997262,4.986511837028976
1993-11-08,32.16,16.62,23.48,0.02,31.23,4.003370510544694,4.840410437297218
1993-11-09,31.86,14.87,22.07,0.49,24.89,4.139880333939452,5.431572174062395
1993-11-10,30.82,12.61,20.53,0.0,20.26,3.9918138512689523,5.201498491932332
1993-11-11,30.81,11.91,20.04,0.0,17.16,4.067804850916085,4.8775510856724305
1993-11-12,30.84,11.4,20.51,0.0,16.34,4.086835620677526,4.954834809614125
1993-11-13,31.74,14.87,22.22,0.0,17.34,4.2389072520355935,3.9323005880969566
1993-11-14,31.74,14.01,22.62,0.0,20.63,4.159120827765934,2.9726450486008473
1993-11-15,30.58,14.22,21.86,0.0,21.13,3.868933489113396,3.0533159186444343
1993-11-16,31.19,15.51,21.9,0.0,22.37,3.9802978778429545,3.8480427906669945
1993-11-17,30.7,13.7,21.85,0.0,26.68,3.7385719667582844,3.8383334585504496
1993-11-18,31.58,16.96,23.41,0.0,26.94,3.899186188161466,3.6156323779328177
1993-11-19,31.27,14.95,21.53,0.0,24.3,3.9960252555777926,4.586674112252972
1993-11-20,28.65,10.46,18.56,0.0,15.77,3.6161774118290455,4.653715825091147
1993-11-21,28.9,12.93,19.17,0.0,13.53,3.694601872035392,2.99052942848836
1993-11-22,28.43,12.95,19.17,0.0,14.11,3.573872180232754,3.5659183052685215
1993-11-23,27.82,12.73,18.1,0.0,13.3,3.472196547060784,3.7290406458746475
1993-11-24,28.4,8.66,17.21,0.0,14.21,3.597983100945104,6.007097235014017
1993-11-25,28.99,7.84,17.02,0.0,16.36,3.713776453484835,5.182448089499196
1993-11-26,29.2,12.77,19.12,0.0,11.48,3.7973179447450853,3.1585230852797257
1993-11-27,29.27,12.57,19.39,0.0,12.06,3.800306564648905,3.712451196330541
1993-11-28,29.5,12.66,19.41,0.0,13.8,3.8158769405575153,4.189129255343321
1993-11-29,30.14,13.9,19.73,0.0,15.96,3.9236501553456926,4.485611184701282
1993-11-30,27.25,13.65,19.56,0.0,18.37,3.2084794145078233,2.924223621304039
1993-12-01,29.19,11.64,20.43,0.0,18.2,3.642250379037974,3.3501726168898522
1993-12-02,28.31,13.1,19.26,0.0,20.46,3.402579646868888,3.2083459939246874
1993-12-03,27.48,10.44,17.36,0.0,20.25,3.298307008325722,3.543181671649694
1993-12-04,28.3,9.45,17.5,0.0,19.17,3.4859486649130242,4.751693414428714
1993-12-05,30.21,11.01,18.61,0.0,19.4,3.908655985321884,4.448894919149924
1993-12-06,29.41,10.7,18.34,0.0,19.44,3.7169667762898095,4.591011897090196
1993-12-07,29.58,11.58,18.67,0.0,20.11,3.7349137785899456,4.135426232564194
1993-12-08,27.19,9.76,17.09,0.0,24.69,3.158148029619541,4.194110349014529
1993-12-09,26.96,7.96,17.22,0.0,23.72,3.144991275731839,3.5150297210641965
1993-12-10,26.74,11.83,18.16,0.0,16.46,3.180837972818524,2.095792708938516
1993-12-11,26.47,10.21,16.97,0.0,17.81,3.116882832802921,3.270912017669883
1993-12-12,25.18,9.76,15.69,0.0,19.33,2.879585424015761,3.2870648060671313
1993-12-13,24.71,10.09,15.69,0.0,16.0,2.8320343403716737,2.8699401359252557
1993-12-14,24.2,5.54,13.24,0.0,18.61,2.747093727747793,4.003025825171819
1993-12-15,24.02,4.52,13.19,0.0,16.17,2.7542682846518005,3.6248042635117157
1993-12-16,25.3,9.06,15.56,0.0,12.1,3.0062999043560614,2.9344006621106575
1993-12-17,24.76,8.49,15.28,0.0,12.18,2.907438390622188,3.122675178538226
1993-12-18,17.41,9.65,13.48,0.0,13.64,1.7645280145948776,2.0969271810493493
1993-12-19,23.33,5.41,12.19,0.0,16.66,2.6363413109478535,3.506809032685741
1993-12-20,21.72,3.53,11.69,0.0,15.03,2.3914384539757467,3.135009811169705
1993-12-21,23.9,7.59,13.41,0.0,12.91,2.761904957627028,3.315409701607025
1993-12-22,24.31,5.97,13.01,0.0,13.9,2.828921706021195,3.2551303893076007
1993-12-23,23.63,7.84,13.45,0.0,12.6,2.718796150177808,2.9898082151870495
1993-12-24,21.31,6.82,12.77,0.0,15.23,2.3026574043770687,2.4767165863666376
1993-12-25,23.37,7.03,13.06,0.0,13.82,2.6643680952137454,3.0600835872429455
1993-12-26,24.51,5.24,13.49,0.0,12.92,2.873511897694794,3.5098202170337167
1993-12-27,24.72,9.58,15.6,0.0,11.49,2.9040111059900293,2.298584049322475
1993-12-28,23.42,7.19,14.8,0.0,16.69,2.607899643983174,2.7278701964367063
1993-12-29,25.01,9.64,15.04,0.0,18.16,2.868881003202324,2.760319003564085
1993-12-30,25.83,6.88,14.52,0.0,21.72,2.9905620972197937,3.574305241610708
1993-12-31,26.04,8.11,16.15,0.0,23.82,2.9605316831372486,3.0707307694892245
1994-01-01,26.99,11.74,18.45,0.0,19.7,3.1642469367160757,2.665392019573699
1994-01-02,26.57,12.21,18.59,0.0,22.09,3.0210924149404335,2.3099117334521346
1994-01-03,26.14,11.6,17.05,0.0,25.23,2.9173559014049837,2.8026535519621936
1994-01-04,26.18,11.53,17.15,0.0,25.72,2.9260771503518197,3.471636218230951
1994-01-05,25.18,11.07,16.19,0.0,29.75,2.6834025702998683,2.8524781861256607
1994-01-06,25.34,10.55,16.36,0.0,30.25,2.6984178589275714,2.536776610501188
1994-01-07,26.58,10.49,17.83,0.0,28.22,2.9371951674761356,2.800355101797093
1994-01-08,26.5,12.31,17.57,0.0,30.27,2.8800053609754124,2.922359447451535
1994-01-09,24.34,9.05,15.28,0.03,34.77,2.4842374067229254,3.064156744837906
1994-01-10,22.24,10.86,15.34,0.0,29.52,2.189193763071875,2.036373147611997
1994-01-11,23.91,12.17,16.6,0.02,31.61,2.4087756570258962,3.4946270898821585
1994-01-12,18.14,12.33,14.47,11.07,82.36,0.7350930066228056,1.878061970245465
1994-01-13,20.73,11.4,15.77,4.47,79.2,1.0627972319979568,1.7776322311121937
1994-01-14,19.75,10.04,14.09,1.35,70.11,1.2207705648803828,1.846863650119723
1994-01-15,20.0,6.61,12.04,0.07,49.02,1.7167299869115769,2.553777737049176
1994-01-16,20.23,6.03,11.34,0.07,39.05,1.883614537034548,2.407150771503871
1994-01-17,17.7,3.66,9.98,0.15,46.07,1.4948349274760464,2.2369717790794232
1994-01-18,21.57,3.69,11.61,0.0,38.02,2.1104505431945046,2.5164526950156674
1994-01-19,22.65,6.23,12.55,0.0,40.76,2.21839694838832,2.8727703677882355
1994-01-20,19.58,6.27,11.34,0.21,52.03,1.6124058981537883,2.8525920777177616
1994-01-21,22.13,4.09,11.51,0.0,49.48,2.0773154071775632,3.2758078505777086
1994-01-22,21.87,1.99,10.48,0.0,37.73,2.1983458360322867,3.002582587678522
1994-01-23,22.09,4.72,11.94,0.0,32.96,2.239845131280298,2.9856732176693583
1994-01-24,18.24,5.3,11.21,0.0,33.35,1.6763992806935057,2.6581851616459837
1994-01-25,22.24,7.87,13.22,0.0,34.39,2.196509031170447,3.6373526687521007
1994-01-26,26.42,8.87,16.89,0.0,37.89,2.761094307307933,3.0212464189551245
1994-01-27,22.61,13.8,16.68,0.0,45.01,1.8985582827881662,2.478928681600936
1994-01-28,25.24,12.09,16.62,0.01,46.69,2.372196855337039,3.3050093776045517
1994-01-29,23.32,9.22,15.02,0.0,49.29,2.1246008611460065,3.3747318927481444
1994-01-30,22.66,5.58,12.74,1.46,45.64,2.159365401379173,3.21209136147449
1994-01-31,19.65,4.58,11.8,0.0,33.81,1.860804641888989,2.6456271109842002
1994-02-01,23.55,8.11,14.18,0.0,26.21,2.511920826766288,3.483310571091926
1994-02-02,22.63,8.64,13.87,0.0,31.49,2.2719780239917897,2.8966543731663674
1994-02-03,25.22,5.36,14.42,0.0,30.62,2.7627368883573973,3.983831603986816
1994-02-04,24.39,11.22,16.33,0.0,28.16,2.5608224267538833,3.7558195642079646
1994-02-05,25.34,9.72,15.49,0.0,29.09,2.7486925005650553,5.40262438945948
1994-02-06,25.46,7.5,15.39,0.0,28.43,2.785734229731282,3.182822457559564
1994-02-07,26.34,10.6,17.5,0.0,26.08,2.935564752992544,3.4092211751640007
1994-02-08,20.5,9.08,15.17,3.68,59.56,1.427529250488642,3.185872434414319
1994-02-09,22.54,5.96,13.87,0.01,55.48,1.9728329966502351,2.751121859123529
1994-02-10,24.21,6.68,14.15,1.24,40.04,2.4593785160832375,3.3413079025007915
1994-02-11,24.31,8.93,15.35,0.0,31.6,2.5454928228226303,3.0240321456138806
1994-02-12,24.37,7.37,14.49,0.0,36.86,2.498719023457931,3.5837584996804543
1994-02-13,25.99,7.59,16.89,0.0,27.79,2.892731066549458,3.0402847787295713
1994-02-14,25.89,8.97,16.74,0.0,29.94,2.8219139642653355,3.3113458344123665
1994-02-15,27.59,8.88,17.56,0.46,34.02,3.089536407468249,3.909115287076188
1994-02-16,25.5,11.64,17.4,0.52,35.24,2.59229276690038,3.4299776994170434
1994-02-17,25.36,9.3,16.15,0.51,41.85,2.532720437380674,3.7644684240567425
1994-02-18,25.55,7.93,15.95,0.0,35.78,2.6798050865889245,4.443994294569099
1994-02-19,26.82,8.69,17.09,0.0,33.54,2.937641856753976,4.158503418453446
1994-02-20,27.82,10.05,18.7,0.0,30.42,3.123891491042109,6.099659335106598
1994-02-21,21.46,8.92,15.24,7.41,49.58,1.8105412198193842,3.6982851771441974
1994-02-22,21.08,7.25,13.05,0.05,51.22,1.7854903443287087,3.0844837910249754
1994-02-23,22.2,5.26,12.91,4.61,52.23,1.9676564917792239,3.4606042891179483
1994-02-24,25.45,6.05,14.71,0.0,41.42,2.641106555278938,4.295509226763578
1994-02-25,27.45,8.26,16.81,0.0,35.41,3.065573988296755,4.970120186134065
1994-02-26,28.84,9.76,18.73,0.02,37.0,3.2354073312388003,4.579332515428966
1994-02-27,26.74,11.85,18.12,0.0,39.36,2.7410911112208924,4.743601314277643
1994-02-28,26.66,9.07,16.65,0.13,35.8,2.9157357605714687,5.588709044953831
1994-03-01,27.78,6.31,16.32,0.0,29.87,3.264005548704781,5.170203741392196
1994-03-02,29.65,11.13,19.39,0.0,26.58,3.6385858033099745,4.43118406969772
1994-03-03,32.01,13.46,21.57,0.0,25.69,4.17708766761586,6.364078358481688
1994-03-04,30.65,13.9,21.26,0.0,30.99,3.682394322323394,4.767711927311705
1994-03-05,29.0,11.88,19.19,0.0,30.15,3.4072126744633042,5.5867246934078745
1994-03-06,29.47,9.21,18.93,0.0,28.79,3.5757356989766302,5.44549071566335
1994-03-07,30.62,14.28,20.56,0.0,21.91,3.9235977700923943,5.223603280713967
1994-03-08,31.09,10.49,20.02,0.0,21.5,4.079212832735942,5.816329042765706
1994-03-09,32.27,10.6,21.0,0.0,22.02,4.369422458859771,6.037164610989683
1994-03-10,33.77,13.85,22.45,0.0,19.36,4.781281067453482,5.713063948402823
1994-03-11,34.04,14.03,23.27,0.0,23.34,4.715411392602528,6.797699242134068
1994-03-12,33.49,16.47,24.3,0.0,27.17,4.389408012165589,5.978088654015235
1994-03-13,31.92,18.0,24.07,0.0,29.4,3.902145089833291,5.0993537792004275
1994-03-14,32.9,19.24,25.0,0.05,33.67,3.9602479940876494,4.525485115763867
1994-03-15,33.06,18.06,26.09,0.02,37.07,3.86605722313373,3.6520394250617354
1994-03-16,34.24,19.93,26.14,0.02,30.24,4.430757068432047,6.416093249592379
1994-03-17,36.09,17.95,26.12,0.28,35.32,4.931488459104207,7.92150442414133
1994-03-18,36.99,18.38,27.31,0.0,27.15,5.37067742493835,8.235685911472986
1994-03-19,38.21,18.82,27.92,0.0,26.74,5.7933506534808075,7.323491830787818
1994-03-20,35.8,20.0,27.69,1.64,29.32,4.876317502516029,5.612930983340251
1994-03-21,33.91,17.38,25.19,0.0,32.79,4.329347512518897,6.827125544684082
1994-03-22,33.08,14.48,23.37,1.01,37.7,4.121531592673491,6.479153348860303
1994-03-23,35.82,16.01,25.48,0.0,23.41,5.239483007157268,6.739887195747026
1994-03-24,36.34,17.44,26.52,0.0,19.15,5.469369306310844,6.3136055611742625
1994-03-25,38.25,18.78,27.6,0.0,18.95,6.093737863262852,7.368182556981805
1994-03-26,36.01,16.7,25.82,0.0,17.57,5.4097795857046815,7.728655899461505
1994-03-27,36.29,15.8,26.37,0.0,19.26,5.448972917723907,7.232610234652386
1994-03-28,37.36,20.86,28.24,0.0,16.48,5.815547330863724,6.025718353688167
1994-03-29,38.28,20.68,29.1,0.0,18.09,6.025612656163699,6.2044397223135075
1994-03-30,38.89,22.9,29.66,0.0,20.59,6.160758721365075,7.958070783078335
1994-03-31,36.18,18.56,27.16,0.0,28.63,5.049818638805559,7.065083306284934
1994-04-01,35.06,19.31,27.45,0.01,23.64,4.824077564739859,5.749556534333276
1994-04-02,37.09,22.56,29.0,0.06,20.49,5.536505463650727,5.57137558662707
1994-04-03,37.15,20.6,28.83,0.01,14.59,5.796505984081161,6.053411308442987
1994-04-04,34.97,23.41,27.86,0.19,24.33,4.768670516831356,7.887846546256238
1994-04-05,31.19,18.54,24.98,3.75,47.3,3.135149598809928,5.807271452467097
1994-04-06,31.82,16.09,24.46,0.04,28.99,4.015990384662676,7.480078592070901
1994-04-07,30.15,11.43,20.03,0.0,13.49,4.015665618916704,7.470432823300794
1994-04-08,32.26,9.92,20.91,0.07,17.27,4.473387835971811,6.636146460353501
1994-04-09,33.54,12.88,23.94,0.0,13.48,4.836630259048227,5.699900333965862
1994-04-10,36.3,15.42,26.82,0.0,12.07,5.645638343375466,5.907854163118338
1994-04-11,36.37,17.99,26.9,0.0,12.49,5.65814719113123,6.704970240007127
1994-04-12,36.8,18.71,27.09,0.0,11.64,5.821587423098729,6.0437127986573
1994-04-13,38.02,19.1,28.91,0.0,12.38,6.172163360326866,6.71845974809556
1994-04-14,31.91,20.61,26.65,0.0,24.83,3.9018005874252086,5.9001008479460895
1994-04-15,35.48,17.71,26.72,0.02,28.72,4.8809670375260605,7.278873848978584
1994-04-16,35.17,19.14,26.75,0.94,28.8,4.7425587430303455,7.442753806135512
1994-04-17,34.68,17.45,26.06,1.42,27.18,4.699213758804713,7.463239040164491
1994-04-18,37.18,18.18,27.78,0.03,17.51,5.777535552995302,7.087514120119692
1994-04-19,37.17,21.88,29.11,0.0,18.47,5.628518081528711,7.030236951887676
1994-04-20,38.9,20.18,29.53,0.0,20.3,6.1772278949513195,7.0730170070028455
1994-04-21,37.23,21.81,29.45,0.02,23.22,5.456881479397819,6.244906315895612
1994-04-22,35.51,21.3,28.25,0.02,21.54,4.995820469222428,6.648145304420431
1994-04-23,36.76,18.92,27.85,0.28,23.73,5.403720951193855,6.750004730316276
1994-04-24,37.02,19.34,28.04,1.07,22.3,5.515782454726881,8.464131144576303
1994-04-25,36.75,18.83,28.33,0.51,22.65,5.422372246695856,7.827979334761499
1994-04-26,40.17,22.59,30.72,0.0,17.23,6.747594065035781,7.181179661261451
1994-04-27,41.02,22.28,31.98,0.0,15.86,7.096959754787303,6.6923013562440214
1994-04-28,41.95,22.74,32.87,0.0,14.01,7.529684553003833,6.395834947221598
1994-04-29,42.23,22.32,32.78,0.0,14.99,7.60939296148747,8.327994164496337
1994-04-30,36.82,23.01,29.82,0.03,24.62,5.233499987943169,10.322834110872575
1994-05-01,42.21,23.73,32.82,0.0,20.27,7.394742358671748,8.19068490323782
1994-05-02,42.69,24.95,34.09,0.0,15.88,7.708529605752281,7.495781588061784
1994-05-03,42.48,25.65,34.36,0.0,17.95,7.493377896330291,10.746796337087599
1994-05-04,40.95,26.84,33.71,0.0,19.91,6.7636871110662575,8.857192571381065
1994-05-05,42.37,25.53,34.02,0.0,17.97,7.468922406954169,7.9547406619672145
1994-05-06,44.71,26.21,35.84,0.0,15.04,8.599344624273405,7.851009883670874
1994-05-07,44.73,27.01,35.99,0.16,18.89,8.431040515998406,10.38856600790775
1994-05-08,43.98,28.09,35.51,1.29,21.97,7.916382024973813,9.733769397803107
1994-05-09,41.93,24.22,33.42,1.78,15.88,7.463715593177523,6.836973641599472
1994-05-10,38.99,25.64,31.84,0.66,16.85,6.237979817337082,9.036482101352556
1994-05-11,38.93,20.87,29.65,5.95,26.15,6.042359868946582,8.300637904824013
1994-05-12,39.47,21.84,31.3,0.0,22.06,6.314397007475453,6.368679057758886
1994-05-13,38.3,22.15,30.42,1.19,34.18,5.339638385650015,8.282935866774059
1994-05-14,36.93,23.63,30.23,1.35,33.72,4.8858378105067315,9.02892181703672
1994-05-15,37.4,20.25,29.32,9.11,38.98,5.010257542903506,7.777652319981403
1994-05-16,40.61,24.94,32.68,0.0,26.17,6.4329695204617465,7.421522208999399
1994-05-17,41.57,26.8,34.12,0.0,21.57,6.94495921563606,7.185555904243628
1994-05-18,43.81,25.33,35.02,0.0,19.77,8.0176976977596,7.998664854394798
1994-05-19,45.59,26.68,36.71,0.0,18.07,8.868982136523574,9.376328548151852
1994-05-20,45.32,27.23,36.58,0.0,17.0,8.813923919197427,8.176462419946827
1994-05-21,46.76,27.61,37.5,0.15,17.34,9.481104730155685,8.70880950142954
1994-05-22,46.51,29.17,37.89,0.0,16.29,9.373909409485076,8.385479499740878
1994-05-23,46.94,29.13,38.61,0.0,14.39,9.691058031077914,7.949992104445212
1994-05-24,46.51,28.86,37.71,0.48,11.47,9.648822864178483,10.722154535424801
1994-05-25,45.6,27.37,36.7,3.83,14.21,9.10531117323287,8.362523333967895
1994-05-26,43.8,26.55,35.23,0.28,17.14,8.178975617613439,8.953105817592741
1994-05-27,45.5,27.81,36.62,0.01,14.52,9.038173676052532,8.868735564553697
1994-05-28,46.65,28.05,37.94,0.0,13.81,9.609779196593756,9.973836274532717
1994-05-29,48.04,30.76,39.02,0.0,11.08,10.467965754563325,8.179505749871783
1994-05-30,47.56,28.44,38.54,0.0,12.07,10.164383491245378,10.302148697294262
1994-05-31,47.41,29.82,39.31,0.0,12.17,10.023300891861956,8.03573035994683
1994-06-01,46.31,31.22,38.62,0.0,12.3,9.436091230700452,8.994910428909744
1994-06-02,46.61,29.82,38.48,0.0,10.68,9.722961930542555,8.412343981980106
1994-06-03,46.78,30.71,38.96,0.06,9.95,9.833053586995264,6.752465919988826
1994-06-04,46.87,30.84,39.12,0.0,11.53,9.792251447125693,10.051456566055375
1994-06-05,47.03,30.36,39.07,0.0,14.22,9.686709228690615,10.019687743582436
1994-06-06,46.87,30.15,39.69,0.0,8.3,9.963952977786287,7.914392358289105
1994-06-07,47.82,30.23,40.32,0.0,8.23,10.46050657042027,7.965521169408151
1994-06-08,48.76,30.87,40.88,0.0,13.09,10.612258461346904,10.043736636858526
1994-06-09,46.27,34.85,40.22,0.0,21.3,8.674695460653057,11.604024558293839
1994-06-10,46.25,33.15,39.58,0.0,22.71,8.639856789035196,10.031156167713085
1994-06-11,37.91,30.05,33.39,2.78,37.33,4.70823221124753,8.16367487809632
1994-06-12,36.01,28.55,31.95,5.92,41.23,4.0248719326032925,8.349487657316722
1994-06-13,39.5,27.02,33.1,0.43,39.33,5.324351356616489,8.259641706070202
1994-06-14,42.38,26.93,34.7,0.01,23.66,7.176630864700554,9.901932191547068
1994-06-15,43.9,27.21,35.87,0.0,19.57,8.000274924998802,9.246541435473238
1994-06-16,45.9,30.83,38.02,0.0,13.74,9.197894151565047,7.904787432207199
1994-06-17,47.15,31.05,39.02,0.0,11.48,9.944586124413483,8.957136340457586
1994-06-18,48.34,27.92,38.67,0.0,9.95,10.72604248054393,11.230246159027656
1994-06-19,47.86,29.71,39.23,0.0,15.49,10.06447412775156,13.212935299641888
1994-06-20,47.12,30.69,39.4,0.0,16.47,9.541073653852465,13.632015781484196
1994-06-21,47.55,31.35,39.92,0.0,18.67,9.62300607950452,12.604507765128595
1994-06-22,46.43,32.47,39.47,0.0,19.62,8.954691711088781,12.127445147444424
1994-06-23,46.4,32.3,39.53,0.0,21.46,8.818761700313797,8.198938680998966
1994-06-24,46.64,33.51,39.59,0.15,25.66,8.669723549432963,9.382414990341372
1994-06-25,44.2,32.03,38.32,0.2,33.77,7.042629072328403,9.344475645325291
1994-06-26,41.07,31.31,36.52,22.94,43.63,5.220259534371829,7.927704295625906
1994-06-27,38.32,29.25,33.72,9.88,56.19,3.8777015690493086,7.1040095378871495
1994-06-28,39.49,29.46,34.53,1.13,48.92,4.589429033193881,7.458223908193816
1994-06-29,41.31,30.09,35.95,0.04,44.23,5.3731581599286,8.215268073428087
1994-06-30,40.02,31.7,35.61,0.95,44.66,4.825328926492423,8.391811191967413
1994-07-01,36.35,29.79,33.07,0.21,51.5,3.4743083295447152,7.2758074809455024
1994-07-02,41.34,29.09,35.03,0.56,47.05,5.354474597581913,9.877144723520644
1994-07-03,38.39,30.45,33.84,0.7,51.0,4.116974753815649,7.190677636921877
1994-07-04,35.44,29.1,32.12,1.83,56.11,3.1104858633991,6.80628602135957
1994-07-05,40.81,29.14,34.87,0.81,44.12,5.322368744991251,6.701151210316005
1994-07-06,41.32,29.65,35.84,0.24,43.47,5.444839513220088,6.3721766784530125
1994-07-07,41.83,31.85,36.52,1.72,41.73,5.6328905200313,8.374347401057221
1994-07-08,39.22,31.04,34.93,7.23,48.49,4.412751892835079,6.4215271349570715
1994-07-09,36.66,29.07,32.77,2.77,57.62,3.3415943996354,6.063448760894758
1994-07-10,40.27,29.86,34.75,1.39,51.2,4.728561571006434,6.85758317748517
1994-07-11,36.65,30.34,33.79,0.04,54.93,3.3056977707283366,5.199597432932735
1994-07-12,36.01,31.07,33.63,32.53,57.95,2.947780569496609,3.3364573137873403
1994-07-13,35.89,29.69,32.79,1.11,60.88,2.917733875893509,5.58027972657829
1994-07-14,40.24,29.54,34.98,0.0,51.0,4.699886703269699,6.62320836866912
1994-07-15,38.66,29.98,33.99,4.54,54.15,4.060521189053333,5.4603252678722844
1994-07-16,40.34,28.6,34.59,0.53,54.19,4.675286937094223,6.963547382645466
1994-07-17,39.57,30.43,35.15,0.86,50.37,4.437660757552742,5.319048471748423
1994-07-18,37.35,30.03,33.04,4.53,56.53,3.5774829706197,5.736879261084634
1994-07-19,40.91,29.75,34.76,3.38,51.43,5.01201155473783,6.95236981952308
1994-07-20,30.72,26.14,28.47,29.88,80.79,1.29683398621791,4.205228516978814
1994-07-21,30.79,25.25,28.01,2.2,76.02,1.6024182718370974,4.075618031571627
1994-07-22,32.58,25.59,29.33,4.65,73.14,1.952136561719073,4.069223322639611
1994-07-23,33.48,26.61,30.15,7.71,72.91,2.0925233639466883,3.5536677923793527
1994-07-24,35.73,26.9,31.28,6.71,66.24,2.8928367975670723,5.189861041572644
1994-07-25,34.86,27.19,30.88,31.77,70.19,2.4973087765430058,5.680706618048827
1994-07-26,38.46,26.15,32.24,0.36,63.77,3.857187283560777,6.416315737293457
1994-07-27,39.1,26.99,32.86,1.65,60.0,4.145747306814011,5.731631335587541
1994-07-28,33.36,27.31,29.99,23.24,75.89,1.9459203440863524,5.014784440315989
1994-07-29,34.3,26.56,30.45,2.01,73.31,2.2803894456834106,5.377593823625941
1994-07-30,35.55,26.5,30.09,8.8,76.61,2.590161466695701,5.455328899582901
1994-07-31,33.47,26.19,29.49,5.77,78.58,1.9775892687189893,5.608676087052959
1994-08-01,35.24,26.6,31.0,8.81,72.09,2.5431027898264484,5.437350592449774
1994-08-02,36.89,27.09,31.86,0.0,68.09,3.093986544996437,6.339806342484758
1994-08-03,33.56,27.28,30.2,0.36,76.91,1.926965347584913,4.543225279731033
1994-08-04,30.77,26.64,28.5,16.5,83.24,1.2035177868280291,5.063248495380525
1994-08-05,35.9,26.22,30.81,0.47,69.94,2.88855283546443,5.775373804168968
1994-08-06,37.19,25.97,31.43,0.0,62.11,3.567773686149162,6.43139868689063
1994-08-07,36.55,26.5,31.61,0.07,63.9,3.239298696029862,4.619409433001505
1994-08-08,35.67,27.35,31.46,3.99,64.57,2.917737215480339,5.7075465115592285
1994-08-09,36.39,27.41,31.42,1.18,66.79,3.0656332162507756,5.04165691172874
1994-08-10,34.28,26.33,30.1,7.47,74.84,2.2612938819899338,4.172852751916998
1994-08-11,35.73,26.2,30.7,3.55,73.42,2.7008363774612127,5.655929254128538
1994-08-12,35.57,25.8,30.11,1.82,73.59,2.7477735190126755,5.82746014017851
1994-08-13,33.29,26.05,29.31,0.06,78.09,1.959837164106148,5.745962339857797
1994-08-14,35.5,25.92,30.67,1.12,73.24,2.623466181054298,5.698731499535228
1994-08-15,37.37,27.05,32.04,0.42,63.55,3.4576390483164015,5.800027402180356
1994-08-16,33.21,26.1,29.23,45.53,75.87,2.0461689163871752,3.9485045611486536
1994-08-17,33.11,25.28,29.06,12.44,77.74,1.9792570102531744,3.9520620097739365
1994-08-18,34.26,26.32,29.83,0.53,74.99,2.2962686198922895,5.5552295939831575
1994-08-19,33.25,26.32,29.9,4.77,73.93,2.0264668187641903,5.281590548893873
1994-08-20,35.21,25.56,30.27,0.01,74.0,2.550559623941734,5.6808226269806905
1994-08-21,35.26,26.21,30.46,0.12,75.5,2.484903866958905,5.399934688412677
1994-08-22,36.59,26.43,31.3,0.06,69.7,3.0374057264400096,5.759977959703796
1994-08-23,34.84,26.76,30.05,6.13,76.33,2.3864526068322522,3.5542431021031184
1994-08-24,34.67,25.5,29.71,27.0,79.38,2.282667354463264,3.239706398852284
1994-08-25,34.17,26.15,30.14,32.44,75.39,2.2133424361670397,5.169059702016282
1994-08-26,32.03,25.6,28.62,12.86,84.11,1.4936715097736681,3.9686785989256492
1994-08-27,31.9,25.9,28.83,3.54,80.63,1.5620811899080538,5.080359103581055
1994-08-28,33.59,25.91,29.62,0.81,78.19,1.9875897769913093,5.079630541242415
1994-08-29,33.91,25.38,29.69,1.9,76.0,2.1903291870295227,4.536346722544307
1994-08-30,34.43,25.42,29.85,1.19,77.23,2.2517522029729133,5.039185736535447
1994-08-31,33.77,25.68,29.52,0.05,79.89,1.9978313252013682,4.488996926861131
1994-09-01,33.48,25.74,29.75,3.42,75.09,2.0777852317392957,5.08701336125577
1994-09-02,34.49,25.66,30.1,0.05,70.61,2.5125071728008916,5.192226852618007
1994-09-03,31.98,26.1,28.68,0.0,81.12,1.5872828493138096,4.775314663490485
1994-09-04,31.75,26.05,28.67,6.41,81.65,1.4994212713950938,4.5946734062250485
1994-09-05,31.73,25.48,28.43,5.24,82.75,1.4979091718578923,3.423236435819309
1994-09-06,32.61,25.44,28.6,5.47,79.49,1.8464998802431176,4.813310366891564
1994-09-07,33.73,23.92,28.89,1.58,75.77,2.2791003445372975,4.443857085092911
1994-09-08,30.58,25.63,27.73,2.96,84.03,1.2746695700948854,4.136471626992962
1994-09-09,29.89,24.84,26.83,0.93,87.8,1.1306705014846599,4.115553605413893
1994-09-10,28.3,25.14,26.64,5.37,90.87,0.6730185516647018,3.887139561758928
1994-09-11,31.33,24.18,27.58,15.08,84.04,1.5030387383048596,3.334937576336284
1994-09-12,32.89,24.39,28.27,4.92,83.99,1.8068040332835413,3.8535505507290253
1994-09-13,32.39,23.88,28.47,9.01,78.67,1.8496834277120318,4.481924877258459
1994-09-14,33.31,23.77,28.23,2.99,72.15,2.4042521742828593,4.899909161791081
1994-09-15,34.57,21.97,28.61,0.0,61.64,3.176632126548632,5.013640590906429
1994-09-16,34.38,22.88,28.54,0.0,55.56,3.3282784594978496,4.760073786872635
1994-09-17,34.53,21.3,27.48,0.0,57.54,3.456704436292934,4.743182918691149
1994-09-18,33.3,20.52,26.47,0.0,60.53,3.111635792134396,5.1730881821233865
1994-09-19,33.31,18.88,25.75,0.03,53.18,3.457427623390421,5.218876732906422
1994-09-20,33.04,19.14,25.71,0.18,50.95,3.4334793428594965,5.245415891374655
1994-09-21,33.42,19.18,26.41,0.0,53.4,3.393358244595424,4.8450564857891205
1994-09-22,33.76,19.86,26.55,0.0,53.34,3.478512554282577,4.63830786336197
1994-09-23,32.93,18.79,25.43,0.0,55.62,3.2973841539774518,5.0572160607805134
1994-09-24,33.22,17.46,24.72,0.0,53.3,3.5511258002946544,5.346294064124934
1994-09-25,33.59,16.48,24.34,0.0,47.27,3.8819427919277762,5.601285740249915
1994-09-26,33.68,15.85,24.37,0.0,45.46,3.954650491373936,5.330855203963639
1994-09-27,33.97,17.42,24.97,0.0,43.29,4.043204639130568,4.951005260460257
1994-09-28,34.65,16.75,25.74,0.0,44.2,4.174809541631699,4.919934285553328
1994-09-29,33.75,18.9,25.46,0.0,42.76,3.9477095174040047,4.98608120374373
1994-09-30,34.49,18.6,25.37,0.0,40.47,4.250438567582565,5.4344201657054905
1994-10-01,34.75,18.57,25.43,0.0,39.7,4.353230185273414,5.387577283110234
1994-10-02,34.66,20.03,26.37,0.0,35.71,4.37214079887712,4.6390865433465045
1994-10-03,34.46,17.14,25.72,0.0,38.27,4.2910005159354885,4.555338925379598
1994-10-04,35.45,17.93,26.83,0.0,37.74,4.521191641847544,4.548347759870856
1994-10-05,35.71,18.7,27.09,0.0,41.62,4.449170924709932,4.4757875368994595
1994-10-06,35.25,19.61,26.82,0.32,44.15,4.243726199606618,4.270038368818021
1994-10-07,34.29,18.53,26.03,1.31,42.27,4.112974567566475,4.894185602727916
1994-10-08,34.15,19.59,26.15,0.0,35.8,4.220431764134068,4.6670949717829355
1994-10-09,34.55,18.99,26.38,0.0,35.44,4.3463171738271065,4.47702916317892
1994-10-10,35.65,18.99,26.6,0.0,34.72,4.724010420471279,4.5282278444973905
1994-10-11,34.08,16.72,23.72,0.0,38.08,4.385649240457855,6.026601537399424
1994-10-12,31.0,14.67,23.1,0.0,29.12,3.7369744129301754,4.034461296778556
1994-10-13,32.19,15.12,23.16,0.0,35.19,3.894640192552154,4.4907331398594295
1994-10-14,32.03,17.55,23.46,0.0,39.64,3.7038764051361897,4.1130642962893695
1994-10-15,30.24,14.53,21.33,0.09,38.83,3.4123171217931816,4.794804023070615
1994-10-16,30.94,14.32,21.89,0.0,35.62,3.629016739191446,4.679622875424683
1994-10-17,32.52,14.41,22.23,0.0,33.46,4.096663367941581,5.129160446897868
1994-10-18,32.62,15.45,23.17,0.0,29.71,4.1693723321014815,4.35169640537405
1994-10-19,32.67,16.67,24.08,0.0,28.14,4.170281877926149,3.332232353144026
1994-10-20,32.98,17.36,24.67,0.0,28.28,4.2095276406635955,3.5183809134779978
1994-10-21,33.11,15.91,24.55,0.0,29.09,4.2300899778256715,3.6507419393024203
1994-10-22,33.18,14.55,23.33,0.0,36.52,4.127765739232951,4.059618149165193
1994-10-23,33.22,14.77,23.0,0.0,42.23,4.007300952023398,4.792129986888997
1994-10-24,32.2,16.09,23.09,0.0,46.53,3.579168051954194,5.476933775830663
1994-10-25,33.26,16.65,24.76,0.0,42.32,3.879297529029081,4.039243819949559
1994-10-26,33.81,17.41,24.87,0.01,40.46,4.075824871686848,4.378020513709274
1994-10-27,33.61,19.36,25.06,0.74,40.46,3.9891619971662364,4.301995699892472
1994-10-28,32.52,17.41,23.37,0.0,40.73,3.8227889311952543,3.923920919776475
1994-10-29,30.58,13.86,21.22,0.0,35.48,3.583830189550937,4.523240210596469
1994-10-30,30.57,14.07,20.76,0.0,34.14,3.6425194765694995,4.387950143842236
1994-10-31,31.56,15.54,21.73,0.0,30.42,3.913792314192042,4.165425280198226
1994-11-01,31.22,15.29,21.43,0.0,31.26,3.820476191733111,4.33149425453499
1994-11-02,30.8,16.27,22.26,0.0,26.64,3.782608498761125,3.680999672368946
1994-11-03,30.12,15.88,21.25,0.0,34.7,3.4522016904777235,4.016563146916197
1994-11-04,30.58,15.91,21.7,0.0,37.75,3.468506403220038,3.614589832703729
1994-11-05,30.65,15.95,21.55,0.06,37.41,3.5099910427729943,3.921628686794321
1994-11-06,30.17,15.95,22.33,0.0,33.8,3.4268096768709735,3.0326108542196875
1994-11-07,31.08,16.99,22.8,0.0,33.28,3.64260829829487,3.2853839061406616
1994-11-08,30.94,17.85,22.42,0.0,33.04,3.6431693723547323,3.309725858812735
1994-11-09,30.35,16.2,21.87,0.0,33.81,3.4925488312847293,3.597816384499534
1994-11-10,29.71,16.7,22.06,0.0,33.85,3.3157905694180023,3.2486043435666794
1994-11-11,29.69,16.9,22.37,0.0,34.02,3.290393884432008,2.9863353508663106
1994-11-12,30.09,16.27,21.93,0.0,36.52,3.3510585650772997,3.5917504331121006
1994-11-13,30.02,14.53,21.13,0.0,39.9,3.3128255375860034,3.592717528710913
1994-11-14,29.48,15.36,21.21,0.0,35.91,3.263331205637991,3.522240061037729
1994-11-15,29.28,13.93,20.76,0.0,33.04,3.3137228741513907,3.306914205982505
1994-11-16,28.49,15.76,21.39,0.0,27.32,3.2309905121212195,2.6431275511527783
1994-11-17,28.44,12.85,19.65,0.4,31.81,3.195600250286857,3.576839918193495
1994-11-18,28.16,13.34,18.98,0.0,31.27,3.172661301952865,3.731768936610323
1994-11-19,28.77,13.15,19.58,0.0,33.77,3.2318070314810337,3.0974846969603833
1994-11-20,28.47,13.76,19.88,0.0,35.28,3.113841949962141,2.732672161980449
1994-11-21,28.4,14.03,20.55,0.0,35.01,3.0652823442176267,2.806119911606379
1994-11-22,28.63,13.41,20.3,0.01,34.89,3.1407192700581374,3.0219633204236542
1994-11-23,28.41,14.63,19.89,0.0,33.78,3.13563636280445,3.1533966855638145
1994-11-24,27.45,14.14,19.37,0.0,30.32,3.0160666783068777,3.452385019940767
1994-11-25,27.88,11.78,18.43,0.0,31.24,3.1436882782337405,3.607848551273895
1994-11-26,27.94,13.51,19.93,0.0,28.46,3.137477389248921,2.660048815996537
1994-11-27,29.11,13.17,20.54,0.0,30.32,3.3290972599166078,3.2577155211926745
1994-11-28,27.68,14.7,19.81,0.0,32.87,2.98758912199111,2.708065542587675
1994-11-29,27.91,13.45,19.16,0.0,32.57,3.084257453402299,3.1931764132836293
1994-11-30,27.39,12.15,18.89,0.0,30.04,3.0426880711476745,2.728046289478411
1994-12-01,27.26,9.26,17.66,0.0,32.22,3.0281387638418154,2.963100569154742
1994-12-02,27.81,10.05,18.36,0.0,30.87,3.13238664800739,3.035680197993804
1994-12-03,27.33,10.12,17.78,0.0,34.18,2.9824945942506167,2.8004602896000717
1994-12-04,27.08,12.47,18.0,0.0,31.39,2.979702389969445,2.8671892200687346
1994-12-05,26.01,13.53,18.12,0.0,29.4,2.780071218894481,2.958091274713259
1994-12-06,28.03,11.51,18.71,0.0,32.14,3.130302687844452,3.035955956716106
1994-12-07,27.67,13.9,20.01,0.06,33.01,2.9655942341850334,3.4292893509988476
1994-12-08,26.65,13.86,19.59,0.05,44.49,2.4977827171110234,3.8499748596620122
1994-12-09,25.21,9.75,15.63,0.0,21.84,2.86614918415425,3.0321350986140656
1994-12-10,22.84,6.15,12.47,0.14,23.24,2.486291286754043,3.424860858361977
1994-12-11,21.48,2.77,10.73,0.0,23.96,2.2753455052045317,3.400686138197078
1994-12-12,22.13,3.2,11.54,0.0,28.66,2.3143487360772945,3.2151304241257277
1994-12-13,23.65,5.99,12.84,0.0,20.28,2.6454713722825485,3.7506844511391004
1994-12-14,22.8,5.27,13.02,0.0,20.32,2.4855853134278973,2.6848533624808066
1994-12-15,23.77,5.12,12.82,0.0,24.79,2.604411100564866,4.301415070682429
1994-12-16,23.0,5.65,13.21,0.0,27.6,2.428067797503379,3.355272135567065
1994-12-17,23.42,8.95,14.14,0.0,22.39,2.5312699663713056,2.3505855607562887
1994-12-18,23.4,9.0,14.12,0.0,24.79,2.4979304457304687,2.4827002410662593
1994-12-19,23.46,7.38,13.8,0.0,24.97,2.5141620437695775,3.139500494764912
1994-12-20,22.92,7.31,13.52,0.0,25.15,2.426913885115245,2.9773253225998566
1994-12-21,23.28,8.15,14.58,0.0,24.54,2.4695081914779466,2.574440154099904
1994-12-22,24.37,9.17,16.05,0.0,26.01,2.5910683875799028,2.4047601617253576
1994-12-23,24.77,9.69,16.36,0.01,31.57,2.5651655988239734,2.3918298213027263
1994-12-24,22.69,11.09,15.73,0.27,48.5,1.9260120760983002,3.4288112317955854
1994-12-25,23.84,9.33,15.55,0.34,49.45,2.1489633433962103,2.7355356262161497
1994-12-26,21.97,11.94,15.47,0.02,47.37,1.8223985504229672,2.6089844531336643
1994-12-27,26.62,12.31,18.11,0.2,37.43,2.761042804488995,3.0269179518059453
1994-12-28,23.23,10.53,15.26,3.61,48.98,2.025136648171416,2.8657394685846813
1994-12-29,21.12,7.06,12.71,1.04,50.88,1.8299721241674356,2.964694010753202
1994-12-30,19.49,2.82,9.73,0.31,41.73,1.82570964636663,3.1790555336110518
1994-12-31,20.1,2.03,9.53,0.0,37.39,1.9661207404843446,3.0638675045366477
1995-01-01,20.35,3.47,10.72,0.0,28.32,2.0503371366287118,2.5823735920774964
1995-01-02,21.3,6.02,11.77,0.0,25.6,2.199618710814153,2.245832100318639
1995-01-03,20.79,4.16,10.93,0.0,28.99,2.1020465678912132,2.962674812769531
1995-01-04,21.7,5.95,12.27,0.03,27.42,2.232099869011972,2.656679321900408
1995-01-05,22.58,5.61,12.25,0.68,34.89,2.2821949221425473,2.7488794783762227
1995-01-06,24.28,6.15,13.15,0.0,35.13,2.5506259370592357,2.967465010176726
1995-01-07,23.69,5.93,14.09,0.0,31.2,2.4683909402135327,2.58380140121232
1995-01-08,16.42,8.26,11.51,0.96,60.29,1.0858846538448257,2.289317896188936
1995-01-09,12.72,6.34,10.45,9.17,85.63,0.3897251600344789,1.084441438486375
1995-01-10,19.64,5.75,10.68,13.94,70.78,1.4366414677512136,2.201892934254537
1995-01-11,20.79,4.45,10.92,0.42,61.48,1.7201552485852485,2.8296920399788643
1995-01-12,20.19,3.18,11.15,0.0,51.04,1.7466271506139894,2.6115275621627667
1995-01-13,18.93,7.86,12.52,0.0,44.21,1.5738967760387048,2.126315192822754
1995-01-14,12.54,7.86,9.98,3.86,73.92,0.5594394941519119,1.24320523958085
1995-01-15,14.51,8.3,10.67,5.98,84.94,0.5699825579277524,1.3199946046912225
1995-01-16,18.37,6.29,11.84,0.77,70.74,1.16893929414565,1.9024780101654868
1995-01-17,19.34,5.42,10.97,0.0,60.79,1.5147062916373926,2.8686364846075696
1995-01-18,18.94,3.49,10.57,0.0,46.19,1.6390994503479512,2.8742536537444923
1995-01-19,20.98,7.89,13.0,0.0,46.82,1.8281898718307628,2.5055638830137537
1995-01-20,21.02,7.45,13.3,0.0,56.96,1.6932523265835817,2.302783504056514
1995-01-21,21.77,7.43,12.96,0.0,47.56,1.9607368883681453,2.8954058431847995
1995-01-22,20.65,3.46,10.91,0.0,41.37,1.940744223699005,3.0262850548400273
1995-01-23,20.73,3.48,11.02,0.0,33.05,2.056108901462345,2.821420241486272
1995-01-24,23.24,5.45,12.89,0.0,36.02,2.3557118111519593,2.9770525738983697
1995-01-25,22.32,6.49,12.99,0.0,41.29,2.1193787155760373,2.8618644785773095
1995-01-26,21.93,4.19,11.74,0.0,43.67,2.082184201653107,3.431388604684031
1995-01-27,24.43,5.31,13.62,0.0,46.51,2.4008167262345244,3.725856666829555
1995-01-28,24.15,7.41,14.64,0.0,54.41,2.164416754611835,3.3100550179485038
1995-01-29,23.76,6.88,13.99,0.0,49.1,2.2228358400624,3.568776411940708
1995-01-30,23.66,4.93,13.22,0.0,44.41,2.335924382625802,3.413260718537415
1995-01-31,24.26,5.78,13.57,0.0,36.84,2.524856741103882,3.523184756829654
1995-02-01,24.05,7.21,13.88,0.0,31.3,2.5393076804298462,3.4770976458128118
1995-02-02,21.99,9.79,15.0,0.0,30.15,2.1559735273985017,2.5977360644809666
1995-02-03,23.83,9.2,15.73,0.0,29.26,2.4762678878411104,2.5877758740691506
1995-02-04,24.44,8.22,14.63,0.0,34.31,2.540116827165174,3.0922337171007386
1995-02-05,25.69,5.91,14.14,0.0,35.65,2.79626337848396,3.9910761383709414
1995-02-06,26.24,5.21,14.49,0.0,38.61,2.842922401958963,4.254489813317955
1995-02-07,27.15,8.72,16.5,0.0,42.63,2.8476313963291426,3.6582384561804524
1995-02-08,26.57,9.31,17.07,0.0,44.83,2.655069998037162,3.7203991767300018
1995-02-09,24.29,11.66,17.1,0.0,48.6,2.126725392840917,2.841129112063778
1995-02-10,26.93,13.35,18.97,0.0,50.25,2.490313400058434,2.6656452841855165
1995-02-11,22.87,14.19,17.69,0.14,54.94,1.6962506414049823,3.1902403934251513
1995-02-12,23.35,12.17,16.58,13.21,66.48,1.6497061140940985,3.0530144374069086
1995-02-13,26.57,10.41,18.2,3.72,60.02,2.3095720485106708,3.157188339709827
1995-02-14,22.73,12.73,16.56,15.94,79.55,1.3029389697714728,2.313883934424081
1995-02-15,24.68,9.69,16.32,0.0,65.85,1.9851804973103182,3.133173340424215
1995-02-16,23.69,7.73,15.36,9.34,62.28,1.9399823273445767,3.2855202630906906
1995-02-17,25.33,8.61,16.39,0.0,41.65,2.5208898998955274,3.7153424010944835
1995-02-18,25.31,8.83,15.98,0.0,37.96,2.587365365061111,4.713965179927202
1995-02-19,25.17,11.21,16.77,0.03,33.57,2.6136462774710543,3.2047468420100373
1995-02-20,23.68,8.79,14.71,0.3,38.4,2.3316673160996206,3.505579967600304
1995-02-21,19.62,7.74,12.68,0.0,41.98,1.7135831735313145,3.3158721666160993
1995-02-22,18.69,7.21,11.51,0.72,54.27,1.4596486540728946,2.0700926095222103
1995-02-23,21.89,5.3,12.72,0.0,51.48,1.9351262700646017,3.0039520523270546
1995-02-24,22.73,5.99,13.68,0.72,44.13,2.151302815505383,3.934492383455963
1995-02-25,23.0,8.35,14.9,0.0,39.28,2.1955189485869915,2.779879907617829
1995-02-26,24.77,8.6,16.64,0.0,41.29,2.3833818077958413,3.538545551272057
1995-02-27,26.53,10.07,17.35,3.05,50.01,2.5517032650635163,4.387761267852961
1995-02-28,23.43,10.34,15.9,9.73,66.49,1.7406981171528686,3.308531109722194
1995-03-01,22.66,7.56,13.83,9.26,52.56,2.0312428299686545,4.003148120102547
1995-03-02,24.29,5.85,13.9,0.12,43.4,2.419201437323493,4.430949608601498
1995-03-03,23.89,5.87,14.31,0.0,43.25,2.3295076265919272,4.411292306211008
1995-03-04,23.61,6.62,14.56,0.0,41.97,2.280931119245059,4.152610100293171
1995-03-05,24.92,8.73,16.06,0.0,33.12,2.603846259680282,3.9752877508468165
1995-03-06,26.63,7.58,16.73,0.0,33.73,2.9099975879671076,4.3282104603020635
1995-03-07,26.3,8.95,17.46,0.0,35.55,2.7751591339515835,4.145281114366722
1995-03-08,27.31,9.41,17.96,0.0,35.6,2.966846123060038,4.297501476496799
1995-03-09,26.8,9.68,17.31,0.0,36.84,2.8875731552039894,4.623108719364698
1995-03-10,25.29,8.14,15.69,0.16,40.49,2.580749879562888,4.546951276922198
1995-03-11,25.25,6.97,15.3,0.56,40.16,2.6017852426447114,4.612197177285205
1995-03-12,26.93,6.98,16.49,0.01,39.14,2.8973254836567106,5.185328559407707
1995-03-13,27.19,10.17,17.38,0.0,41.71,2.8555384983320593,5.1231315501931745
1995-03-14,27.89,9.96,18.47,0.0,37.36,3.056183499735693,5.339064286636431
1995-03-15,26.68,12.45,18.52,0.0,36.21,2.7922988728717724,3.2904205704543075
1995-03-16,31.38,14.1,21.54,0.0,36.43,3.7352948372833277,4.46890492004534
1995-03-17,31.03,12.52,21.24,0.0,41.34,3.5540986435529227,5.112330721144462
1995-03-18,30.42,13.68,21.64,0.23,42.22,3.345187787861544,4.194420334281727
1995-03-19,31.1,13.66,21.93,0.0,41.87,3.51637395742755,4.456005087298482
1995-03-20,32.95,14.94,23.26,0.0,42.54,3.8986538913688866,6.757500583257583
1995-03-21,32.97,13.64,22.65,0.0,43.09,3.96344608652717,6.52123989765432
1995-03-22,34.87,15.85,24.99,0.0,40.8,4.397380953761347,6.338411128082718
1995-03-23,34.94,19.34,26.37,0.0,42.07,4.255140453799925,6.4132445934012985
1995-03-24,35.01,20.32,27.08,0.0,43.23,4.214880488729494,5.071409366751873
1995-03-25,30.15,19.14,24.49,1.28,49.05,2.8178047384193823,4.77177267773981
1995-03-26,28.2,17.01,21.75,5.37,66.84,2.140660490020961,4.7457293359539445
1995-03-27,31.13,15.5,23.3,0.29,54.88,3.099157555380036,3.922243053892379
1995-03-28,33.52,16.97,25.18,0.57,39.81,3.9873149044458227,5.20126757843298
1995-03-29,33.21,17.53,24.49,0.05,39.03,4.03506368445002,6.741265211642413
1995-03-30,29.48,13.6,20.93,3.69,47.14,3.1461516668149074,5.258083241260381
1995-03-31,31.06,12.26,21.12,10.25,43.14,3.5901880334512692,5.689027251118205
1995-04-01,31.02,13.83,21.85,0.0,32.53,3.7442354117256227,6.3584656639229316
1995-04-02,31.39,12.39,21.25,0.87,33.79,3.9001934331377095,6.6598010202264355
1995-04-03,31.43,12.71,21.66,0.0,30.95,3.913114871693873,6.557580473800877
1995-04-04,32.61,14.71,22.68,0.0,29.05,4.238892782456059,5.812692279882535
1995-04-05,33.0,15.43,23.36,0.0,25.42,4.402247965807305,5.471915810214749
1995-04-06,34.63,14.64,23.98,0.0,24.28,4.870719062688783,6.0939885450254145
1995-04-07,33.77,15.03,24.08,0.0,27.56,4.525937473757122,7.0441617016692435
1995-04-08,35.04,16.74,25.64,0.0,30.41,4.7731104857238895,5.671673315413244
1995-04-09,36.52,17.07,26.92,0.07,29.26,5.171657201730626,7.465771610336214
1995-04-10,36.15,19.09,26.58,0.04,26.83,5.175087158466232,6.487097571415098
1995-04-11,33.64,16.2,24.48,3.33,39.7,4.142982581362561,6.362819207913511
1995-04-12,33.15,15.75,23.89,5.36,39.41,4.059011365265727,7.03319958504498
1995-04-13,34.28,14.61,24.38,0.0,33.12,4.544346177581386,6.987969897697563
1995-04-14,33.15,17.7,25.28,0.0,26.8,4.307838821447325,5.206584931032797
1995-04-15,37.46,18.78,27.05,0.0,26.79,5.581924114880028,7.0204513957056935
1995-04-16,37.22,20.94,28.71,0.0,30.53,5.236774069174437,5.840434513279994
1995-04-17,33.99,22.12,27.58,0.01,31.5,4.219924529426148,5.173317861104454
1995-04-18,36.12,21.22,27.94,0.0,31.61,4.88459505918662,5.665058023369256
1995-04-19,34.21,19.92,26.99,1.11,36.34,4.161195900026503,6.369019899117208
1995-04-20,33.65,19.38,26.13,2.55,42.71,3.9011385627224144,7.466294257044455
1995-04-21,35.14,17.69,26.56,0.01,34.6,4.585502813490587,6.572716369006612
1995-04-22,37.57,21.18,29.11,0.65,32.59,5.255775355550231,5.816621758843777
1995-04-23,36.42,24.13,29.69,0.12,33.42,4.756933961656175,6.684844544187162
1995-04-24,36.31,21.32,28.82,0.0,36.59,4.676798626213347,7.477370038957365
1995-04-25,37.57,23.24,29.93,0.01,35.41,5.053901485217996,7.656837248554043
1995-04-26,36.28,22.76,29.04,0.71,38.99,4.5776748007824555,7.311630178832213
1995-04-27,37.62,21.42,29.35,0.0,35.97,5.148940179658537,7.848359740558802
1995-04-28,39.45,21.96,30.62,0.0,29.05,6.000040710216992,9.275206837197402
1995-04-29,36.75,24.27,29.96,0.0,31.65,4.9073895324324575,7.360470942590275
1995-04-30,38.54,23.81,30.97,0.0,27.1,5.688782759592223,8.496904716831928
1995-05-01,38.78,22.19,30.64,0.0,27.26,5.827752403222679,7.909469508671194
1995-05-02,39.78,23.32,31.51,0.0,21.7,6.3794122212954125,7.906988039581217
1995-05-03,40.16,22.51,31.34,1.34,22.78,6.528580413157544,8.823823388280502
1995-05-04,40.49,24.04,31.88,0.0,20.13,6.7029628183524705,7.4373934422651695
1995-05-05,41.77,24.1,33.1,0.0,18.62,7.239593689484866,7.613744247018354
1995-05-06,42.82,26.33,34.6,0.0,18.87,7.61588759579492,7.255862237596144
1995-05-07,43.84,29.18,36.41,0.0,12.59,8.33025354644687,6.615263504769802
1995-05-08,44.97,26.05,35.86,0.0,13.32,8.86055153713394,7.594217938991509
1995-05-09,45.27,26.59,36.02,0.0,14.78,8.93346595334817,7.747662388918986
1995-05-10,44.83,26.81,36.05,0.0,12.68,8.803919889112969,8.026133231129421
1995-05-11,44.37,27.96,36.2,0.0,21.19,8.096089521583467,9.202535166770003
1995-05-12,44.27,27.57,36.32,0.0,17.76,8.225293813037005,9.015711646731237
1995-05-13,45.38,27.43,36.7,0.0,18.5,8.738080925792069,8.950886852411937
1995-05-14,46.53,29.63,38.01,0.0,14.48,9.479149469170832,9.201229769324266
1995-05-15,47.42,27.8,37.75,0.0,11.96,10.131205540998298,9.438902385245365
1995-05-16,47.33,28.91,38.44,0.0,11.27,10.08703720947608,10.068859268376015
1995-05-17,44.18,29.72,36.57,0.0,14.67,8.309099353003125,12.865370926161448
1995-05-18,42.43,27.95,35.19,0.0,20.69,7.241798441821576,8.82574355068337
1995-05-19,42.27,27.32,34.3,0.0,14.97,7.596574624770687,9.614889957663054
1995-05-20,41.82,24.99,33.53,0.04,13.27,7.486974382336166,9.760581136863582
1995-05-21,40.82,25.3,33.35,0.0,14.26,7.020370988460051,8.559565640394647
1995-05-22,41.07,25.15,33.57,0.24,15.27,7.053789248473733,6.368927678909237
1995-05-23,41.59,26.4,34.07,0.02,15.44,7.226054829616543,8.332200255146967
1995-05-24,41.57,25.93,34.03,0.39,14.89,7.279016014387375,8.186763151379717
1995-05-25,41.15,26.69,33.91,0.09,16.47,7.002788410592451,7.1831301316524225
1995-05-26,41.11,26.18,33.95,0.0,16.26,7.028133968786427,10.837430429662636
1995-05-27,42.25,24.66,33.76,0.0,14.86,7.597559495416218,11.66896958850995
1995-05-28,43.48,24.02,34.04,0.0,10.5,8.416150930123663,12.614428930803054
1995-05-29,44.28,25.48,35.52,0.0,8.7,8.742209865371958,8.010054971171567
1995-05-30,45.85,28.6,37.15,0.0,9.47,9.453534076879073,7.943694006939698
1995-05-31,46.19,28.96,37.63,0.0,12.47,9.41380845727105,9.17664906383168
1995-06-01,46.52,29.18,38.15,0.0,13.27,9.516061734121317,10.061033337290073
1995-06-02,46.15,28.8,38.03,0.0,15.33,9.204488639202227,9.438115495201387
1995-06-03,46.11,29.57,38.28,0.0,14.61,9.20084986341665,11.162291131415616
1995-06-04,45.54,29.14,37.48,0.0,12.39,9.148162586754404,11.62543578437117
1995-06-05,46.53,26.47,37.1,0.0,9.89,9.780404756785865,12.01077090345426
1995-06-06,47.52,27.11,37.72,0.0,8.91,10.352189005637529,12.26406415757786
1995-06-07,47.62,27.51,38.05,0.0,10.19,10.325359297281844,10.974518800935618
1995-06-08,48.6,28.51,39.14,0.0,11.74,10.752035154937634,11.225240025091393
1995-06-09,49.09,30.52,40.13,0.0,10.72,11.052506758223203,13.034495612172988
1995-06-10,48.85,31.35,40.39,0.0,14.61,10.640662303308973,14.132315021080325
1995-06-11,47.63,32.77,40.37,0.0,17.46,9.700293040023922,14.341069001509316
1995-06-12,47.65,32.61,40.37,0.0,18.58,9.632006841223332,12.464727071488321
1995-06-13,47.26,32.75,40.31,0.0,17.35,9.50733077169934,12.570651665643764
1995-06-14,47.77,33.57,40.49,0.0,17.54,9.781313885133667,13.732095791269423
1995-06-15,47.99,32.36,40.23,0.0,15.91,10.04431932161614,13.82960182382998
1995-06-16,48.32,30.85,39.91,0.0,13.06,10.461191040835802,12.489939258737042
1995-06-17,47.67,33.6,40.45,0.0,23.58,9.32102335072285,14.225266417122814
1995-06-18,45.97,34.4,39.72,0.0,25.41,8.257227480311792,13.36728263317617
1995-06-19,44.13,32.32,38.53,0.03,29.19,7.195798427604693,9.488574439873323
1995-06-20,38.04,30.68,35.24,15.21,42.01,4.300818499836907,5.764842520355989
1995-06-21,32.98,26.51,29.84,40.84,64.96,2.3220027554302334,4.837564435953332
1995-06-22,37.65,24.94,31.41,0.41,48.83,4.416867380510972,5.0598264523819845
1995-06-23,38.5,24.01,31.53,0.71,39.59,5.122464789265764,8.291281808531059
1995-06-24,39.35,25.22,32.4,6.05,45.6,5.070272348126606,8.019275667927586
1995-06-25,41.86,28.57,35.07,0.0,39.73,6.035599247871859,8.094869704806719
1995-06-26,43.06,29.28,36.26,0.0,35.23,6.7141438638294195,7.124553052274661
1995-06-27,43.32,28.88,36.27,0.01,33.77,6.913620185169856,6.863305910263682
1995-06-28,43.65,28.42,36.16,0.03,34.43,7.0703705216562325,7.92159134316915
1995-06-29,44.28,28.56,36.42,0.0,33.09,7.435813867139578,7.576629492609657
1995-06-30,43.83,28.26,36.49,0.0,31.96,7.202394920622938,7.956199310510359
1995-07-01,45.23,28.7,37.38,0.0,31.02,7.874626125868704,7.951193142154749
1995-07-02,44.34,29.4,36.92,0.09,30.84,7.43787170351516,10.021737870699077
1995-07-03,43.1,29.49,36.17,0.39,33.28,6.766580295518224,9.754678607557935
1995-07-04,43.62,29.88,36.54,0.01,34.51,6.917871648687864,9.478687811599487
1995-07-05,43.37,30.53,37.11,0.01,34.55,6.715004014711058,6.780230720177371
1995-07-06,43.55,31.0,37.31,0.09,33.46,6.849783881963159,6.835587610819072
1995-07-07,43.53,30.43,37.18,0.01,32.53,6.912651782560248,7.6269758915167465
1995-07-08,44.31,31.85,38.11,0.01,32.39,7.188823496740369,6.96402065351427
1995-07-09,43.91,32.39,38.24,0.04,30.17,7.132685138056074,7.827896429151999
1995-07-10,44.46,32.02,38.28,0.22,30.94,7.339673652026334,7.0459436544482905
1995-07-11,42.15,32.05,36.8,2.79,34.45,6.178940492126005,7.203459662782403
1995-07-12,40.45,30.19,35.18,9.77,42.31,5.208818964529714,7.5092146931958625
1995-07-13,41.3,28.8,35.1,4.8,42.15,5.619767326119955,6.776813153728659
1995-07-14,43.08,30.14,36.63,0.0,37.37,6.47144240063613,7.42323784805461
1995-07-15,42.68,31.58,37.09,0.02,37.76,6.192643393816086,5.222059108137854
1995-07-16,39.95,31.33,35.62,5.15,43.85,4.856729174931188,4.714529338353996
1995-07-17,42.0,31.11,36.5,0.48,44.36,5.57430092497496,6.52808511189285
1995-07-18,41.1,30.15,35.68,2.56,47.56,5.123182503179443,7.05109397806375
1995-07-19,38.88,28.16,32.82,12.05,57.03,4.206039416723413,8.227121380020343
1995-07-20,40.36,29.09,34.43,0.04,48.6,4.985099109743691,9.21899493805836
1995-07-21,38.21,29.95,33.9,0.04,49.46,4.118623521071791,8.446429839174293
1995-07-22,38.34,29.74,33.47,0.07,52.27,4.092292398331345,7.241381576717157
1995-07-23,38.25,29.09,33.2,0.97,53.57,4.048261157576492,6.939109736162698
1995-07-24,39.39,28.85,34.03,5.47,51.64,4.469349162052426,6.098941116999666
1995-07-25,39.35,29.43,34.06,4.35,51.66,4.431237712221059,7.84184457179415
1995-07-26,36.59,27.87,31.77,3.3,61.53,3.295865365929308,7.353085301923139
1995-07-27,30.95,26.56,28.7,17.73,80.35,1.3271058053435154,3.0096630020383777
1995-07-28,34.81,26.0,30.46,24.9,71.41,2.542167062778025,4.556952506962277
1995-07-29,37.31,26.04,31.97,5.73,61.13,3.587362425270398,5.2252289980830735
1995-07-30,37.97,27.79,33.16,0.15,55.95,3.865176236351472,6.290473850878902
1995-07-31,38.79,29.39,34.09,0.02,52.44,4.185793356413056,5.6590269691744535
1995-08-01,38.99,29.32,33.91,4.22,52.98,4.265437444621834,5.401623845927302
1995-08-02,37.89,27.37,32.52,3.7,60.57,3.7263596960897445,5.961692323809993
1995-08-03,33.91,26.88,30.17,10.01,68.6,2.386647668438776,4.487375811020965
1995-08-04,31.85,25.91,28.4,11.24,77.62,1.7539068907380773,3.7445717755994576
1995-08-05,30.52,25.45,27.96,30.78,84.39,1.1997184415474131,2.391559958680435
1995-08-06,32.99,26.2,29.25,28.35,84.0,1.6399685556808823,2.997601175848239
1995-08-07,33.28,25.99,29.69,9.75,78.06,1.9039779139646553,3.8633888751536754
1995-08-08,31.54,26.31,28.26,4.79,86.56,1.3224450236718739,5.046030307783662
1995-08-09,31.1,25.53,27.67,23.73,85.76,1.3598769090434009,3.2226400201821206
1995-08-10,31.0,25.4,27.89,14.67,86.59,1.252400907235153,5.30934490754087
1995-08-11,32.96,26.07,29.73,9.69,79.67,1.720497589195097,5.180521149261713
1995-08-12,33.59,26.3,29.8,2.13,79.76,1.8849823294293584,4.05159629864416
1995-08-13,34.51,25.22,29.46,4.75,74.85,2.437745652511289,5.389424970009569
1995-08-14,31.46,24.82,28.13,7.83,79.69,1.5988988182320374,3.2538967911497556
1995-08-15,33.65,25.29,29.28,0.75,76.06,2.167467899896377,5.322672423512124
1995-08-16,34.7,25.39,30.02,1.5,71.74,2.5533570307397375,5.399988886931189
1995-08-17,33.74,26.37,30.27,4.19,71.11,2.219190369885674,4.564552521706197
1995-08-18,34.53,26.17,30.42,1.46,73.28,2.349886048182281,4.451893603407447
1995-08-19,34.15,27.02,30.71,3.07,70.99,2.2670677293000763,5.325808860112389
1995-08-20,34.12,26.18,30.23,23.06,71.35,2.3440154618991684,4.293194221561987
1995-08-21,33.47,25.52,29.31,8.59,76.64,2.0822745978880994,4.41528912230293
1995-08-22,33.11,25.04,29.04,5.0,77.38,1.9957985501083564,4.188062983432508
1995-08-23,34.08,25.5,29.83,1.33,73.18,2.3158268789146006,5.253802339653433
1995-08-24,35.27,25.37,30.6,0.07,71.22,2.650821166287162,5.281175480384295
1995-08-25,33.09,26.09,29.64,0.7,76.54,1.9103915325771066,5.174541143417324
1995-08-26,32.73,25.87,29.21,2.16,79.39,1.765873491980595,3.5659976932875717
1995-08-27,33.39,25.96,29.03,10.38,82.36,1.866243023301601,3.859441890319707
1995-08-28,32.82,25.33,28.53,6.51,82.89,1.7909899979697128,3.6229524592885087
1995-08-29,32.9,25.11,28.53,10.7,83.99,1.7752569012902621,3.994007258082073
1995-08-30,32.2,25.06,28.1,6.51,84.82,1.6239778300485535,3.756518443014682
1995-08-31,32.95,23.89,28.3,1.68,79.53,2.008777484244689,4.665766642089249
1995-09-01,33.05,23.86,28.39,11.52,76.09,2.1557128456892602,5.220642480641705
1995-09-02,34.7,24.94,29.38,0.06,72.12,2.6658422924373664,4.2583798862633415
1995-09-03,29.42,24.26,26.87,3.16,83.36,1.1662671147622299,1.6801351988285005
1995-09-04,28.2,23.57,25.73,29.87,89.0,0.8847377733216888,2.6095107891092844
1995-09-05,31.26,21.33,26.09,24.54,78.63,1.9508363879515165,4.681258100564474
1995-09-06,32.21,21.71,26.85,0.24,73.6,2.2642811036075825,5.0154621332164835
1995-09-07,33.26,22.03,27.36,0.0,71.3,2.5954998329397543,4.772770776942875
1995-09-08,31.43,22.92,26.85,0.03,81.07,1.7772740581640787,3.1670670700657744
1995-09-09,31.54,22.87,27.23,0.37,77.25,1.8887209965398317,5.0629309036008525
1995-09-10,33.6,22.03,27.85,0.03,69.38,2.6980714400702226,4.729000491628639
1995-09-11,34.46,22.3,28.25,0.03,67.78,2.9516256111853614,4.542060204794329
1995-09-12,33.72,22.63,27.59,1.62,72.11,2.659891817495891,4.842667945538818
1995-09-13,34.37,22.13,27.72,0.0,69.44,2.9428220900960445,4.889387461561112
1995-09-14,34.56,21.67,28.26,0.06,67.92,2.9927221928939476,4.928698610818086
1995-09-15,35.18,22.25,28.39,0.03,66.53,3.225266246607702,4.944421461597273
1995-09-16,34.34,22.86,28.03,0.0,64.4,3.0810597816511236,5.03198258466593
1995-09-17,34.68,22.24,27.83,0.0,62.0,3.2920941893223943,4.937693086312012
1995-09-18,34.85,21.81,28.37,0.0,56.77,3.494004988092368,4.812890060925085
1995-09-19,36.26,21.38,28.13,0.0,60.03,3.8683231910021623,5.10467548096955
1995-09-20,36.65,21.82,28.25,0.0,56.63,4.152399575556924,5.472869737059946
1995-09-21,36.76,21.01,28.24,0.0,51.62,4.366819667605511,5.390411811678805
1995-09-22,37.57,20.97,28.78,0.0,48.7,4.68738712464314,5.731007922962239
1995-09-23,36.9,20.98,28.69,0.0,50.73,4.3790119770922225,5.332162958695104
1995-09-24,37.51,21.01,28.47,0.0,51.29,4.591894746842345,5.880850456462163
1995-09-25,36.53,23.17,28.75,0.0,49.49,4.273131111523898,5.372568109437739
1995-09-26,36.32,21.83,28.5,0.0,50.71,4.199755000186734,4.892171024015974
1995-09-27,36.38,21.06,28.38,0.0,51.17,4.229036350407839,4.851423598362109
1995-09-28,37.56,20.69,28.58,0.0,52.58,4.578402021804548,5.055810845508675
1995-09-29,37.09,21.46,28.81,0.03,52.77,4.411678732129233,5.365102223458723
1995-09-30,37.36,22.45,28.74,0.17,48.86,4.600266964670084,5.286902076791221
1995-10-01,36.82,21.65,28.47,0.0,46.76,4.5169735075936535,5.109014458628074
1995-10-02,37.31,22.31,29.4,0.0,39.69,4.865054998137311,4.776063253197173
1995-10-03,37.1,20.47,28.25,0.0,42.94,4.795554127572997,5.206577886974707
1995-10-04,37.33,21.16,28.27,0.0,41.89,4.916960366395981,5.366898476939759
1995-10-05,36.59,20.25,27.59,0.0,43.42,4.65968335907384,5.22661546212671
1995-10-06,36.27,20.27,27.15,0.0,41.59,4.6608659707121705,5.2959305786215785
1995-10-07,36.55,18.43,26.64,0.0,41.26,4.835016974706372,4.964534949414314
1995-10-08,36.47,18.64,26.85,0.0,39.75,4.8287466583218315,4.694567615578993
1995-10-09,35.81,17.92,26.46,0.0,45.5,4.470292607478956,4.341351210036281
1995-10-10,34.83,19.19,27.19,0.0,53.28,3.785186981718346,4.195199372846123
1995-10-11,36.15,20.45,27.46,0.0,48.43,4.366393851832854,4.6765385882245685
1995-10-12,36.89,21.18,28.04,0.0,37.73,4.911456885967842,4.826770099336084
1995-10-13,36.05,18.98,27.29,0.0,37.58,4.703609782074646,4.322557078005095
1995-10-14,36.74,18.16,26.98,0.0,37.67,4.974894808611769,4.692264625688921
1995-10-15,37.41,18.63,27.05,0.0,36.73,5.240023127422798,4.776089800680487
1995-10-16,34.41,20.29,26.46,0.32,39.53,4.161977564330039,3.8331287138897463
1995-10-17,33.3,19.8,25.29,0.0,42.86,3.8234949303429158,5.198954390618567
1995-10-18,33.81,18.81,25.57,0.42,41.03,4.01789540000347,3.9745216889504835
1995-10-19,35.18,18.32,25.68,0.0,35.76,4.618450465883694,4.653421343408611
1995-10-20,33.04,16.25,24.05,0.77,38.57,3.995411512172035,4.5318595076821255
1995-10-21,33.17,17.12,24.04,0.37,35.32,4.10162443721083,4.2513572256387375
1995-10-22,32.1,16.37,23.01,0.0,36.53,3.846600766894266,5.273289702398351
1995-10-23,30.99,14.36,21.74,0.0,36.84,3.6189413210085277,4.654027424389844
1995-10-24,32.54,14.28,22.23,0.0,32.99,4.128846317813846,4.9043837570153315
1995-10-25,33.35,16.38,23.59,0.0,30.48,4.3193419925073115,3.7000072672803928
1995-10-26,32.99,18.14,23.82,0.0,31.74,4.15501603069556,3.729425996247041
1995-10-27,31.58,15.59,22.9,0.0,36.69,3.6916649530651666,4.480783051077822
1995-10-28,33.18,16.0,23.57,0.0,33.8,4.182939468702785,3.925167351990831
1995-10-29,32.14,15.57,22.74,0.0,35.12,3.894927483404478,4.452773310649958
1995-10-30,32.34,16.6,23.45,0.22,36.12,3.885571604352689,4.336119645683548
1995-10-31,30.71,16.97,22.16,0.02,35.17,3.555126776931491,3.6615384453725963
1995-11-01,29.29,14.22,20.92,0.0,35.76,3.2496776026137906,3.851378514651306
1995-11-02,30.29,13.42,20.47,0.0,35.15,3.5755330428808523,4.493107175632234
1995-11-03,31.08,13.6,21.41,0.0,27.64,3.8879221686989984,3.690923857011673
1995-11-04,31.44,14.28,21.63,0.0,24.76,4.029377493725119,3.5629743893293084
1995-11-05,31.15,11.97,20.95,0.0,29.98,3.8686819232227174,4.151416792889854
1995-11-06,31.22,14.34,21.11,0.0,28.4,3.904679686870578,4.132172789579517
1995-11-07,30.63,15.32,21.35,0.0,28.85,3.728721660701103,3.5617893888732453
1995-11-08,30.96,16.57,22.44,0.0,32.08,3.6696827944328985,3.1514122942972995
1995-11-09,31.52,15.9,22.55,0.0,32.2,3.8146258401928326,3.886093816427592
1995-11-10,31.29,13.92,21.89,0.0,29.48,3.8771601050052737,4.636993860477508
1995-11-11,30.5,14.4,21.52,0.0,24.75,3.7790706057414365,3.0328025443535167
1995-11-12,30.28,12.62,19.74,0.0,29.39,3.7123484590830875,4.745616675537148
1995-11-13,30.28,10.37,19.42,0.0,26.99,3.7768134198293404,4.425478482725924
1995-11-14,31.14,14.54,20.68,0.0,24.98,3.973151954528235,4.2093221956021845
1995-11-15,31.27,12.27,20.31,0.0,25.8,4.013649190114097,3.8504901720577633
1995-11-16,30.66,11.16,19.64,0.0,32.67,3.742985336787424,4.517334404365435
1995-11-17,30.32,12.35,20.37,0.0,34.78,3.574491037813845,4.901542966749075
1995-11-18,29.5,13.87,20.14,0.0,33.45,3.39107022003333,3.530737062471783
1995-11-19,28.66,14.15,19.58,0.0,32.9,3.234526247968498,3.158086473335049
1995-11-20,28.83,11.23,18.91,0.0,28.23,3.441031583052845,3.826959121942512
1995-11-21,28.62,11.87,19.26,0.0,19.28,3.5277036601199954,3.692362055923579
1995-11-22,28.47,10.64,19.18,0.0,18.29,3.5093499928026386,3.225847654815622
1995-11-23,28.23,13.77,18.86,0.0,18.16,3.456737481624307,3.105548902446047
1995-11-24,27.53,9.94,17.04,0.0,19.86,3.324653385213703,4.456946416255069
1995-11-25,26.66,7.61,15.52,0.0,21.66,3.15416323728705,4.432282177926201
1995-11-26,26.76,10.2,17.43,0.0,16.73,3.1991347644847226,2.9664439916874237
1995-11-27,27.57,9.68,17.96,0.0,21.98,3.2625746908142945,3.5362220857413296
1995-11-28,26.4,10.75,18.31,2.07,30.68,2.824246329531751,5.114473869526114
1995-11-29,25.25,8.03,15.43,0.2,36.54,2.6365796019221346,3.3431315295117687
1995-11-30,23.35,7.58,13.67,0.33,26.56,2.5016421510323315,4.148577208943994
1995-12-01,22.54,4.93,12.26,0.0,27.17,2.3714227944720014,3.5251613562645527
1995-12-02,23.54,4.79,13.17,0.0,25.11,2.5634288469983986,3.66441748035672
1995-12-03,24.63,5.69,13.62,0.0,21.93,2.7925862364444605,4.077215277079775
1995-12-04,24.57,5.35,13.33,0.0,22.01,2.7805330245340536,4.206511980716056
1995-12-05,24.92,5.39,14.35,0.0,23.25,2.797735783298876,3.7902397723703394
1995-12-06,25.38,9.68,16.98,0.0,27.97,2.71628447470225,3.2022605020838086
1995-12-07,25.13,12.59,17.4,0.0,31.93,2.5877857041968513,2.5373940496600826
1995-12-08,25.66,11.29,17.45,0.42,41.56,2.5082766370135814,3.40648398288717
1995-12-09,23.75,12.6,16.65,0.35,58.5,1.8912553201453046,2.9023987448125723
1995-12-10,24.43,12.14,17.77,0.1,45.65,2.1667046062806232,2.0785101401414914
1995-12-11,25.55,11.91,17.61,0.0,40.64,2.5109718484001866,2.6728839671409195
1995-12-12,24.74,11.07,16.48,0.0,30.51,2.5896832671365337,3.962719388367268
1995-12-13,21.24,7.42,13.4,0.0,31.21,2.080474210341795,3.376201967840915
1995-12-14,21.82,10.54,14.77,0.0,39.8,1.9574048488527933,2.882848553864337
1995-12-15,24.36,9.49,16.43,0.0,41.53,2.3316637019883677,2.390585167235647
1995-12-16,23.96,11.23,16.48,0.0,36.83,2.304246479451632,3.5116270157988323
1995-12-17,23.22,8.96,15.84,0.02,28.25,2.3721975611051414,4.14403408054723
1995-12-18,22.54,10.54,15.15,0.0,36.03,2.12849008485544,3.2481800687374194
1995-12-19,22.63,10.2,15.48,0.0,42.65,2.029321910024711,3.145293875082699
1995-12-20,24.91,8.16,15.83,0.0,42.72,2.4675981443636714,2.725569085384253
1995-12-21,25.52,11.92,16.57,0.06,33.08,2.6804519533337317,2.6776970522743953
1995-12-22,24.54,11.41,15.88,0.11,32.24,2.5395797486456586,3.464568325677082
1995-12-23,23.06,6.93,13.64,0.0,28.76,2.41078474781282,3.195995564893799
1995-12-24,23.01,8.65,14.03,0.14,24.43,2.441039800318092,2.3982812441684906
1995-12-25,22.81,8.91,14.38,0.0,27.62,2.34546328353159,2.177281412775126
1995-12-26,22.88,8.62,14.12,0.0,28.62,2.349681049109244,2.531479897269496
1995-12-27,23.03,8.6,15.02,0.0,23.4,2.4346316163074366,2.83471456827073
1995-12-28,24.11,8.98,15.26,0.0,24.17,2.6092233268235603,3.1218345263565785
1995-12-29,23.97,9.3,14.93,0.0,26.88,2.5466988702362254,2.7434695460648557
1995-12-30,21.42,8.05,13.63,0.0,38.77,2.013452113207169,2.962287064387153
1995-12-31,23.76,7.49,13.69,0.0,47.61,2.29764542548116,2.461062189578115
1996-01-01,24.75,8.65,15.42,0.0,33.98,2.555653878849129,2.826154768715962
1996-01-02,24.45,9.1,15.59,0.0,32.61,2.5258332909075847,3.0004130480289315
1996-01-03,25.1,10.01,15.65,0.0,30.02,2.683752908029599,2.7699575264533127
1996-01-04,24.24,7.35,14.64,0.0,28.46,2.586745571557846,3.561550658913897
1996-01-05,22.76,7.3,13.78,0.0,26.36,2.3717362066969705,3.0207168862076084
1996-01-06,22.84,6.44,13.27,0.0,27.74,2.3830568859095296,3.186529100244273
1996-01-07,23.43,7.19,14.47,0.0,23.19,2.5258815625742765,2.7112317621899047
1996-01-08,24.48,10.12,16.5,0.0,18.34,2.739462715320937,2.4403003411776374
1996-01-09,24.25,8.92,16.37,0.0,17.43,2.7116815165314865,1.997411306116077
1996-01-10,22.81,7.55,15.14,0.0,21.57,2.4242542166219,2.1536883504711195
1996-01-11,23.72,8.2,14.57,0.0,26.81,2.5035919244813027,2.9320086785468376
1996-01-12,22.37,6.81,13.65,0.0,26.21,2.324240055048723,3.229840632059096
1996-01-13,23.79,7.99,15.22,0.0,24.21,2.5523620259901474,2.8758627742958556
1996-01-14,22.9,9.98,15.85,0.5,46.93,2.0151430292131347,4.408263036302044
1996-01-15,20.49,9.23,13.61,6.75,64.07,1.4665956224793715,2.931803421312391
1996-01-16,20.24,7.91,12.41,3.0,43.88,1.772595520603954,2.5164076075488047
1996-01-17,18.89,4.55,10.51,16.05,54.64,1.526123411304833,1.9742489278939759
1996-01-18,18.86,5.2,9.99,3.41,56.68,1.5309833486033266,2.5752306905601743
1996-01-19,20.29,4.71,11.64,2.09,43.6,1.8389578196674115,2.4859464112920895
1996-01-20,21.96,8.06,13.3,0.0,38.82,2.0714047164176876,2.686875010872522
1996-01-21,22.94,5.62,14.21,0.0,42.71,2.152435162853841,2.318046482020818
1996-01-22,23.21,9.15,14.59,2.86,49.53,2.053556135661154,3.6742009670299187
1996-01-23,19.97,5.23,11.12,0.0,60.78,1.6145491385260509,3.031149512251204
1996-01-24,20.02,2.41,10.6,0.54,47.02,1.810636470704784,3.1629501390688888
1996-01-25,22.35,5.0,12.94,0.0,44.7,2.06517679121037,3.0731747895725614
1996-01-26,21.82,7.57,13.31,0.0,46.29,1.955028384272619,2.6286982877233065
1996-01-27,22.87,5.96,12.72,0.0,43.56,2.2010721857251396,3.0377114071240783
1996-01-28,20.67,3.96,11.05,0.0,42.41,1.9299627154081684,3.3829105219791638
1996-01-29,21.88,1.23,10.09,0.0,36.21,2.237089818385934,4.159527563895526
1996-01-30,23.78,1.43,11.3,0.0,33.84,2.5484749538806666,3.944817608119826
1996-01-31,23.77,7.18,14.6,0.0,24.28,2.578820324473361,2.754588542934272
1996-02-01,22.46,8.72,14.2,0.0,30.7,2.2609386581393647,2.8658476748601425
1996-02-02,24.46,4.99,13.43,0.0,32.79,2.61235830546159,3.464934566185188
1996-02-03,25.45,3.96,13.41,0.0,36.73,2.7473652899100314,3.6899802651865374
1996-02-04,25.66,6.52,15.4,0.0,32.31,2.7978530368211842,3.3164121238513515
1996-02-05,26.53,8.27,15.68,0.0,31.4,2.95961819120849,4.1082078193285625
1996-02-06,26.25,7.98,16.18,0.0,39.31,2.747585478669437,3.8387703724783306
1996-02-07,28.21,11.81,18.65,0.0,36.73,3.109566961332977,3.3908327366478064
1996-02-08,27.73,10.85,17.99,0.0,38.17,3.005617072899527,4.720108901384633
1996-02-09,23.99,13.45,17.54,0.24,44.3,2.119510730464143,5.375406018392376
1996-02-10,15.4,10.17,12.75,12.63,83.16,0.5308213894853682,1.6079368141893116
1996-02-11,22.41,8.56,14.4,0.04,70.37,1.6188149044787195,2.8764829339453972
1996-02-12,23.52,7.03,14.96,0.69,58.9,1.9710099396205485,3.044565285205768
1996-02-13,25.11,8.89,16.81,0.0,44.54,2.3968284638796176,3.310293802688305
1996-02-14,25.87,12.03,18.32,0.03,40.99,2.5207143078185914,3.2844564207791707
1996-02-15,24.2,11.82,17.12,4.27,56.43,1.9710308067666567,3.105609919563751
1996-02-16,25.2,8.41,15.34,0.56,46.99,2.4790956478616515,4.008260804764495
1996-02-17,24.56,6.51,15.04,0.0,39.3,2.4863582464219824,4.390223295829069
1996-02-18,26.59,7.53,16.07,0.0,40.68,2.8166218934308764,4.671745521216933
1996-02-19,27.0,9.42,16.83,0.0,40.45,2.8637285176759932,4.266416142829345
1996-02-20,27.24,8.96,17.78,0.09,33.55,3.0230363642536062,3.374280175873328
1996-02-21,28.34,9.96,18.49,0.0,33.67,3.206712847029282,4.371607249214167
1996-02-22,27.73,12.04,18.68,0.0,34.92,3.0317619588158875,3.6954176559975958
1996-02-23,27.2,13.13,18.9,0.0,42.51,2.730805764158323,4.254166437631016
1996-02-24,22.86,13.3,17.69,4.96,67.02,1.4475012284509325,2.8272529302773686
1996-02-25,23.9,13.09,18.09,0.26,62.46,1.7273533173194793,2.504443760902018
1996-02-26,21.53,11.82,16.32,16.62,71.09,1.301107735047325,2.5623370426435734
1996-02-27,24.19,9.98,16.5,6.65,57.46,2.0176330585202242,3.5435781702153433
1996-02-28,26.76,8.63,16.78,0.22,49.22,2.6731167139768433,4.4647987917690175
1996-02-29,26.41,9.17,17.2,0.0,42.75,2.675185449451329,4.23399503600181
1996-03-01,29.9,12.35,20.86,0.0,37.4,3.3788174059062532,4.083239043179752
1996-03-02,28.06,14.72,20.32,0.0,43.66,2.8036131033897242,4.387271845566305
1996-03-03,30.23,11.96,20.19,0.0,45.92,3.3132174113416304,4.912661351601117
1996-03-04,30.31,13.0,20.84,0.0,41.3,3.398134399648264,4.3214936968541195
1996-03-05,30.17,15.1,21.97,0.03,36.82,3.366204155591099,4.2324968807772265
1996-03-06,30.4,15.92,21.45,0.0,40.6,3.3660475101580474,4.663987364244505
1996-03-07,29.7,14.53,21.06,0.01,47.73,3.043310093031887,5.132881906331833
1996-03-08,30.51,13.81,21.11,0.0,46.87,3.306916558475125,5.365927126520323
1996-03-09,30.7,14.74,21.77,0.0,47.29,3.2730137400906854,5.64033302733043
1996-03-10,32.68,16.22,23.33,0.0,44.31,3.7547367972726633,5.857511057595356
1996-03-11,34.03,16.15,23.89,0.0,45.3,4.09606876918662,5.981274653505698
1996-03-12,34.26,18.47,24.74,0.0,39.86,4.262575295419908,5.347638262141226
1996-03-13,32.82,16.64,23.63,0.09,40.22,3.8994858448708447,6.181241462277181
1996-03-14,33.06,15.38,24.37,0.0,39.37,3.95815226676699,4.845698640128645
1996-03-15,28.42,18.88,23.19,0.14,44.14,2.641274791463945,3.8039494904519464
1996-03-16,26.16,19.02,21.77,0.29,52.29,2.0497957424875617,5.188007124846164
1996-03-17,26.66,16.61,20.84,0.42,63.27,1.9990250767919842,3.8479407555087963
1996-03-18,29.37,15.59,21.81,4.32,56.89,2.679358449104421,5.31550442595744
1996-03-19,28.95,16.67,21.63,3.34,48.45,2.8050985387139766,4.208330535656994
1996-03-20,28.81,13.26,20.29,1.7,46.36,2.9586697466683174,4.696308069722581
1996-03-21,26.6,13.63,20.14,0.81,44.19,2.503141168849356,3.2077387181000803
1996-03-22,28.14,13.69,20.37,0.0,50.11,2.6994930091755975,5.043245620069774
1996-03-23,29.22,11.7,19.8,6.52,52.68,2.96719716128015,4.207767289053461
1996-03-24,31.88,12.83,22.15,0.0,44.61,3.6607692602502855,5.572764917118433
1996-03-25,33.43,16.42,24.28,0.0,37.71,4.0916149277421034,5.395242192946849
1996-03-26,34.13,16.6,24.95,0.0,38.26,4.262997431598876,6.341456954408949
1996-03-27,36.64,16.67,26.19,0.01,33.64,5.133628711557964,7.034384108944601
1996-03-28,37.83,19.19,28.1,0.0,29.41,5.534391168727626,6.810780130086706
1996-03-29,37.83,18.61,27.18,0.18,28.9,5.712278995860669,8.861664975446857
1996-03-30,31.38,12.48,21.21,0.29,23.92,4.077181731166195,6.575985808278453
1996-03-31,30.79,10.06,20.01,0.09,24.79,3.9650285014007074,6.686078356719919
1996-04-01,32.48,10.64,21.19,0.0,26.19,4.343244028486414,7.237185090281312
1996-04-02,33.82,12.28,22.77,0.0,25.74,4.674665073298866,6.337999351298415
1996-04-03,35.79,14.66,24.93,0.0,25.87,5.179770175428489,5.745152517103516
1996-04-04,37.49,17.97,26.95,0.0,23.3,5.739600471047795,5.654075312914285
1996-04-05,39.09,17.51,27.67,0.0,22.22,6.342081241860663,8.999721942080015
1996-04-06,38.15,19.01,27.61,0.0,22.97,5.9106338711951985,6.236310829116957
1996-04-07,36.32,18.54,26.53,0.0,19.9,5.43885028380722,7.979398752219442
1996-04-08,35.36,15.67,25.11,1.01,20.58,5.195493878042361,6.482134717458491
1996-04-09,31.94,13.16,22.36,15.67,37.17,3.928274371370767,6.411061259945709
1996-04-10,33.99,14.81,24.33,0.0,27.17,4.619196752087173,5.759210435435392
1996-04-11,36.78,15.94,26.48,0.0,24.45,5.490322111031552,6.131117268919517
1996-04-12,38.19,17.39,27.23,0.0,25.02,5.935893777773688,6.592461261567981
1996-04-13,38.16,18.81,27.9,0.0,24.94,5.865010934993375,8.498948444182917
1996-04-14,39.37,17.49,27.66,0.0,26.93,6.312531982941842,8.398589867749433
1996-04-15,39.31,20.13,29.96,0.0,23.47,6.238172164220613,5.853128136513502
1996-04-16,40.62,20.87,31.38,0.0,20.47,6.798635537042209,6.259188239673623
1996-04-17,40.29,20.04,29.77,0.0,20.87,6.7124763688961,9.737715879026142
1996-04-18,40.22,20.7,30.7,0.0,22.36,6.564314022573497,7.6727512655873396
1996-04-19,41.06,22.38,31.29,0.0,20.52,6.9649832044605064,6.983622644782042
1996-04-20,38.42,23.36,30.11,0.63,27.18,5.700268761784665,7.480294034790393
1996-04-21,38.04,20.91,29.57,0.11,30.52,5.492589529080211,6.446558499090083
1996-04-22,37.06,22.68,29.91,0.59,29.14,5.139511171843904,5.479570012920362
1996-04-23,36.97,21.59,29.23,0.0,32.11,5.037429048496835,6.481572408317917
1996-04-24,38.94,22.01,30.39,0.24,26.83,5.922233656068725,7.892747281799714
1996-04-25,42.53,20.5,32.19,0.01,16.06,7.779433064788503,7.722337361444873
1996-04-26,42.9,22.47,32.76,0.0,14.54,7.946860503410551,8.091641326596575
1996-04-27,42.17,23.64,32.6,0.0,15.36,7.576359039227855,9.95942874374703
1996-04-28,42.68,24.07,33.51,0.0,18.49,7.6167654488243315,6.783346816057867
1996-04-29,41.91,25.28,33.63,0.01,18.84,7.246309522997643,6.563835777114591
1996-04-30,43.43,24.73,34.08,0.05,15.95,8.07909249880152,9.850851214051222
1996-05-01,42.63,23.45,32.89,0.08,10.17,8.00539740866742,8.558009773924619
1996-05-02,42.46,23.53,32.97,1.61,12.71,7.821340929109894,8.58869239754684
1996-05-03,41.52,22.16,31.88,0.0,10.6,7.532254832556042,10.264532076609783
1996-05-04,41.85,22.6,32.86,0.0,13.8,7.481166235366208,8.379927962182487
1996-05-05,41.86,24.29,32.12,0.43,10.98,7.692053831786524,9.457487383775085
1996-05-06,41.43,19.79,30.77,0.0,8.97,7.599131607939864,9.925452313678122
1996-05-07,42.03,19.85,31.68,0.0,7.15,7.8980467823927905,9.800011512544405
1996-05-08,43.66,24.33,33.68,0.0,8.48,8.518044855525098,7.809388773662278
1996-05-09,44.0,23.34,33.74,0.0,7.91,8.71234290971329,9.158743067109915
1996-05-10,43.03,22.95,33.19,0.0,9.98,8.16275328416815,11.212907435585725
1996-05-11,41.01,24.58,32.4,0.0,11.75,7.2483016923264625,11.163845774327743
1996-05-12,40.32,22.31,31.9,0.03,14.82,6.858775672588464,7.488816504629048
1996-05-13,41.91,24.59,33.01,0.01,15.66,7.432615071838166,9.7071476607695
1996-05-14,38.89,25.57,32.3,0.0,18.29,6.09188515411298,8.264153257041093
1996-05-15,41.27,23.97,33.14,0.08,21.55,6.864191332049055,8.742887785507719
1996-05-16,39.03,26.9,32.23,3.79,25.32,5.88305898717094,7.46026366007163
1996-05-17,39.69,23.98,31.97,0.0,23.47,6.241704805217879,8.314804451030035
1996-05-18,40.62,25.03,33.05,0.26,18.5,6.772205295317102,7.06435642417752
1996-05-19,40.14,26.5,33.72,0.5,23.2,6.289724682223417,6.894392432468827
1996-05-20,41.31,26.37,34.22,0.4,21.4,6.835784253376408,6.527778365918798
1996-05-21,36.26,27.74,32.3,0.06,25.0,4.834051544033883,5.73286433848936
1996-05-22,40.48,27.02,34.01,0.05,27.84,6.115008775041141,5.954910766241477
1996-05-23,37.5,26.61,32.47,0.38,37.42,4.663995053920033,7.5262423318451255
1996-05-24,41.3,28.05,34.56,0.0,29.61,6.351695385032758,9.456757476515968
1996-05-25,39.36,26.54,33.11,0.0,29.01,5.728848946287963,10.262346499372581
1996-05-26,41.67,26.1,33.96,0.47,23.3,6.908261353388885,10.668971441107429
1996-05-27,44.9,25.7,35.7,0.0,17.05,8.623787153942338,10.495663248979753
1996-05-28,45.89,27.0,37.01,0.0,15.37,9.140290240211092,10.437632747296888
1996-05-29,46.54,27.48,36.77,0.0,13.6,9.632804265639656,12.306012740869887
1996-05-30,43.59,26.22,34.94,0.09,6.81,8.54091627968781,9.13710607750192
1996-05-31,45.75,24.31,36.08,0.05,9.45,9.429681509841949,9.702316777013724
1996-06-01,46.19,28.12,37.46,0.0,15.53,9.246877211866222,10.345290264662369
1996-06-02,46.06,27.98,37.31,0.0,10.44,9.504676373006301,9.56894553958955
1996-06-03,47.66,32.51,39.12,0.0,7.86,10.451921501603788,9.18241309918699
1996-06-04,46.21,27.16,36.66,0.0,10.4,9.630958307027953,11.328640812911658
1996-06-05,43.69,26.1,35.87,0.0,11.67,8.32841174119731,9.318716495880494
1996-06-06,43.32,25.71,35.43,0.01,13.84,8.09469381078299,7.863095563925977
1996-06-07,44.44,26.24,36.43,1.75,16.29,8.368980844851142,8.522872281087663
1996-06-08,45.41,28.35,37.52,0.0,22.16,8.495306899490256,7.326031887206751
1996-06-09,43.95,30.22,37.32,0.05,22.26,7.7190782275664205,6.839099019783571
1996-06-10,42.64,29.67,36.55,2.43,24.49,7.040561635244452,7.1300706791033575
1996-06-11,44.32,30.04,37.62,0.89,28.81,7.456070213794181,8.129313543940887
1996-06-12,44.57,32.59,38.73,0.03,26.85,7.590005880458758,9.316168155369295
1996-06-13,42.74,33.22,38.07,0.02,27.6,6.730205431340556,7.807125018521129
1996-06-14,39.14,31.32,34.96,26.38,40.67,4.806719607556616,7.140282211681302
1996-06-15,41.65,29.04,35.68,6.92,40.71,5.797961041086054,6.976802368780271
1996-06-16,35.07,28.71,31.79,4.77,51.78,3.244701431905242,5.542160905057255
1996-06-17,39.46,27.4,33.89,5.04,48.48,4.716899718852753,6.718768527634868
1996-06-18,38.25,28.68,33.64,3.84,49.5,4.226304422237643,6.613136261775944
1996-06-19,32.25,27.5,29.82,9.99,60.22,2.3030937797574857,4.451352541951034
1996-06-20,36.86,25.51,31.39,22.94,62.6,3.4023569515715186,5.401721603383193
1996-06-21,38.54,28.43,33.6,8.31,56.47,3.963287139593285,6.927034800182276
1996-06-22,37.2,28.4,32.48,8.03,60.9,3.435727526480101,6.95029451048329
1996-06-23,39.02,27.55,32.93,1.41,55.16,4.353435952242732,8.024172342728935
1996-06-24,38.86,27.93,32.97,0.26,56.6,4.201902173995748,7.631698191403801
1996-06-25,38.6,28.62,33.54,6.31,55.33,4.062050875541962,6.406954291142562
1996-06-26,39.65,28.16,34.29,7.16,51.67,4.567686489269013,7.309976494675413
1996-06-27,39.76,27.98,33.98,6.73,52.27,4.628177102121979,7.48213646054748
1996-06-28,41.58,27.56,34.66,0.39,48.26,5.514366918309992,8.231393686351087
1996-06-29,38.75,28.47,33.55,13.8,52.91,4.218590425326973,6.6374861204211575
1996-06-30,35.79,28.63,32.26,23.66,58.29,3.109002790183986,4.520417002876021
1996-07-01,36.16,26.22,31.4,0.47,55.16,3.550303349054167,5.630368237187604
1996-07-02,38.27,26.77,32.5,0.04,47.79,4.501283097649875,6.448790245970082
1996-07-03,39.95,27.0,33.79,1.7,47.22,4.981268269574954,6.877145349153108
1996-07-04,39.16,28.3,33.84,0.9,50.32,4.496723176924434,6.640728823773163
1996-07-05,37.17,28.75,32.64,1.26,52.22,3.830827404455237,4.39410506415455
1996-07-06,37.84,26.14,32.51,6.54,50.51,4.169366986777785,6.653936499892466
1996-07-07,40.48,27.65,33.87,1.01,47.64,5.182864050030523,6.19727700847351
1996-07-08,40.61,27.5,34.55,3.15,44.95,5.281958958176096,5.937769664691196
1996-07-09,39.76,28.38,34.6,1.44,51.48,4.557859715377063,5.774900060878433
1996-07-10,41.08,29.61,35.6,0.01,46.45,5.233859291767988,6.944174308588017
1996-07-11,42.88,29.38,36.08,0.0,43.14,6.1665641971800715,8.181567483252357
1996-07-12,41.72,30.34,35.89,0.06,46.7,5.427114639062111,7.073672534804006
1996-07-13,38.22,29.76,33.44,0.02,54.19,3.968439741098765,5.6873150906722225
1996-07-14,39.42,29.02,34.13,3.39,49.04,4.598753917239113,6.0346382125560405
1996-07-15,36.16,28.86,32.55,11.29,55.78,3.3137579194879536,5.619295850682153
1996-07-16,37.05,26.65,31.9,4.3,54.51,3.775745105608143,6.001756085711161
1996-07-17,40.33,27.72,33.74,0.02,48.2,5.1006234220927205,6.496178761916288
1996-07-18,41.33,28.84,34.71,0.2,38.46,5.924805774618803,7.49746851409065
1996-07-19,41.62,26.81,34.72,0.0,42.69,5.799216909335367,7.0759044658022745
1996-07-20,42.6,28.66,35.98,0.03,43.25,6.022399963863672,6.785645494337279
1996-07-21,40.34,30.46,34.76,2.2,47.56,4.94275509971035,6.6387214985061975
1996-07-22,39.49,29.04,34.22,4.54,50.24,4.5592233798659905,5.598290622961563
1996-07-23,37.72,28.59,33.12,5.52,55.96,3.7595525992046204,6.050945169415495
1996-07-24,40.03,27.56,33.81,0.66,49.62,4.911082290694498,6.134533510128048
1996-07-25,39.67,28.91,34.33,0.89,46.02,4.85745221396084,5.356889973111645
1996-07-26,40.9,29.07,35.03,1.84,47.63,5.162963611353763,6.895756425239755
1996-07-27,42.67,30.16,36.28,1.08,45.22,5.897585004936403,6.725127330324846
1996-07-28,40.72,30.19,35.2,0.04,50.13,4.909526798258675,5.963611242435406
1996-07-29,39.8,29.7,34.67,0.6,50.23,4.603055177634697,4.574981879370499
1996-07-30,36.24,29.92,33.27,16.59,57.33,3.1276336113838963,5.8476194559071395
1996-07-31,38.74,29.19,33.92,10.84,59.35,3.8363324085485697,5.5106633502057445
1996-08-01,38.1,28.68,33.44,6.61,59.02,3.7017283271283565,5.619693651404573
1996-08-02,33.73,28.1,30.77,13.31,70.32,2.1504266082914834,4.313911499802417
1996-08-03,32.84,26.67,29.32,7.36,73.68,2.019125203069356,4.21459072447246
1996-08-04,35.46,26.75,31.21,6.79,68.52,2.709078651463825,5.331986578036596
1996-08-05,35.88,27.75,31.64,0.77,66.65,2.8602811031161903,4.9024272065584755
1996-08-06,33.63,27.09,30.49,8.31,68.87,2.2374633188044495,4.724625406959087
1996-08-07,35.39,27.63,31.58,6.24,64.69,2.778965695037737,5.673308952090785
1996-08-08,38.34,27.01,32.63,0.43,56.27,4.077699695999648,6.481274233376213
1996-08-09,39.1,26.84,33.17,0.66,53.11,4.4331181353694555,6.390046939952122
1996-08-10,38.08,27.83,33.07,0.8,53.92,4.035212332559025,5.127300868944431
1996-08-11,37.21,26.42,32.25,0.94,60.17,3.552763605957587,4.851785714700695
1996-08-12,38.01,28.24,33.26,3.29,56.06,3.84597668910074,5.623935135680836
1996-08-13,38.95,27.58,33.39,3.43,57.0,4.166684392318993,4.994795304437866
1996-08-14,36.45,27.31,31.63,6.67,63.41,3.2318901390929553,5.218303731562942
1996-08-15,32.05,26.34,29.03,4.27,73.61,1.8464226210073953,4.567859910253088
1996-08-16,32.22,25.99,28.91,14.38,78.23,1.7413956392489003,4.180393651388534
1996-08-17,33.27,26.12,29.06,6.24,78.59,2.0026437772529397,5.1719119256570085
1996-08-18,36.61,24.89,31.01,0.14,65.55,3.3077152448091613,5.425817351490715
1996-08-19,36.39,26.53,31.48,0.32,61.58,3.310447015223867,5.717221204235481
1996-08-20,36.86,25.66,30.88,0.18,63.08,3.5556730558972887,6.185474696838413
1996-08-21,31.38,25.2,27.68,4.88,74.3,1.8584882226035813,2.881319062349888
1996-08-22,28.0,23.41,25.19,20.55,86.09,1.0310879820486862,2.994205612739859
1996-08-23,28.18,22.55,25.42,37.15,89.86,0.9084580260515831,3.716372465803794
1996-08-24,31.4,22.84,26.68,31.99,81.0,1.81018166003552,4.294041559634088
1996-08-25,33.16,21.85,27.24,0.07,78.38,2.294788455544626,5.207870351622623
1996-08-26,34.61,22.47,28.56,0.0,69.05,2.895515553459903,5.205149165008014
1996-08-27,35.03,24.2,30.17,0.0,70.19,2.6854985902953206,5.166945477606634
1996-08-28,34.94,26.04,30.27,0.04,73.1,2.52573403908288,4.37190176216652
1996-08-29,35.42,25.07,29.94,2.19,70.39,2.865965821345675,4.9720138559881075
1996-08-30,35.46,24.45,29.78,0.08,70.25,2.915019966122688,5.7006108028923395
1996-08-31,36.21,25.44,30.34,0.08,70.1,3.082709830740897,4.837575148559936
1996-09-01,35.69,24.54,29.85,0.1,68.56,3.0448182477655346,5.607895005387348
1996-09-02,37.1,24.04,30.19,0.04,64.94,3.6538403162690614,5.530833133043821
1996-09-03,36.1,24.71,29.93,0.08,68.93,3.179491216760063,4.91998352692293
1996-09-04,33.94,24.09,28.91,0.29,70.47,2.589139269861831,5.016065657629145
1996-09-05,35.27,24.17,29.48,0.1,68.9,2.9765775606113314,5.057288269225955
1996-09-06,32.41,25.25,28.44,0.84,75.69,1.9722653269793442,4.454251605095402
1996-09-07,33.1,24.43,28.05,3.65,73.36,2.3444067193798275,4.326636330611087
1996-09-08,30.06,23.42,26.63,8.92,83.42,1.3656459385327522,3.050546966603713
1996-09-09,30.71,23.82,26.8,19.96,85.3,1.445761323815466,2.808591547058556
1996-09-10,29.33,23.64,26.36,16.59,85.06,1.1871737184486575,3.9948099976984834
1996-09-11,33.22,23.5,28.8,6.96,74.46,2.2005107243416817,4.704804939879993
1996-09-12,34.65,25.18,29.69,0.04,69.62,2.6660611021596634,4.737367863553932
1996-09-13,34.39,24.14,29.62,4.23,68.93,2.643370701679476,4.75182574325934
1996-09-14,36.75,24.24,30.24,0.23,62.85,3.593903674167903,4.75858075003823
1996-09-15,37.09,23.18,29.64,0.01,63.06,3.8247386516554807,4.19353069765214
1996-09-16,35.21,24.49,29.18,4.2,66.16,3.111272749058554,4.530349138769346
1996-09-17,36.26,24.3,29.41,0.01,57.31,3.7860221383170334,5.4001147374025535
1996-09-18,36.37,22.67,29.0,0.34,55.96,3.9422127688161903,3.7998675004401528
1996-09-19,33.73,21.12,26.92,2.71,61.7,3.165419586464628,4.9991471959519
1996-09-20,34.45,20.2,26.86,1.89,59.56,3.481613211143487,4.996682704011666
1996-09-21,35.55,20.58,27.8,0.0,57.86,3.7589805651092085,5.078224425373079
1996-09-22,35.89,23.4,28.43,0.0,52.78,3.958893336284072,5.454818470465664
1996-09-23,36.72,21.94,28.36,0.01,49.9,4.375351362984876,5.483445677687045
1996-09-24,37.23,23.2,29.31,0.0,45.8,4.598466433151817,4.987277387833439
1996-09-25,37.19,22.61,29.36,0.0,44.31,4.640179491030195,5.353727257903584
1996-09-26,38.6,21.25,28.98,0.0,42.19,5.316309064174078,5.4046687021294
1996-09-27,37.75,19.91,28.37,0.0,43.93,4.984220606670368,5.420201209070725
1996-09-28,37.82,23.18,29.51,0.0,39.57,5.034128094424256,5.285126904990658
1996-09-29,37.49,20.46,28.74,0.0,40.52,4.9649755962030335,5.3600291980284736
1996-09-30,37.03,20.79,28.34,0.0,45.61,4.6592977737713435,5.448286470381593
1996-10-01,37.52,20.47,27.97,0.05,48.44,4.80564670923755,5.309098149281697
1996-10-02,36.89,21.19,28.26,0.0,57.72,4.20042411547023,6.052326397089751
1996-10-03,35.73,22.74,28.38,0.05,60.94,3.6299746672471698,5.928217575443829
1996-10-04,30.81,19.85,25.08,14.86,71.45,2.23859209099826,3.0430046838532516
1996-10-05,29.84,16.74,22.62,4.27,64.37,2.5573256280669936,4.542064399191046
1996-10-06,31.28,16.24,23.33,4.13,53.79,3.1547254118101744,4.835825055029681
1996-10-07,33.15,17.98,24.17,0.0,42.53,3.8947575940984116,4.894048373838466
1996-10-08,33.72,17.24,24.39,0.0,39.94,4.108076764733539,5.100306065153749
1996-10-09,33.87,18.33,25.25,0.0,38.34,4.135916887739777,4.821875857605671
1996-10-10,34.85,18.8,25.58,0.0,38.88,4.40785102352029,4.733342652874363
1996-10-11,33.71,16.49,24.35,0.0,45.43,3.9651003221170336,4.350029959389927
1996-10-12,33.94,17.36,25.08,0.0,47.02,3.9300886394031735,4.305852228724454
1996-10-13,33.9,18.91,25.31,0.0,44.23,3.958563430423401,4.704318813018625
1996-10-14,33.69,18.87,24.83,0.01,43.4,3.9735881818197845,4.929955896524138
1996-10-15,33.25,18.75,24.43,0.0,38.82,4.0099436654954195,4.545733184286171
1996-10-16,33.3,18.53,24.25,0.0,38.04,4.04702040930688,4.57901872348171
1996-10-17,33.48,15.15,23.69,0.0,44.5,3.9932654275769544,4.14780655876777
1996-10-18,33.91,16.55,24.67,0.0,41.37,4.111618472688945,4.079568623857738
1996-10-19,33.62,16.57,24.07,0.0,48.08,3.9045966370819487,4.570874929625983
1996-10-20,34.64,16.81,24.79,0.05,45.46,4.225857020303117,3.7868317715524147
1996-10-21,32.15,17.76,24.57,0.18,45.69,3.4489845238938064,3.512162187095455
1996-10-22,31.88,16.91,23.32,0.05,43.13,3.5792124056931858,4.008883566305886
1996-10-23,31.51,14.92,22.26,0.02,35.63,3.779404756692312,4.129473342933349
1996-10-24,32.33,14.24,22.09,0.0,37.46,3.939048963141948,4.637950264288377
1996-10-25,31.3,15.91,22.69,0.0,34.02,3.7322763238286294,3.5403064542857985
1996-10-26,32.57,14.52,22.52,0.0,37.62,4.002452474839089,3.7439364924892042
1996-10-27,32.18,15.67,22.52,0.0,32.97,3.9906644406131497,4.518545732774236
1996-10-28,32.73,14.4,22.16,0.0,31.35,4.22108522925671,5.196269366880889
1996-10-29,31.85,12.5,20.97,0.0,31.21,4.047411253834262,5.4243262510593055
1996-10-30,32.96,15.68,22.36,0.0,26.94,4.369238705206545,4.331672889841874
1996-10-31,33.12,14.92,22.75,0.0,25.36,4.445256874669578,3.437249537396811
1996-11-01,33.29,11.39,21.17,0.0,37.42,4.315741061079414,4.452043216492116
1996-11-02,33.01,14.8,22.47,0.0,30.68,4.308423692442334,4.230049968968565
1996-11-03,31.71,14.91,22.1,0.0,28.62,4.001012101049419,4.295073222588869
1996-11-04,31.68,13.9,22.07,0.0,24.94,4.0648630298222415,3.4632579656022684
1996-11-05,30.94,16.13,21.34,0.0,26.88,3.8475447502165974,4.141821731916707
1996-11-06,30.72,12.91,20.22,0.0,33.44,3.698474464949491,4.4821730370560635
1996-11-07,30.87,10.8,19.65,0.0,31.79,3.8369944557633064,4.682994479217965
1996-11-08,31.19,14.0,21.06,0.0,23.86,3.995373949780675,3.653979196450608
1996-11-09,30.78,12.68,20.98,0.0,23.13,3.933311375807023,4.3326818760482695
1996-11-10,30.2,11.41,20.32,0.0,20.25,3.8555332145530263,4.077926669149352
1996-11-11,29.92,14.32,21.09,0.0,18.49,3.8008555711447913,2.929339657077229
1996-11-12,30.01,10.87,20.12,0.0,23.68,3.7346414355211848,3.528523594386856
1996-11-13,29.91,14.25,20.53,0.0,24.46,3.67031765462421,3.607818692632382
1996-11-14,29.86,13.61,20.58,0.04,26.73,3.6053874575676983,2.9691908652625494
1996-11-15,27.9,9.4,17.09,0.0,27.73,3.2727195037024632,4.505991054387522
1996-11-16,27.63,7.41,15.95,0.0,27.92,3.270991161937723,4.907143818693038
1996-11-17,27.57,10.14,18.07,0.0,17.03,3.377370312225942,3.1647224170915047
1996-11-18,26.9,10.7,17.53,0.0,20.49,3.173808344101626,3.2664162013882034
1996-11-19,28.01,10.32,16.87,0.0,29.27,3.288101665711109,6.388601543862623
1996-11-20,24.92,8.01,15.6,0.0,39.54,2.5284487600784487,3.2159467155051407
1996-11-21,25.58,8.87,15.92,0.0,31.1,2.7706728030366072,3.300186919755337
1996-11-22,24.73,10.12,16.42,0.01,27.81,2.630840752356664,2.9321048271072523
1996-11-23,25.38,11.55,16.59,0.0,28.5,2.7293333867062435,3.1708113760657404
1996-11-24,26.04,7.92,15.72,0.0,31.08,2.878305821300935,3.5105967435538785
1996-11-25,27.53,11.03,17.06,0.0,26.34,3.215524723620658,3.259398384744502
1996-11-26,27.74,10.91,17.06,0.0,26.45,3.258109310884929,3.343644326838185
1996-11-27,27.09,10.98,16.86,0.0,24.93,3.1562675329663703,3.259716994915632
1996-11-28,25.61,10.53,15.76,0.0,24.81,2.8777190487949986,3.404619374618379
1996-11-29,24.82,8.04,15.21,0.0,26.52,2.7127954335026683,3.184213343796236
1996-11-30,24.4,10.93,16.03,0.0,22.25,2.6819151050719237,2.86713237024479
1996-12-01,23.92,10.46,15.17,0.0,25.17,2.565404409391104,3.0438782602200165
1996-12-02,25.74,9.45,16.5,0.0,26.35,2.8486273004702736,2.9515341966984865
1996-12-03,25.31,10.94,16.06,0.0,30.33,2.707476510874195,2.8813999044007264
1996-12-04,25.36,8.98,15.66,0.0,34.6,2.6627321903209715,4.019142413115456
1996-12-05,24.76,8.52,15.09,0.0,32.25,2.6031202196367307,3.2250296888681635
1996-12-06,24.42,7.78,14.57,0.0,28.67,2.6138554148693753,3.177885756765052
1996-12-07,22.89,5.61,12.5,0.0,23.28,2.485478337853885,3.8618907179337514
1996-12-08,21.63,2.6,10.54,0.0,23.52,2.3109674044318766,4.179747506105835
1996-12-09,23.38,2.6,10.67,0.0,20.74,2.6345279379434596,4.494731395014049
1996-12-10,22.55,1.16,10.51,0.02,16.55,2.5355299155934943,3.699277071969656
1996-12-11,23.42,4.63,12.21,0.0,14.31,2.6858647287918944,3.467684752130176
1996-12-12,23.95,3.72,13.07,0.0,14.67,2.769476718681653,3.413071162575534
1996-12-13,25.28,6.55,13.81,0.0,16.59,2.973183704396723,3.5997467364286937
1996-12-14,25.25,5.71,13.28,0.0,20.17,2.929546549260686,3.6261354519345455
1996-12-15,25.4,4.89,13.5,0.0,22.55,2.9222307769920026,4.0403589075391935
1996-12-16,25.6,8.02,15.86,0.0,16.87,2.996606607056493,2.037955111695822
1996-12-17,25.77,7.69,14.51,0.0,20.9,2.9954529222566566,3.452284119690662
1996-12-18,25.41,5.17,13.93,0.0,21.49,2.929409320869523,3.8462261180951414
1996-12-19,25.98,8.82,15.38,0.0,19.75,3.0275049548969415,2.6413015187083007
1996-12-20,25.02,10.04,15.97,0.0,19.76,2.8345709300845656,2.2472697547938183
1996-12-21,24.4,8.82,14.59,0.0,20.27,2.7459053225248407,2.7535078360821093
1996-12-22,23.67,8.31,14.25,0.0,18.9,2.633202719012508,2.6506167007795165
1996-12-23,24.33,6.54,13.35,0.0,20.9,2.7425125857595303,3.442726083907617
1996-12-24,24.55,7.36,14.83,0.0,19.84,2.768037297890375,3.2800393168737583
1996-12-25,23.21,12.05,15.67,0.0,27.23,2.397855609624946,2.895883409551461
1996-12-26,24.99,8.92,15.43,0.0,42.81,2.5129639362275675,3.5963121502170514
1996-12-27,23.59,6.82,13.6,0.29,37.55,2.3632103248929703,3.2163121298161035
1996-12-28,24.48,5.73,13.78,0.0,34.71,2.5747290019917384,3.6458894170855625
1996-12-29,25.33,6.83,15.13,0.0,25.67,2.828213270021222,3.0628696636473105
1996-12-30,25.19,9.06,15.88,0.0,22.49,2.818316180035982,2.6022836759505483
1996-12-31,25.78,9.5,15.96,0.0,21.03,2.95773701543427,2.814586283000949
1997-01-01,24.75,9.2,14.66,0.0,22.54,2.765932364203298,3.2578941587799832
1997-01-02,23.64,7.68,13.9,0.0,20.67,2.609150076642637,3.2243359223231716
1997-01-03,23.87,7.89,15.36,0.0,17.65,2.6622933268704823,2.0965356144437624
1997-01-04,22.04,6.12,13.23,0.0,21.55,2.335063374295913,2.858708764934698
1997-01-05,23.71,7.56,13.49,0.0,25.11,2.5690622602157824,2.9481783877340955
1997-01-06,23.39,6.95,13.07,0.0,25.69,2.5136473505551953,3.270547544732013
1997-01-07,23.1,3.94,12.37,0.0,25.08,2.488704556954331,3.341282211477177
1997-01-08,23.4,5.74,13.13,0.0,22.74,2.554297946909398,3.0753636420497505
1997-01-09,23.63,5.58,13.24,0.0,21.48,2.6115215910327025,3.1240676959085523
1997-01-10,23.76,7.21,13.82,0.0,17.91,2.6674989811474545,3.343786237224477
1997-01-11,23.31,5.76,13.08,0.0,17.72,2.607657764249305,3.177667525171101
1997-01-12,23.07,6.58,12.94,0.0,16.19,2.5833486629694296,2.9512022401050197
1997-01-13,22.29,3.79,11.97,0.0,17.35,2.4560861924804076,3.0645867898748618
1997-01-14,22.26,4.63,12.46,0.0,15.6,2.4645402065131234,2.7628720423123303
1997-01-15,22.68,5.64,12.48,0.0,16.17,2.525855342022819,2.9010820861975266
1997-01-16,22.17,4.73,11.6,0.0,18.88,2.4216343861658394,3.52752744069112
1997-01-17,19.06,3.63,11.08,0.0,20.38,1.937548373772959,2.750421949421896
1997-01-18,16.7,6.75,11.18,0.0,24.39,1.5748210273813097,2.395270193791846
1997-01-19,14.35,8.12,11.11,2.21,61.8,0.8316963086476951,2.231669649841978
1997-01-20,18.09,5.57,11.83,10.61,60.86,1.2917260095650618,2.125089325291314
1997-01-21,18.64,4.88,10.8,0.72,54.97,1.4822752530386032,1.793493869114076
1997-01-22,18.42,2.99,9.77,0.0,60.26,1.4466150171428216,2.5744945741409766
1997-01-23,20.01,4.49,11.0,0.0,41.41,1.856281666673588,3.018952969151044
1997-01-24,20.57,3.31,11.0,0.0,35.59,1.9912008799832583,3.342481837557193
1997-01-25,22.22,2.24,10.82,0.0,40.07,2.22086698153263,3.481038098393627
1997-01-26,22.0,6.05,12.9,0.0,33.34,2.1937589832942064,2.8297084253067513
1997-01-27,21.94,8.75,13.73,0.75,41.26,2.0154296163384537,3.3849780280185398
1997-01-28,20.5,4.68,11.56,0.17,58.86,1.672492747963634,2.9063246190492618
1997-01-29,21.64,4.69,13.15,0.0,47.27,1.9316536440451024,2.5595781610996395
1997-01-30,23.33,7.49,14.44,0.0,37.58,2.2940718875826067,2.731974135286
1997-01-31,22.62,7.37,13.4,0.0,40.26,2.1634327035076315,3.028826612889196
1997-02-01,24.18,7.28,15.07,0.0,39.28,2.388408177172817,2.848254193622401
1997-02-02,21.12,10.93,15.13,1.88,45.91,1.7274991483151998,3.6896155840923064
1997-02-03,22.22,7.85,14.01,0.35,57.72,1.831340692232869,2.422183926709983
1997-02-04,21.36,5.81,12.43,1.59,56.24,1.7943939506974074,3.0238316355469057
1997-02-05,22.31,4.92,12.35,0.0,44.57,2.117739979953596,3.5978385373387676
1997-02-06,23.32,3.76,12.15,0.0,37.52,2.4086455371691087,3.9507027401553025
1997-02-07,24.47,4.51,13.33,0.0,29.73,2.6695258281018317,3.6415924210329536
1997-02-08,24.36,6.75,15.24,0.15,31.49,2.54155247987822,3.94337118617475
1997-02-09,25.11,9.51,15.39,0.1,37.9,2.5848688256985306,3.264035323420947
1997-02-10,22.82,7.29,13.45,1.54,34.03,2.3243934824102452,3.103198503581834
1997-02-11,23.18,4.75,12.44,0.02,23.86,2.5353290463607867,3.6325491076169145
1997-02-12,24.27,3.44,12.66,0.04,33.54,2.6155814808826108,4.881016444724746
1997-02-13,25.36,5.85,14.7,0.0,30.6,2.783109315770333,4.236763563211924
1997-02-14,27.25,10.26,17.03,0.0,30.48,3.0510485329580717,4.076675807317549
1997-02-15,25.25,7.91,15.21,0.0,32.06,2.7096884608396654,3.8497614770522834
1997-02-16,25.53,6.8,15.09,0.06,31.18,2.801747115325035,4.312515066285561
1997-02-17,25.47,7.94,16.0,0.0,23.5,2.860678809039089,3.9973443861398374
1997-02-18,26.44,10.87,17.19,0.0,17.26,3.1401920657577063,3.183378315123741
1997-02-19,25.98,7.98,15.53,0.0,20.6,3.0207475259723044,4.5038711556924484
1997-02-20,26.73,7.45,15.52,0.03,21.9,3.1772236781011864,4.430493970060954
1997-02-21,27.05,8.28,16.71,0.0,19.08,3.2496926896362166,4.586527546611002
1997-02-22,28.23,7.38,17.07,0.0,21.54,3.4598929739681235,4.789868061828693
1997-02-23,29.79,9.69,18.81,0.0,21.59,3.7742349906961983,5.016740221728629
1997-02-24,32.05,12.69,21.86,0.0,21.66,4.22978464740188,4.620643318524058
1997-02-25,31.72,15.95,22.65,0.0,28.15,3.9774407029240297,6.794428880473935
1997-02-26,31.21,10.98,19.85,0.0,23.09,4.112438905292389,4.76277150971894
1997-02-27,29.99,10.93,18.88,0.0,16.43,3.9391354048057052,5.561107667761264
1997-02-28,31.93,9.01,19.86,0.0,16.66,4.415947161830008,5.689873204871006
1997-03-01,34.55,14.94,23.72,0.0,16.25,5.047884163674187,6.755520723749475
1997-03-02,29.54,10.98,19.3,0.0,13.13,3.8764738810162234,5.490430276982654
1997-03-03,26.72,7.67,16.51,0.54,23.49,3.1455614721290983,4.458077768715909
1997-03-04,28.5,9.04,18.33,0.0,17.99,3.557012215610885,5.00784351339121
1997-03-05,29.43,12.28,20.78,0.0,14.79,3.769840849161972,3.892435978809736
1997-03-06,30.21,15.61,21.32,0.0,14.54,3.9402873310370046,4.444141621117294
1997-03-07,33.23,15.13,22.7,0.0,16.87,4.655976741159689,4.359768976763278
1997-03-08,33.44,14.76,23.25,0.0,16.3,4.719841246428517,4.2468959814314715
1997-03-09,32.99,16.43,23.54,0.0,23.51,4.387484767609924,5.914765206049244
1997-03-10,30.37,15.23,22.76,0.0,27.34,3.6237487694096675,4.667349138021153
1997-03-11,33.62,17.06,24.73,0.0,21.95,4.562788232212615,6.010099051499344
1997-03-12,33.43,15.13,23.55,0.0,18.05,4.709987309449651,5.467893359685542
1997-03-13,32.53,17.19,23.96,0.0,12.4,4.533768253753163,5.152131668989105
1997-03-14,27.09,14.63,19.48,0.0,31.07,3.023089449074802,4.508990045551651
1997-03-15,25.85,13.12,19.83,0.95,50.04,2.221895767663642,3.8902020931798296
1997-03-16,29.62,15.14,21.67,0.33,45.98,3.0446099946432295,4.655701567802774
1997-03-17,28.18,15.5,20.94,2.88,45.57,2.757144917124053,3.886463931407183
1997-03-18,28.36,16.83,22.05,0.12,57.49,2.381601064123296,4.233904395570165
1997-03-19,30.14,16.78,22.53,2.11,48.94,3.042695372864654,4.162052712641725
1997-03-20,28.75,13.29,21.01,6.04,35.84,3.1158234467548827,4.892722807010734
1997-03-21,30.14,14.19,21.64,3.63,34.75,3.4765026149590077,5.0694971170082965
1997-03-22,30.27,15.12,21.65,0.01,31.61,3.5605474687386267,5.067367380848401
1997-03-23,30.26,13.35,20.5,0.38,27.65,3.7546423816780337,5.621345091187151
1997-03-24,30.33,10.68,20.06,0.12,28.93,3.7571229934824437,6.556723507767853
1997-03-25,31.74,11.62,21.43,0.03,25.91,4.123003196686647,6.150264376700776
1997-03-26,32.13,14.3,22.17,0.0,27.99,4.102149357661883,5.248267044130126
1997-03-27,34.2,14.59,24.79,0.0,26.69,4.629044026119934,4.476988915968186
1997-03-28,23.75,17.36,20.82,0.03,58.01,1.5525155240455288,3.025453431225467
1997-03-29,27.34,15.34,20.64,3.91,59.16,2.2737910294215578,4.90047976322885
1997-03-30,32.37,14.68,23.04,0.04,43.63,3.7587223538436896,4.858520405242719
1997-03-31,30.71,18.95,23.35,0.26,35.73,3.448299625278977,2.919824230384952
1997-04-01,30.83,16.32,23.97,1.03,38.3,3.3662534047733805,5.2331455744871125
1997-04-02,27.81,18.03,22.56,4.18,50.3,2.4159707238495,4.828577714609989
1997-04-03,19.43,15.04,17.62,8.85,75.57,0.7474692639072689,2.4471477424258943
1997-04-04,26.41,13.45,19.71,11.0,61.69,2.09842455279974,3.40475875256233
1997-04-05,28.28,14.2,20.96,0.01,47.52,2.746364332945183,4.589474581016172
1997-04-06,30.98,13.59,22.22,0.13,38.73,3.5497772877405676,5.8922870264656
1997-04-07,32.91,14.66,23.73,0.03,41.36,3.8866487851153626,6.680668147582495
1997-04-08,35.04,16.89,26.13,0.0,36.24,4.495566989992511,5.699415918715011
1997-04-09,35.82,20.08,27.67,0.0,34.18,4.704707151697388,6.211083677596776
1997-04-10,34.63,21.72,27.41,0.99,29.95,4.486726558919805,5.269603327818986
1997-04-11,36.09,18.82,27.87,1.0,31.34,4.888829282997883,5.596070946919498
1997-04-12,37.39,19.96,28.35,0.0,31.39,5.311474367806308,6.048999488928919
1997-04-13,36.9,19.05,28.13,0.0,30.98,5.1810299859432645,6.036080693128724
1997-04-14,37.08,20.98,27.8,0.0,26.15,5.423176905549038,9.956945659262272
1997-04-15,35.07,17.46,25.7,0.0,20.1,5.072539198187666,6.344383136051196
1997-04-16,31.95,16.27,23.47,0.0,25.56,4.096402584809956,7.15521006686846
1997-04-17,32.63,15.02,23.97,0.65,27.56,4.239021263891953,5.750043582770134
1997-04-18,33.59,18.46,25.36,0.0,22.09,4.549392113871812,6.3919337338428726
1997-04-19,35.69,17.43,26.44,0.0,24.43,5.082924096488731,7.358342804836587
1997-04-20,36.86,19.59,27.89,0.0,24.79,5.395946880452762,7.7433408367413215
1997-04-21,36.46,20.46,28.05,0.0,26.37,5.184326447668661,8.580979710362152
1997-04-22,38.83,19.68,29.29,0.0,24.68,6.051334404967622,7.326317690344133
1997-04-23,39.78,21.59,30.46,0.0,20.97,6.473444054609734,7.662294820845097
1997-04-24,41.77,22.9,32.2,0.0,17.31,7.331812861194551,8.25761368102706
1997-04-25,41.13,21.23,31.72,0.0,15.69,7.1595046677774254,7.456057981470914
1997-04-26,40.43,24.06,31.35,0.0,19.1,6.742176912318133,6.843834026859175
1997-04-27,39.41,24.59,31.47,0.31,22.82,6.151821759403806,7.215337050701296
1997-04-28,39.71,23.68,31.43,0.0,22.23,6.296400575944063,7.559173989266392
1997-04-29,37.94,23.56,30.63,2.37,27.54,5.449014807131021,5.45561269572309
1997-04-30,38.08,23.72,30.87,0.32,28.13,5.473219430848477,6.232206567342982
1997-05-01,36.91,23.39,30.07,0.38,30.24,5.034144002687857,5.662864291501153
1997-05-02,37.29,22.69,29.34,4.3,38.04,4.948757116490826,6.728525638898959
1997-05-03,35.41,23.68,28.7,1.06,43.5,4.129784289741051,6.165455579618338
1997-05-04,32.78,21.68,27.41,0.19,43.91,3.4279826742413775,5.502198585480005
1997-05-05,28.58,20.96,24.56,2.56,57.89,2.142796975094955,3.41175560210616
1997-05-06,36.13,20.18,28.47,0.0,44.22,4.3942121240178045,6.757457109911465
1997-05-07,37.72,22.4,30.51,1.94,36.12,5.046823297617303,7.2646990363753225
1997-05-08,38.46,22.98,30.43,0.0,30.18,5.611867709348939,9.158744371671126
1997-05-09,36.14,20.13,27.77,1.78,31.07,5.012113438052099,8.057840456276608
1997-05-10,36.92,17.55,27.37,1.98,22.09,5.587966426555293,8.10854772003177
1997-05-11,39.6,19.29,29.94,0.0,18.09,6.5540520557467525,7.19470700077301
1997-05-12,39.42,22.98,31.2,0.0,19.8,6.3094980092109205,7.543563452486061
1997-05-13,38.92,23.07,31.81,0.0,18.41,6.149382762521798,5.806728356509723
1997-05-14,38.75,23.53,31.29,0.01,18.48,6.121935988729378,7.862189148323926
1997-05-15,39.33,22.11,31.25,0.02,16.91,6.431073775159895,8.00213448289827
1997-05-16,39.75,23.64,32.03,0.0,13.93,6.66532578521698,7.890433843986724
1997-05-17,42.38,22.57,33.41,0.0,11.9,7.812752577671606,7.946661866826805
1997-05-18,38.44,25.66,32.17,0.0,12.89,6.197655366353097,7.129211065089622
1997-05-19,41.85,22.3,32.16,0.0,11.43,7.655437797448479,9.164451461807936
1997-05-20,41.99,23.89,32.87,0.0,8.5,7.791666221508272,7.262313410099031
1997-05-21,43.17,24.95,34.18,0.0,9.04,8.257760657044368,7.577490741940729
1997-05-22,44.34,25.37,35.46,0.0,10.25,8.702090223122823,8.247524536738839
1997-05-23,43.69,25.59,35.05,0.0,17.34,8.039536722474583,8.384295529171846
1997-05-24,44.2,26.31,35.6,0.0,13.62,8.457091635239077,9.050043797961992
1997-05-25,43.22,26.8,35.46,0.0,15.4,7.909206340596287,7.99055251155828
1997-05-26,42.99,27.16,36.23,0.07,17.55,7.639393473346843,8.205806345347822
1997-05-27,44.79,30.07,37.73,0.0,16.13,8.472105818438262,6.99726663846297
1997-05-28,45.67,30.05,37.75,0.25,16.6,8.91778821921487,8.362507939421173
1997-05-29,43.3,29.24,35.87,3.82,22.97,7.49491803795558,9.851071955490776
1997-05-30,42.01,27.21,34.06,1.17,29.54,6.815429092661289,9.900034144918976
1997-05-31,37.96,27.57,32.44,1.79,28.99,5.269543126542908,6.341229482114061
1997-06-01,38.24,24.49,31.79,5.03,34.65,5.2579210486199255,6.7268312404275
1997-06-02,37.93,24.34,31.24,2.41,38.32,4.973945653245862,7.374310047340426
1997-06-03,36.77,27.02,31.75,0.26,43.28,4.200429398206563,6.94659225468065
1997-06-04,37.13,27.0,32.0,0.12,43.54,4.309273128156578,7.423238055316136
1997-06-05,35.64,27.25,31.6,0.24,41.62,3.9342966657267984,7.018275084656752
1997-06-06,39.59,27.16,33.92,0.03,35.67,5.4504174899043,8.153418047838004
1997-06-07,41.92,28.69,35.52,0.13,27.73,6.643112025575057,10.065631114776307
1997-06-08,42.3,28.14,35.5,1.48,29.84,6.693780163408096,8.682349633440255
1997-06-09,42.26,28.66,35.79,0.01,28.04,6.724379396878217,8.191937207541775
1997-06-10,42.86,28.4,35.62,0.01,22.78,7.333837715921234,8.975475687285684
1997-06-11,41.48,25.41,33.92,9.11,38.47,6.087246880015394,9.20017901090934
1997-06-12,41.48,28.44,34.92,0.0,39.22,5.908414332088109,6.91686198305606
1997-06-13,41.33,27.93,34.62,0.0,37.44,5.95477166933582,7.6823019574824345
1997-06-14,43.33,28.42,36.11,0.97,30.21,7.130700631829571,10.911094895355625
1997-06-15,44.71,28.82,37.31,0.0,26.72,7.867640567636377,10.664255836655359
1997-06-16,46.64,30.95,39.17,0.0,20.07,9.100020555141903,12.714776763974184
1997-06-17,45.56,31.51,38.73,0.0,20.98,8.474050051324136,13.44719907206945
1997-06-18,45.1,31.32,38.24,0.0,26.31,7.934193355913276,11.507172295241697
1997-06-19,44.0,31.18,37.72,0.0,26.35,7.450350191339197,8.874739423049881
1997-06-20,37.97,29.83,34.02,18.25,46.04,4.197912461947282,8.376764467545486
1997-06-21,39.66,28.91,33.43,0.0,46.3,4.933518314139629,7.990190594324168
1997-06-22,42.64,29.58,36.31,0.16,38.16,6.320707774324873,7.537704476301919
1997-06-23,43.26,31.84,37.45,0.0,32.68,6.723110161619573,9.997639263998137
1997-06-24,44.79,31.89,37.99,0.07,30.18,7.575869083796012,8.651156942670633
1997-06-25,44.51,30.65,38.15,0.52,28.37,7.575821616366158,6.246554230606044
1997-06-26,45.62,31.63,38.85,0.09,23.82,8.349799719001561,7.235376741865158
1997-06-27,42.81,29.78,36.2,5.41,33.23,6.661567110795538,6.626683428888104
1997-06-28,40.64,29.73,35.1,0.5,35.67,5.668503847272322,6.6796901820003125
1997-06-29,41.49,29.72,35.8,2.59,39.06,5.780298601248761,5.025609445922423
1997-06-30,36.94,29.86,33.48,8.96,47.16,3.8456688613510908,5.643164153227512
1997-07-01,41.93,28.44,35.04,0.11,40.4,6.066926087615469,7.4503009389538
1997-07-02,43.96,30.15,36.8,0.69,32.39,7.236494910818537,8.522091791326833
1997-07-03,44.61,30.36,37.6,0.01,28.27,7.658966711886791,8.70994784678734
1997-07-04,45.53,29.92,37.95,0.06,27.1,8.168649501507279,9.907704636016476
1997-07-05,45.83,31.24,38.49,0.0,25.63,8.360631541276618,7.665232930925129
1997-07-06,46.92,31.97,39.55,0.0,24.73,8.897150526338606,8.114121386961344
1997-07-07,45.94,32.91,39.31,0.17,26.34,8.279696266336263,7.388035841712225
1997-07-08,45.49,32.83,39.41,0.09,29.83,7.813933456878392,7.999859581936176
1997-07-09,45.11,34.16,39.52,0.16,28.67,7.621633212833185,11.048743081290546
1997-07-10,44.74,33.36,38.74,2.72,34.69,7.12260039913838,9.813926855304585
1997-07-11,39.99,31.81,35.61,7.86,45.47,4.793107990439836,5.178657992694462
1997-07-12,38.64,29.16,33.39,6.37,53.43,4.194148638610474,4.967326597165016
1997-07-13,41.34,30.09,35.7,2.3,41.85,5.589283730735511,7.791234337649788
1997-07-14,42.7,30.06,36.08,2.45,41.37,6.165569137926415,8.593560717253114
1997-07-15,41.55,29.63,35.59,2.39,46.74,5.4047734603083075,6.491942206081316
1997-07-16,41.71,31.27,36.12,5.68,45.77,5.443795772055255,5.8207876800159735
1997-07-17,39.93,30.01,35.12,7.59,50.45,4.570828777689028,4.847718005758772
1997-07-18,41.87,30.58,36.41,0.34,46.3,5.42910055505655,6.830023447062695
1997-07-19,38.95,32.02,35.44,0.07,48.32,4.222215232022743,5.57478117053457
1997-07-20,37.53,30.75,34.2,1.26,52.33,3.6792399474231035,5.735921329130014
1997-07-21,35.85,29.36,32.69,20.08,60.17,2.9528428154719535,5.326103577221755
1997-07-22,37.4,28.01,32.41,0.75,60.19,3.5743663103671244,5.179396216955481
1997-07-23,36.4,28.54,32.39,9.3,59.93,3.201434304317799,5.300039981304172
1997-07-24,38.39,28.16,33.22,1.48,58.37,3.8841413001000458,5.967854685259208
1997-07-25,34.8,28.59,31.55,4.84,62.79,2.6722648500067185,6.045021210427051
1997-07-26,38.94,27.83,33.08,0.08,55.53,4.254956921881194,6.91947151371419
1997-07-27,38.53,29.26,33.89,3.57,53.43,4.048071792574942,6.777941716738138
1997-07-28,38.06,28.38,33.48,0.47,55.56,3.838542112880677,6.2725719586152735
1997-07-29,36.99,29.51,32.86,15.04,61.43,3.251472269059419,3.9613355167395436
1997-07-30,38.2,27.89,33.13,4.7,60.06,3.75730323823627,5.591656614376309
1997-07-31,36.77,28.8,32.69,1.35,58.65,3.3735716367212247,4.446884471516283
1997-08-01,35.57,26.88,31.04,14.79,63.99,2.989419841930587,3.0409535656320723
1997-08-02,36.57,25.21,30.4,17.19,65.39,3.3971201058181135,3.9382163548807583
1997-08-03,36.11,26.28,31.28,22.47,60.14,3.307122131721354,4.905083475190614
1997-08-04,36.89,25.5,31.09,4.04,60.03,3.627039364841255,5.46313186167058
1997-08-05,39.18,25.62,32.12,0.0,47.95,4.922853209109624,6.223397672239628
1997-08-06,40.07,24.27,32.61,0.0,46.53,5.294645829645443,6.015623382708939
1997-08-07,39.02,26.35,32.28,1.33,54.88,4.453328284893386,7.233367651006767
1997-08-08,36.62,26.62,31.11,9.81,65.04,3.2835511944820976,6.582660122043015
1997-08-09,37.08,25.99,32.04,0.33,61.97,3.45516932368674,5.550192427268204
1997-08-10,38.81,28.26,33.16,0.32,55.06,4.216325266524434,6.329847014675156
1997-08-11,38.31,27.9,32.74,0.03,52.99,4.184720460681239,7.042918882874282
1997-08-12,37.2,26.43,31.91,0.11,55.43,3.783777008238739,5.795386488795176
1997-08-13,36.02,26.79,31.21,3.33,61.24,3.228545071597637,4.836424001422807
1997-08-14,35.02,25.5,30.44,11.25,64.22,2.895026520453472,5.173828977568453
1997-08-15,37.65,26.65,31.86,0.98,58.55,3.8451707379268942,6.096815984622113
1997-08-16,37.75,27.27,32.16,9.4,56.26,3.919066312753198,6.618350848161638
1997-08-17,39.1,25.84,32.28,0.55,55.93,4.481877844334314,6.4921654403818865
1997-08-18,39.98,26.67,33.33,0.02,51.4,4.854661579337767,6.4470571532969805
1997-08-19,39.66,28.09,34.01,0.14,50.02,4.678586842974949,5.923110662325169
1997-08-20,39.18,27.56,33.52,0.03,54.96,4.303790816049844,5.099208485456847
1997-08-21,38.76,28.2,33.37,0.0,56.43,4.087354521619812,5.798728723505612
1997-08-22,34.51,28.0,30.52,0.94,60.63,2.852325875451025,3.8219292222548873
1997-08-23,30.51,26.13,28.17,24.07,73.12,1.5880955591149255,5.171508549281134
1997-08-24,33.89,25.5,29.48,1.22,68.73,2.5161768580722415,5.644296218863638
1997-08-25,30.65,24.86,27.47,2.76,77.06,1.5944072776954474,3.9161535627461888
1997-08-26,31.24,24.16,26.91,11.71,84.85,1.570424688687024,3.5520836447838757
1997-08-27,30.24,25.05,27.04,34.56,88.47,1.1491113947640152,2.706123592948754
1997-08-28,31.35,24.48,27.52,26.2,80.81,1.6522824286568807,4.800472027268334
1997-08-29,33.47,22.91,28.42,8.52,72.17,2.4237677354959546,4.706332814771358
1997-08-30,35.05,24.08,29.66,0.1,62.86,3.114332802075553,5.042594686692516
1997-08-31,35.32,22.8,28.72,0.05,63.38,3.3423046734088784,4.9441621383483065
1997-09-01,35.91,23.16,29.27,0.0,60.53,3.5705458383611406,5.321246778669008
1997-09-02,35.42,21.81,28.17,0.0,60.95,3.555760831116419,5.740974379658078
1997-09-03,35.83,22.14,28.73,0.01,62.39,3.5373744888140903,5.708483428433243
1997-09-04,35.97,23.02,29.23,0.0,62.96,3.4911846596208993,5.857172855068226
1997-09-05,37.3,23.37,30.53,0.0,60.5,3.872679634496278,5.274622104264635
1997-09-06,37.47,25.15,30.62,0.0,57.33,4.034507645985004,5.731763070632011
1997-09-07,36.38,23.92,30.03,0.01,61.2,3.575926571362524,5.136619701254958
1997-09-08,35.7,25.25,30.12,5.37,66.55,3.073312050802226,4.23518858537437
1997-09-09,34.23,25.41,29.99,0.01,68.01,2.57151714451761,5.045090343441901
1997-09-10,34.25,26.42,30.43,0.02,63.32,2.687959566729734,3.8461695933479554
1997-09-11,35.58,25.29,30.19,0.46,60.92,3.283093581844278,5.132678914625371
1997-09-12,36.16,24.06,29.99,1.49,62.84,3.447700012938298,5.090865698442946
1997-09-13,35.79,23.58,29.63,0.23,63.71,3.336574542846566,5.234452109314599
1997-09-14,37.4,24.47,30.99,1.47,57.98,3.9104986604614473,4.966528996011445
1997-09-15,38.59,25.22,31.38,0.03,53.69,4.525259865702397,5.47662237431175
1997-09-16,38.26,23.86,30.85,0.06,52.33,4.555108846004444,5.565389344375931
1997-09-17,38.86,24.29,31.14,0.0,50.61,4.823947039334485,5.344580502672264
1997-09-18,38.45,23.86,30.73,0.0,48.23,4.807786796589027,5.429448947239023
1997-09-19,38.33,22.75,30.08,0.0,47.94,4.865516075747403,5.715682101159396
1997-09-20,38.31,22.54,29.9,0.06,46.78,4.921808788316836,5.790071616361395
1997-09-21,38.23,22.46,29.87,0.04,47.45,4.870640116214031,5.365088157235308
1997-09-22,38.18,22.58,29.99,0.0,45.51,4.904630979001428,5.435979005878104
1997-09-23,39.16,23.11,30.36,0.0,40.49,5.418580997761457,6.311503890127705
1997-09-24,38.74,22.14,30.03,0.0,35.83,5.508471188013464,5.456538037933333
1997-09-25,39.12,21.65,29.43,0.0,35.58,5.731751369338689,5.737029742624236
1997-09-26,39.09,21.2,29.17,0.0,34.45,5.756448654179671,5.60362403286436
1997-09-27,38.29,21.23,29.49,0.0,34.9,5.388449458028437,5.180370350563665
1997-09-28,37.99,22.01,29.85,0.0,36.87,5.174548557980588,4.7224561548431305
1997-09-29,35.29,21.98,27.92,2.07,48.57,3.9636712751117984,4.013001309205162
1997-09-30,33.9,22.55,27.55,2.3,47.4,3.6094570448615553,3.2637093722063
1997-10-01,33.81,21.31,27.49,0.28,51.15,3.466908344764661,4.667114894177019
1997-10-02,34.1,23.51,28.07,0.63,50.48,3.5002451407917494,4.638329253223736
1997-10-03,33.05,22.23,27.13,0.25,52.73,3.2120020514697614,5.142142454455001
1997-10-04,31.78,20.45,25.61,9.18,59.51,2.79599437096738,2.947242959777471
1997-10-05,29.45,20.27,24.41,0.95,61.67,2.2787615988436136,2.8558002398794424
1997-10-06,30.72,19.08,24.89,0.01,54.91,2.7702522759674215,3.724083163059739
1997-10-07,33.04,19.62,26.22,0.0,46.51,3.531876309351553,4.169410108177456
1997-10-08,33.82,18.78,25.95,0.04,46.53,3.8004367831556625,4.5098736721111985
1997-10-09,33.82,20.32,26.52,0.0,42.98,3.8552715546966327,4.501283171415291
1997-10-10,34.12,20.44,27.42,0.08,39.65,3.967069079538425,3.3358005854369397
1997-10-11,32.77,20.8,26.33,0.18,44.4,3.502753284289617,3.712910631427038
1997-10-12,33.37,18.86,25.94,0.0,44.52,3.7292205832347447,3.5987631413229653
1997-10-13,32.92,19.97,26.08,0.0,39.25,3.7606025957751195,3.9073523361177087
1997-10-14,33.96,19.05,25.87,0.0,38.06,4.11118749724072,3.5934800446097763
1997-10-15,33.36,19.68,25.7,0.01,35.63,4.025019657240125,4.046529744393669
1997-10-16,32.82,17.78,25.39,0.0,36.05,3.879478864323401,3.3377322322112977
1997-10-17,33.32,18.8,26.23,0.13,37.23,3.9095399701766347,3.0905878607900648
1997-10-18,32.34,21.45,25.97,0.07,42.34,3.484509410409604,3.8735118509550337
1997-10-19,28.16,19.1,23.14,0.87,55.09,2.3155562845610653,3.019356355548164
1997-10-20,27.12,16.84,22.2,10.07,70.24,1.7733919063087995,2.371144359611886
1997-10-21,28.4,18.4,22.97,5.21,61.37,2.2112299055837266,2.8028046235547834
1997-10-22,29.34,17.11,22.66,0.01,52.36,2.7090910301780324,3.2237768881893407
1997-10-23,26.39,16.24,20.57,0.25,58.39,2.0710094843723033,3.1145289357160837
1997-10-24,29.43,14.89,21.83,0.0,50.72,2.8542684057452226,3.395236995599999
1997-10-25,29.54,15.36,22.44,0.08,46.54,2.921600596773055,3.425914787900559
1997-10-26,26.68,15.92,20.88,0.0,50.57,2.2914089854520148,2.2075316215489162
1997-10-27,28.6,15.61,21.51,0.02,51.62,2.6611415351846763,3.7484968633209914
1997-10-28,25.94,15.23,20.61,3.86,67.18,1.7653967916426405,1.9641287330008925
1997-10-29,26.09,16.85,21.22,0.01,62.95,1.829880152669787,2.5746708889719434
1997-10-30,26.33,15.32,20.5,0.0,65.1,1.9199767433093937,2.85354020979239
1997-10-31,28.2,16.01,21.79,0.0,50.98,2.548511051167821,2.7633818222638222
1997-11-01,27.72,16.05,21.35,0.0,47.78,2.5503588411600795,3.1320285096069784
1997-11-02,29.74,14.63,21.53,0.0,39.47,3.2372903272143283,3.4770339595058255
1997-11-03,29.27,15.83,22.12,0.0,33.51,3.224501886126407,2.718705734317964
1997-11-04,29.79,16.05,21.65,0.0,36.87,3.2852201387587328,3.4101779957979654
1997-11-05,30.41,15.37,21.93,0.0,36.24,3.463615384073314,3.927931984231136
1997-11-06,30.72,18.05,22.6,0.0,33.4,3.5522003507505744,3.1575045140991755
1997-11-07,30.32,14.75,22.61,0.0,34.38,3.4264696605897105,2.909766089449667
1997-11-08,30.46,17.07,22.67,0.0,34.22,3.4543348469082735,3.180073959430166
1997-11-09,26.86,15.77,21.05,2.82,47.05,2.3942905166515507,3.1533184985015814
1997-11-10,27.12,15.42,20.51,0.29,54.42,2.3368119837724306,4.110497600182425
1997-11-11,27.44,13.8,19.75,0.0,52.28,2.5165450280435526,2.7778770109488096
1997-11-12,26.59,12.29,18.63,0.0,44.58,2.5772449305180736,3.529295106084877
1997-11-13,27.32,12.33,18.66,0.0,41.19,2.795793190501804,2.9869579336716994
1997-11-14,27.37,11.54,18.74,0.0,37.51,2.893198002877714,2.7633973617666046
1997-11-15,27.21,13.05,18.89,0.0,35.89,2.880290166376072,3.036542516278662
1997-11-16,27.33,13.67,19.06,0.0,36.17,2.88787305421767,3.1970636051336077
1997-11-17,26.13,13.15,18.52,0.0,43.75,2.4835011552504254,3.0967792899816233
1997-11-18,27.59,11.74,18.89,0.0,41.89,2.824385311625342,3.3816434877649093
1997-11-19,27.73,13.39,19.32,0.0,41.34,2.847991203026163,2.7345306103116003
1997-11-20,27.22,13.36,18.88,0.0,39.75,2.793189588771901,3.1108842906600818
1997-11-21,25.84,11.5,17.96,0.0,37.37,2.6052311185878967,3.2883720319244873
1997-11-22,26.15,11.63,18.0,0.0,35.0,2.714965046044202,2.9273747543480915
1997-11-23,24.57,13.09,17.46,0.0,42.96,2.2777085123011274,3.6477676951480675
1997-11-24,22.52,10.79,16.35,1.08,53.78,1.774189282664602,2.5071881906395657
1997-11-25,19.7,11.66,15.68,11.99,67.48,1.1101824736806305,2.114228000241037
1997-11-26,21.58,12.44,16.77,1.38,68.99,1.316574008026638,2.1082731157479584
1997-11-27,23.39,9.65,15.41,0.52,58.68,1.899707573283031,2.783175880921284
1997-11-28,24.01,8.95,15.66,0.0,51.68,2.1248999017194263,2.841150835968194
1997-11-29,23.08,11.25,15.82,0.0,46.37,2.0290570430573953,2.307297975861576
1997-11-30,23.54,10.67,15.62,1.26,48.72,2.0932536926012286,2.508532469307442
1997-12-01,20.73,6.79,13.66,0.44,62.0,1.5590238520633435,2.010387570539135
1997-12-02,22.05,7.62,14.54,0.0,47.19,1.9065137517747115,2.4818478109886293
1997-12-03,22.47,9.14,15.55,0.0,40.47,2.0388607317413965,2.1834669047855435
1997-12-04,23.5,10.59,15.7,0.0,42.05,2.1812581243377545,2.278185509546455
1997-12-05,24.04,9.68,16.2,0.0,43.32,2.2392181118570913,2.1370880509382055
1997-12-06,22.76,10.83,16.32,0.0,45.71,1.9481802424053878,1.9912719581346252
1997-12-07,25.04,12.79,18.5,0.08,48.06,2.176223151664646,1.961484698748351
1997-12-08,21.29,14.77,17.23,9.81,74.72,1.0735819844510657,1.5083653444670946
1997-12-09,18.65,11.16,15.26,9.94,82.57,0.7343039506300935,1.2431850065150212
1997-12-10,20.78,9.04,14.61,0.18,70.63,1.3255447970759073,1.7180454409412869
1997-12-11,20.53,10.22,13.83,0.0,69.58,1.346256372869061,1.9620038267196562
1997-12-12,20.59,9.59,14.64,0.0,53.09,1.5726378372439918,1.4005968928858543
1997-12-13,20.84,10.1,14.68,0.3,57.79,1.5204133676890763,1.7154914777645058
1997-12-14,20.35,9.14,13.41,0.0,66.62,1.4005624703538155,1.8865795112001522
1997-12-15,20.78,8.04,13.69,0.0,63.91,1.4916084471110835,1.7180339457282243
1997-12-16,21.61,9.12,14.65,0.0,52.57,1.7388103093960015,2.2862465674052292
1997-12-17,22.16,7.21,13.35,0.0,53.11,1.89686819793324,2.7396867242104235
1997-12-18,21.04,6.02,13.0,0.0,50.29,1.7803797268293797,1.8724301364528952
1997-12-19,19.59,5.95,11.81,0.0,52.64,1.5789823542112438,2.279548001841299
1997-12-20,20.27,4.31,10.98,0.0,57.34,1.6740255232477197,2.418397876943241
1997-12-21,18.79,3.32,10.77,0.0,52.67,1.5353822308059004,2.109780753089247
1997-12-22,17.84,3.04,10.66,0.0,53.01,1.4126780415878104,1.4897139383452922
1997-12-23,19.59,5.78,11.61,0.0,48.57,1.6507783214690037,2.510499052632705
1997-12-24,20.48,4.82,11.07,0.14,57.28,1.7015108430623838,2.3566298253110127
1997-12-25,19.68,4.73,12.09,0.0,49.88,1.6332790800971844,1.5412593183881365
1997-12-26,19.14,6.22,12.29,0.0,44.32,1.6133748636698115,1.5919544904152365
1997-12-27,19.15,5.75,12.27,0.0,42.16,1.6427445271202439,1.6760821038009805
1997-12-28,20.7,7.55,13.56,0.0,40.18,1.8448229941385685,1.7961814490095025
1997-12-29,19.69,7.83,13.35,1.79,49.94,1.5640527796121984,1.7708679517651404
1997-12-30,17.31,6.2,10.46,0.01,71.09,1.1092798683893594,1.9879492987038365
1997-12-31,18.1,2.76,9.12,0.0,47.95,1.5558061538889716,2.557913721112092
1998-01-01,18.99,1.01,8.4,0.0,39.26,1.8003619081249433,3.072977999980844
1998-01-02,19.12,0.73,8.68,0.0,40.26,1.7978116424892936,3.002769957928961
1998-01-03,20.87,0.92,9.32,0.0,37.83,2.0639246954301784,3.100337591739098
1998-01-04,13.18,5.1,8.33,0.0,45.2,1.0244072595503566,1.5436196745513562
1998-01-05,22.01,4.38,12.01,0.0,42.62,2.0802865703560873,2.3017951309819757
1998-01-06,21.87,7.95,13.74,0.0,45.03,1.932914766349701,2.156938417096353
1998-01-07,19.2,7.85,12.67,0.0,55.03,1.4359874426973318,2.0565006019817766
1998-01-08,22.61,8.32,14.44,0.0,45.92,2.0305922886192453,2.04472496477539
1998-01-09,23.14,9.1,14.37,0.0,47.51,2.090475999891563,3.008895455753238
1998-01-10,23.5,7.44,14.05,0.0,39.98,2.3096087245336854,3.1984712322370368
1998-01-11,23.31,9.88,15.15,0.0,37.26,2.2521923261337164,2.6487452479488067
1998-01-12,23.86,9.62,15.27,0.2,44.82,2.2385137855709116,3.1842019467998077
1998-01-13,21.53,6.74,13.13,0.0,66.52,1.6262241744392278,2.5304733238564814
1998-01-14,18.33,7.1,12.35,0.0,53.22,1.3680578475016245,2.1827063795312265
1998-01-15,22.28,6.93,13.15,0.16,51.09,1.9648451485251928,3.5619153101725556
1998-01-16,19.57,2.8,9.67,0.04,40.76,1.8299695092981292,2.7864276068194735
1998-01-17,19.77,3.01,10.47,0.0,33.47,1.9176313326162977,2.3925890282395073
1998-01-18,19.15,5.02,10.08,0.0,33.02,1.8292860713382941,2.662697678271191
1998-01-19,19.86,0.83,9.86,0.0,35.65,1.9203091916490873,2.7144817077924763
1998-01-20,19.7,5.66,11.44,0.0,28.71,1.9213867076697808,2.186021353954876
1998-01-21,21.07,3.61,10.56,0.0,33.99,2.0950433846108703,2.8186189834296007
1998-01-22,20.8,2.07,11.21,0.0,30.75,2.0865187902307234,2.780104651961246
1998-01-23,20.51,2.64,11.25,0.0,31.51,2.0216843691247104,2.6491013487856505
1998-01-24,21.3,4.19,11.62,0.0,32.9,2.1120284892165495,3.093465139098872
1998-01-25,21.21,3.79,11.34,0.0,37.04,2.061919289062137,2.7856699105059226
1998-01-26,21.86,3.55,12.09,0.0,32.07,2.2012359515555833,2.645329246045059
1998-01-27,18.21,6.57,11.8,0.0,36.3,1.6021391988585827,2.1832167895659365
1998-01-28,21.02,7.09,13.52,0.0,38.26,1.9391693362294367,2.695987663773978
1998-01-29,23.67,7.95,15.11,0.0,46.26,2.1971496062219096,2.7498068962120277
1998-01-30,20.43,9.65,13.29,0.0,43.26,1.754428271510534,2.0144021196866992
1998-01-31,21.03,8.95,13.4,0.0,47.72,1.7994696797492244,2.943322220125078
1998-02-01,21.92,7.05,14.04,9.15,64.83,1.6503352779972582,2.71700729752992
1998-02-02,22.3,10.64,15.78,9.92,62.45,1.624999460493857,2.265109904936726
1998-02-03,23.48,7.71,14.63,0.0,50.28,2.1239978670048405,3.1860249773139495
1998-02-04,22.37,5.92,13.19,0.0,40.05,2.1467292914241947,3.5065834698857015
1998-02-05,22.54,5.87,13.24,0.0,34.22,2.2619770401245303,3.4416748961274113
1998-02-06,23.41,8.77,14.63,0.0,27.39,2.4551582406278873,2.8461133257992586
1998-02-07,23.49,7.18,14.28,0.0,27.17,2.484610315644146,3.2016182114138516
1998-02-08,23.62,7.11,14.17,0.0,26.72,2.5141642216467845,3.218070502438639
1998-02-09,25.34,4.97,14.45,0.0,33.8,2.7306804737005965,4.293146962537206
1998-02-10,26.28,9.21,16.91,0.0,36.15,2.770189999599913,3.5083931128269854
1998-02-11,27.65,10.31,17.89,0.0,36.29,3.017391335219062,3.6832895751173345
1998-02-12,28.23,9.13,17.67,0.0,36.53,3.1583325332115457,4.257336047772757
1998-02-13,27.85,12.42,17.64,0.0,35.95,3.080793715969393,3.277445934060742
1998-02-14,24.8,10.5,16.48,1.47,47.61,2.283170433388006,4.217221807711166
1998-02-15,26.75,14.17,19.42,0.18,52.31,2.370738115446822,4.695105884328057
1998-02-16,26.22,12.14,17.86,0.0,48.59,2.516515099874311,4.58491629769436
1998-02-17,26.44,10.7,17.91,0.0,43.08,2.614011093597191,3.9538156527838177
1998-02-18,25.28,11.76,17.36,0.91,48.98,2.30513217273068,4.353446879361618
1998-02-19,23.17,8.18,14.29,0.0,35.99,2.330247683434288,3.9340138470208004
1998-02-20,25.49,5.78,14.56,0.0,40.0,2.6416728125242623,3.6503029706860084
1998-02-21,25.33,10.02,16.02,0.0,36.84,2.6031370700435823,3.3285392929907673
1998-02-22,24.7,9.37,16.86,0.0,25.05,2.6761494444828298,3.04132174150772
1998-02-23,22.58,10.08,14.8,0.26,40.96,2.1289433954303254,3.7026772127161207
1998-02-24,16.79,10.31,12.85,15.99,84.39,0.6675744673070749,1.8408784491334207
1998-02-25,20.02,10.36,14.42,1.16,72.47,1.207003256391882,2.435818801181628
1998-02-26,22.63,7.66,14.33,0.0,59.96,1.863227435393173,3.14922445802441
1998-02-27,22.86,7.66,14.3,0.0,46.56,2.0821116585179222,3.593462970363039
1998-02-28,24.88,6.87,15.45,0.59,46.36,2.4097315735895957,3.7188487022213055
1998-03-01,26.98,8.8,16.86,0.0,39.08,2.8729981224329038,4.815449018135756
1998-03-02,25.58,7.47,15.94,0.0,40.45,2.6231183188132454,4.177429891927664
1998-03-03,25.87,12.09,17.31,0.35,46.89,2.4730780215627135,4.174544735060171
1998-03-04,21.65,12.75,15.94,1.93,69.66,1.3401992956545594,3.4067059487606413
1998-03-05,23.96,11.5,17.51,2.35,68.31,1.6666622527403714,3.737804684517549
1998-03-06,25.4,11.26,17.19,0.17,52.07,2.349566038640893,4.362666548460301
1998-03-07,25.86,7.37,15.64,0.0,35.15,2.7900884404437245,5.2370994350210855
1998-03-08,25.12,7.51,16.09,0.0,29.72,2.711722138620393,4.2941537284811835
1998-03-09,28.59,8.76,18.23,0.0,27.42,3.4102935912964663,4.365304651110919
1998-03-10,29.68,10.79,19.59,0.0,28.22,3.5951291006610533,4.898479084141363
1998-03-11,26.05,11.45,17.86,2.26,43.05,2.53787356719115,4.788927254604527
1998-03-12,26.61,12.28,17.35,7.18,63.84,2.2939527065817993,4.779802373446489
1998-03-13,25.01,10.2,17.15,0.01,62.82,2.0545314434446484,3.641752753915528
1998-03-14,27.08,10.12,17.89,0.0,45.95,2.7462507288204927,4.878093772243365
1998-03-15,28.79,9.53,19.54,0.0,35.78,3.228629401072099,4.597168560225197
1998-03-16,29.4,13.84,21.91,0.0,27.31,3.4291098340527757,3.9529028781579525
1998-03-17,29.5,15.26,21.1,0.0,31.81,3.38950423310276,4.016937133951331
1998-03-18,30.02,11.98,20.44,0.0,39.59,3.38411211064673,4.629418555287372
1998-03-19,27.02,12.57,19.61,0.05,40.95,2.6898807416305495,4.011798098124851
1998-03-20,30.69,14.32,21.76,0.0,40.25,3.419593480583212,5.945597099677607
1998-03-21,30.02,15.16,21.74,0.0,48.3,3.0379583816919746,4.613553927175731
1998-03-22,33.2,17.25,23.98,0.01,40.31,3.9709632823069683,5.3176303971766155
1998-03-23,33.27,14.91,23.38,0.0,29.15,4.407226269093207,6.195056467710931
1998-03-24,31.1,9.18,19.78,0.0,19.68,4.1201440008508845,5.807586358073928
1998-03-25,32.16,8.64,19.8,0.0,17.67,4.465646433252893,6.961620586312269
1998-03-26,34.56,12.21,23.16,0.0,17.91,5.062668019043263,6.371379004232315
1998-03-27,34.91,13.58,24.27,0.0,21.28,5.027853203437706,5.807188657737797
1998-03-28,34.69,17.58,24.6,0.01,23.63,4.877421312189154,7.4601144714539975
1998-03-29,34.85,17.97,25.47,0.01,25.77,4.825962932194717,5.568240204459908
1998-03-30,33.78,13.61,24.18,0.09,34.02,4.405601450200795,5.962781982894205
1998-03-31,36.93,18.71,26.79,0.0,22.49,5.552327611478527,6.431220733852269
1998-04-01,36.8,16.94,26.61,0.0,24.39,5.434371560756994,7.2718569821212045
1998-04-02,37.78,17.29,27.74,0.0,25.17,5.715760103278343,6.320497414000641
1998-04-03,36.32,19.98,27.3,1.33,30.49,5.045619863554678,6.299105895932528
1998-04-04,36.03,19.6,27.75,0.03,38.15,4.637196634518362,6.26114289064722
1998-04-05,37.1,19.51,28.21,0.0,28.44,5.316805211682441,7.192828926739373
1998-04-06,37.71,19.92,28.9,0.0,24.74,5.603803685330123,8.271990022848282
1998-04-07,37.3,20.92,28.85,0.0,26.35,5.38785231540079,6.503122159899682
1998-04-08,36.22,20.01,27.46,0.63,28.49,5.129137884286351,9.86234669743108
1998-04-09,34.64,18.36,25.98,1.07,36.65,4.511968272348307,6.444184781873627
1998-04-10,35.12,17.97,26.26,0.0,24.45,4.904463136686822,5.972320882629621
1998-04-11,35.09,17.69,26.25,0.0,21.16,4.9925785599510855,6.857343964448116
1998-04-12,34.84,17.7,26.22,0.0,22.04,4.882513981430462,7.594568215654866
1998-04-13,35.72,18.02,26.89,0.0,20.52,5.188869377860933,6.515559854182563
1998-04-14,37.29,20.65,28.71,0.0,16.35,5.778324582450333,5.942906084444615
1998-04-15,38.06,19.14,28.8,0.0,16.34,6.05303465922106,6.2951867457173964
1998-04-16,39.39,21.64,29.64,0.0,15.13,6.5659828442733,7.012394079445327
1998-04-17,40.37,18.7,29.81,0.0,13.54,7.004187475973993,8.921973568826019
1998-04-18,41.53,22.73,31.7,0.0,12.97,7.434645113646522,6.680876629825499
1998-04-19,41.46,22.73,32.38,0.0,13.33,7.3768103835434315,7.017358622468356
1998-04-20,42.11,23.46,33.31,0.0,16.22,7.480040121357464,6.301125460017926
1998-04-21,42.27,24.23,33.26,0.0,18.45,7.437549041223801,7.103565601730343
1998-04-22,42.03,24.04,33.18,0.0,16.51,7.415076337395367,8.463283640668706
1998-04-23,42.34,23.43,33.04,0.0,18.02,7.514777622561807,8.916252085907843
1998-04-24,42.94,24.65,34.1,0.0,16.73,7.773198188710188,6.89293224410133
1998-04-25,42.36,27.11,34.28,2.08,19.12,7.367108546053397,8.662597284968003
1998-04-26,37.09,25.84,31.78,1.16,31.14,4.8722631402023815,9.663162388967619
1998-04-27,40.24,24.81,31.74,0.0,26.65,6.338603132548859,8.471194451182887
1998-04-28,41.37,21.47,31.6,0.0,18.86,7.166656433418377,7.95629960303006
1998-04-29,42.23,22.58,33.23,0.03,14.9,7.632773667880204,7.595666907068285
1998-04-30,40.42,27.58,33.43,0.17,20.32,6.527311768615398,8.007456760846674
1998-05-01,42.27,25.67,34.28,0.0,20.87,7.251209613571076,8.62532031241913
1998-05-02,42.42,26.48,34.7,0.01,23.48,7.154455736771429,8.59809825739416
1998-05-03,42.79,29.1,35.84,0.0,22.8,7.26547137414774,8.143894109580142
1998-05-04,41.95,27.29,34.55,0.0,22.96,7.013778832305248,11.53103953964104
1998-05-05,42.0,25.95,34.22,0.0,15.78,7.383401989165904,8.759565499481855
1998-05-06,39.28,24.68,32.0,1.2,21.88,6.179470377773694,8.829728034690712
1998-05-07,39.21,23.72,31.03,0.41,31.49,5.863939609054865,8.263601693333849
1998-05-08,33.77,24.17,28.88,1.38,35.97,3.8544938149094827,7.555183061288199
1998-05-09,35.91,21.73,28.53,0.0,32.4,4.747273959711191,8.06282682209733
1998-05-10,37.56,22.56,30.1,0.0,21.6,5.616335698406621,6.925403870157387
1998-05-11,38.98,22.73,31.32,0.0,22.65,6.03254825043378,7.564067109109984
1998-05-12,41.82,24.45,33.03,0.0,18.4,7.263935217476146,8.645675334437088
1998-05-13,43.83,25.07,34.62,0.0,16.75,8.197638058706618,7.438335325730651
1998-05-14,45.55,25.51,35.57,0.0,14.28,9.118737619840022,9.25469119384793
1998-05-15,45.95,27.16,36.3,0.0,11.51,9.42352273531223,9.908001632073823
1998-05-16,46.44,27.22,37.55,0.0,11.15,9.636786772102985,7.289523935194852
1998-05-17,46.33,27.2,37.3,0.0,13.17,9.468538273988704,8.311959329144829
1998-05-18,45.47,29.05,37.55,0.0,14.69,8.92203674294297,10.139383472716927
1998-05-19,44.9,27.68,36.67,0.71,18.71,8.464921730614744,9.32737084660766
1998-05-20,46.12,29.33,37.39,0.0,12.15,9.45466787808824,9.493709972959975
1998-05-21,47.28,28.69,37.93,0.0,9.8,10.163314275747409,9.060942514853116
1998-05-22,48.08,29.32,38.58,0.0,9.74,10.574000478271696,10.902388404038842
1998-05-23,48.19,28.51,38.59,0.0,10.22,10.640764967749744,14.349313213481741
1998-05-24,47.5,28.38,38.45,0.0,12.22,10.1069205568722,11.480977802250068
1998-05-25,48.69,29.99,39.45,0.0,13.54,10.674351805923836,10.159485015417818
1998-05-26,49.38,28.77,39.02,0.0,7.49,11.480343353533675,10.684186667320208
1998-05-27,48.2,29.84,38.76,0.04,9.19,10.659993515490855,9.752864563604307
1998-05-28,46.8,29.38,37.28,0.0,9.99,9.955981131800593,13.91921428276792
1998-05-29,46.03,25.88,35.87,0.0,6.95,9.711528312546463,10.933729003550317
1998-05-30,45.69,26.32,36.03,0.0,7.71,9.487313803787147,9.257852560528864
1998-05-31,46.88,27.98,37.72,0.0,7.59,10.073208992013237,9.378831975598104
1998-06-01,45.69,28.64,38.0,0.0,12.39,9.13597652146749,7.14113941553516
1998-06-02,45.06,29.11,37.17,0.0,13.98,8.780910977911144,11.904807464653695
1998-06-03,43.54,27.51,35.77,1.37,15.85,8.025703122020571,9.504853418818248
1998-06-04,44.51,28.44,37.07,0.0,19.56,8.154612295073221,8.184761909441253
1998-06-05,44.42,29.81,37.38,0.55,15.21,8.400229363347798,7.574056260840682
1998-06-06,44.71,28.97,37.53,0.0,17.74,8.341136930652667,8.478338180990038
1998-06-07,45.0,30.68,38.36,0.09,20.7,8.24247233431796,9.954436349216495
1998-06-08,43.95,30.95,37.32,0.15,18.95,7.939715218070614,9.272130507277932
1998-06-09,39.91,30.56,34.4,0.02,32.26,5.620637467261802,9.89017517762925
1998-06-10,33.18,26.32,30.35,10.12,46.6,3.086215044567963,5.023923369174739
1998-06-11,32.63,22.5,27.24,24.91,69.95,2.43662600950798,6.283680417237043
1998-06-12,37.9,24.44,31.55,0.32,52.36,4.34178680600623,6.89735430174632
1998-06-13,39.77,25.89,32.67,0.0,39.41,5.462743862772308,6.812609909805831
1998-06-14,41.12,26.76,33.77,0.03,32.59,6.268803550902935,6.4840981508467745
1998-06-15,42.34,25.9,35.34,0.0,27.23,6.933769171772351,6.676770196502437
1998-06-16,41.76,26.56,34.54,0.03,31.53,6.502715917257173,8.016333006342641
1998-06-17,38.09,26.88,32.38,3.5,49.74,4.344711717263472,7.286449987298243
1998-06-18,40.32,26.54,33.25,6.09,43.64,5.410932367675477,7.467229803242808
1998-06-19,44.01,26.51,35.38,0.0,30.49,7.56980661473174,9.766805588910485
1998-06-20,45.07,28.16,36.77,0.0,25.4,8.222768441798262,8.550264926017876
1998-06-21,45.04,27.9,36.1,0.0,25.97,8.234406973785806,10.645801250127224
1998-06-22,43.73,27.71,36.39,0.0,29.22,7.314234090265913,6.5947192235677194
1998-06-23,44.6,29.71,37.37,0.4,29.56,7.633979721131427,7.064144429184626
1998-06-24,44.42,29.85,37.58,0.02,28.42,7.578439023372057,6.7050439315070856
1998-06-25,45.56,31.17,38.92,0.0,26.41,8.135566007243447,7.730310482331408
1998-06-26,46.13,31.74,39.32,0.0,25.48,8.459061534154682,7.451935057529301
1998-06-27,45.28,31.95,38.67,0.02,27.7,7.893719728431915,10.831967091040758
1998-06-28,42.91,31.59,37.22,0.11,36.4,6.347676285803112,9.492638648853141
1998-06-29,42.02,32.1,36.64,0.24,41.47,5.723622324788789,10.337094612919522
1998-06-30,39.13,29.89,34.06,3.05,53.5,4.247918106435295,8.408495552628409
1998-07-01,40.21,29.5,34.96,1.86,52.07,4.635501839524785,5.221115472927843
1998-07-02,39.03,30.87,34.82,0.28,52.22,4.140188661966993,5.679637900925881
1998-07-03,35.52,30.64,33.07,0.37,58.09,2.8715317222672296,5.339940378829591
1998-07-04,40.13,29.83,34.65,4.29,52.6,4.5986842948158415,6.905182635180121
1998-07-05,40.97,29.71,35.08,1.91,53.66,4.852513165481193,8.076598029181568
1998-07-06,39.28,30.5,34.43,16.19,56.54,4.088159729945856,7.887903045190903
1998-07-07,39.55,27.93,33.7,6.15,57.98,4.284015633955326,6.227075942942935
1998-07-08,41.37,29.79,35.53,1.81,49.91,5.137262126385673,5.432219274914734
1998-07-09,41.46,30.56,36.04,2.85,48.57,5.168238285432353,6.210176948755446
1998-07-10,42.44,31.04,36.07,9.19,50.39,5.498336465032676,5.232548372607179
1998-07-11,39.94,29.63,34.79,5.36,54.65,4.437283680275344,4.975342790169564
1998-07-12,36.98,29.96,33.12,17.15,60.86,3.2408099633233296,5.137402841847752
1998-07-13,33.15,27.91,30.31,3.0,72.86,1.955437712147889,4.849202603472163
1998-07-14,38.07,27.57,32.64,0.46,58.03,3.870878200127515,6.288673205288813
1998-07-15,34.03,28.39,31.41,7.41,65.77,2.3262772197871993,5.739658402568384
1998-07-16,36.24,28.13,31.67,9.51,67.69,2.904349739494804,4.718302986645549
1998-07-17,39.03,28.02,33.34,0.45,59.34,4.115917521875526,6.172297025731012
1998-07-18,41.14,28.37,34.72,0.91,51.49,5.124947282830604,7.33905573163954
1998-07-19,39.77,28.32,34.12,2.95,55.08,4.4506535884624805,5.982719333593258
1998-07-20,39.24,29.65,34.44,4.28,53.01,4.272611007646861,6.334301944654928
1998-07-21,39.25,28.02,33.28,5.02,56.41,4.325310098865927,6.9028309621241055
1998-07-22,42.03,29.68,35.26,0.0,46.32,5.735554245409812,6.807293588629762
1998-07-23,42.55,29.23,35.66,0.0,43.01,6.071446773694387,7.893075226082722
1998-07-24,40.6,29.03,34.55,0.2,46.45,5.161156073180472,6.4082863604910125
1998-07-25,42.16,29.09,35.41,0.95,44.15,5.859454579597927,8.195743073058491
1998-07-26,42.34,28.92,35.5,0.59,40.93,6.100703728786185,7.5549896300797
1998-07-27,42.91,29.29,35.89,0.0,38.52,6.463987820961373,8.042013541132532
1998-07-28,43.47,28.92,35.91,0.03,38.36,6.767486464970924,6.995640411171565
1998-07-29,41.21,28.32,34.61,0.07,51.46,5.186753364326545,8.82127484804284
1998-07-30,40.41,28.63,34.32,0.02,53.27,4.789467342272246,7.655754188445067
1998-07-31,40.13,29.49,34.6,0.0,52.14,4.636068304016439,7.935219900599964
1998-08-01,40.43,29.51,34.82,0.54,51.43,4.787463226613095,6.937365349314966
1998-08-02,40.92,29.03,35.07,0.44,50.28,5.032633821448333,7.456642724513254
1998-08-03,41.34,30.13,35.77,1.92,48.44,5.173384616907332,5.300226753080678
1998-08-04,42.3,29.82,35.83,0.19,48.37,5.615033068212149,7.7504890204529024
1998-08-05,41.87,29.96,35.39,0.2,46.45,5.577136091014493,7.865124209663761
1998-08-06,39.98,29.48,34.53,2.01,49.9,4.715755963317967,7.087392699021594
1998-08-07,39.96,29.38,34.61,2.73,52.2,4.580908790934385,6.695646698813887
1998-08-08,39.85,29.81,34.86,0.0,49.73,4.624189415529032,6.388518597961237
1998-08-09,40.41,30.44,35.19,0.08,50.43,4.750886878663479,6.131654301119832
1998-08-10,40.74,29.83,34.77,0.12,54.05,4.761987563120947,7.837567851306594
1998-08-11,37.2,29.61,33.45,16.41,60.36,3.2780243085591265,5.884458402055258
1998-08-12,38.73,28.09,33.2,9.15,60.85,3.924712995739686,5.243207568355149
1998-08-13,39.36,26.8,33.12,5.83,60.48,4.190050711199671,5.7120185358132565
1998-08-14,36.28,27.29,31.29,2.18,68.96,2.9729052825575835,5.756659805068368
1998-08-15,36.1,27.49,31.3,2.76,67.27,2.9753961347952536,6.066639947768718
1998-08-16,37.67,26.26,31.69,3.09,63.1,3.6861002145567223,4.264138900792541
1998-08-17,40.54,26.87,33.67,0.54,53.01,5.015115886196433,6.2343536007729
1998-08-18,41.74,28.53,34.96,0.06,44.67,5.709974262083605,6.581974363551586
1998-08-19,41.86,28.88,34.91,0.05,44.53,5.826490802633098,5.618648367000478
1998-08-20,42.01,27.57,34.76,0.21,44.87,5.968582782275916,6.002153099821948
1998-08-21,42.35,28.71,35.15,0.19,43.97,6.016971560683533,6.918599927580104
1998-08-22,37.92,27.57,32.6,8.63,61.35,3.676108096372861,6.788652710145948
1998-08-23,38.52,26.68,32.45,0.37,61.18,3.954218196047555,6.766869469333792
1998-08-24,38.99,27.66,33.01,0.02,55.99,4.296689447241415,6.570202578935098
1998-08-25,38.58,26.88,32.26,1.96,59.6,4.0931852558369215,6.674481878834281
1998-08-26,35.98,27.0,31.36,3.54,64.35,3.0805585620777243,5.743078703367497
1998-08-27,36.6,25.47,30.74,3.82,65.27,3.375505264232559,5.301288261868272
1998-08-28,35.23,25.89,30.37,1.72,66.44,2.898681176867683,5.278247587657177
1998-08-29,39.47,25.71,32.78,0.08,54.99,4.60695358556222,5.584731546096864
1998-08-30,41.3,27.58,34.76,0.01,43.29,5.64655517847757,6.391211492959889
1998-08-31,42.05,27.8,34.69,0.0,36.88,6.315695233058524,6.705690782882733
1998-09-01,41.88,26.63,34.19,0.0,32.33,6.546727433541869,6.099920688194665
1998-09-02,41.5,25.3,33.34,0.59,40.25,6.099265969551672,6.405859041026011
1998-09-03,41.72,26.2,33.81,0.24,41.94,6.114203771359771,6.20216304642042
1998-09-04,40.2,27.61,33.74,0.01,41.56,5.421546363150231,5.070769234858567
1998-09-05,41.14,28.08,34.2,0.0,40.82,5.794931431138597,5.870061643361092
1998-09-06,41.19,28.63,34.76,0.0,38.29,5.85389631596567,6.2370713205973995
1998-09-07,38.04,28.55,32.73,7.03,48.2,4.333903620367751,6.789834353926999
1998-09-08,40.33,26.56,33.09,0.3,50.95,5.076778585584098,6.436008299884884
1998-09-09,39.21,26.34,32.96,1.03,48.23,4.746825222155777,5.769190006030436
1998-09-10,40.47,27.07,33.81,0.06,39.72,5.578743403040427,5.237089933437249
1998-09-11,38.22,26.53,31.89,9.44,51.98,4.338047670782935,6.052307296890601
1998-09-12,36.86,24.97,30.8,2.2,58.01,3.782572466903538,4.826140892739182
1998-09-13,34.2,25.54,29.34,7.16,62.52,2.870308469197068,4.087335942628081
1998-09-14,35.62,24.77,29.45,1.72,61.2,3.3736927848894203,4.278690694867744
1998-09-15,36.99,25.39,30.71,0.01,54.12,3.97333993435122,5.182141174746448
1998-09-16,37.2,26.58,31.2,0.11,54.6,3.9555429875258854,5.212826501678684
1998-09-17,33.83,26.16,29.72,7.41,62.73,2.690541858743532,2.607458607469651
1998-09-18,35.76,25.78,30.63,3.31,61.02,3.240157394011733,4.196335409027003
1998-09-19,38.35,26.35,32.05,0.47,52.67,4.363215464858529,3.886106497681591
1998-09-20,35.04,27.08,30.8,4.22,65.34,2.7880846427663166,4.55085687084481
1998-09-21,34.45,26.04,29.52,3.92,72.77,2.5339486396232402,4.349316985755683
1998-09-22,32.79,25.67,28.59,11.02,76.56,2.0317643038604194,2.9215664252397753
1998-09-23,33.14,24.51,27.97,8.67,75.25,2.3092489719802236,3.2731001845673746
1998-09-24,30.88,23.29,26.74,3.5,76.56,1.8228905893168994,2.6995555888881713
1998-09-25,35.05,24.22,29.1,0.65,67.71,3.0215792960876002,4.508484497126413
1998-09-26,36.33,24.78,30.43,0.06,60.62,3.5332347866502194,4.644759113284131
1998-09-27,38.28,25.71,31.54,0.0,55.54,4.30364783309966,5.156848989321636
1998-09-28,38.54,24.13,30.89,0.0,43.35,4.998883553297208,5.692675252383753
1998-09-29,39.03,23.73,30.61,0.04,40.03,5.351517453175588,5.9079484475061905
1998-09-30,39.24,22.78,30.48,0.13,44.32,5.310836481075784,5.032087082855807
1998-10-01,38.05,22.52,29.66,2.23,53.84,4.570900845672957,4.463615032035001
1998-10-02,36.91,22.74,29.51,1.81,57.19,4.050836523991952,4.115513312885015
1998-10-03,36.68,23.98,29.78,0.12,55.16,3.960637220544659,4.88548715297831
1998-10-04,35.67,23.61,28.94,1.7,59.97,3.5631599594980523,5.274707894738193
1998-10-05,35.92,22.36,28.86,0.07,56.47,3.8327420323797594,4.4373389966055194
1998-10-06,36.61,21.82,29.33,0.0,43.0,4.5274639490140185,4.491244826176514
1998-10-07,36.74,22.22,29.95,0.0,37.55,4.714974921874372,3.7534902299691195
1998-10-08,37.19,23.71,29.99,0.0,30.71,5.117009730752088,4.3382315940980805
1998-10-09,36.81,20.15,28.56,0.0,35.12,4.985493169878122,3.9466938416280635
1998-10-10,38.07,19.54,28.14,0.04,37.59,5.401187691222554,4.7215489833891615
1998-10-11,37.21,21.67,28.39,0.0,30.66,5.258735011103521,4.79916401404314
1998-10-12,37.14,18.86,27.62,0.0,32.16,5.260238980049342,4.73280821952665
1998-10-13,36.64,18.02,27.65,0.0,25.72,5.352626825654228,4.262403933161353
1998-10-14,35.62,17.09,26.82,0.0,27.93,4.952609105423649,4.243602096750437
1998-10-15,27.63,19.38,22.7,2.55,51.38,2.3232892670835517,2.851518081923954
1998-10-16,23.35,18.36,20.3,9.6,77.67,1.0313396285809662,1.4396458767274907
1998-10-17,28.31,18.22,22.73,17.26,77.78,1.7375223106951148,1.5916030507698518
1998-10-18,30.38,18.75,24.33,0.52,70.59,2.276328606601255,2.375780406213734
1998-10-19,33.3,20.01,26.09,0.0,54.94,3.3259592693793394,4.347031318187432
1998-10-20,34.48,18.69,25.22,0.0,38.67,4.330440108780401,5.78584330957671
1998-10-21,34.48,16.44,23.94,0.0,33.16,4.599258059590522,5.446679673041798
1998-10-22,33.87,17.5,24.65,0.0,31.5,4.385779811458396,3.6423713638954367
1998-10-23,34.43,17.8,24.87,0.0,32.48,4.525063886407112,4.649015754500509
1998-10-24,32.94,17.33,24.19,0.0,36.84,3.9947542878586066,4.517910759485672
1998-10-25,33.24,17.11,24.31,0.02,38.01,4.042901349193893,4.246570758135937
1998-10-26,32.72,17.41,24.98,0.0,33.25,4.004201134609839,3.215893950217783
1998-10-27,33.12,18.15,24.79,0.0,27.9,4.26108961510063,3.745649294111097
1998-10-28,32.08,16.61,23.73,0.0,27.07,4.035057001703618,3.938816528421654
1998-10-29,33.25,18.13,24.52,0.0,24.62,4.401511466442178,3.5754801800073306
1998-10-30,32.25,14.03,23.18,0.0,30.93,4.043913279494282,3.108099831085115
1998-10-31,32.46,16.95,23.93,0.0,25.17,4.203379430045089,3.1027532692176867
1998-11-01,32.28,13.77,22.18,0.0,30.65,4.124380239492543,3.823634074613346
1998-11-02,32.13,16.03,22.11,0.0,22.39,4.252169473153345,3.8989193699116798
1998-11-03,31.89,14.09,22.44,0.0,20.3,4.2342089518790385,3.641391599079395
1998-11-04,31.49,15.46,22.77,0.0,20.11,4.105545818836318,3.385885003122291
1998-11-05,32.09,12.9,21.98,0.0,33.19,3.9708869435467897,3.941128096061358
1998-11-06,29.76,16.61,21.98,0.0,49.97,2.920362666678238,3.875350046332153
1998-11-07,29.41,18.0,22.92,0.12,49.52,2.767767026981443,3.101033443574762
1998-11-08,29.73,17.86,22.75,0.0,47.82,2.9089254836281575,3.378548732621396
1998-11-09,29.51,14.49,21.21,0.0,52.41,2.920957214497609,3.0158451332600293
1998-11-10,30.33,15.69,21.21,0.0,34.96,3.5238526787855453,4.200527057014184
1998-11-11,30.73,13.43,21.54,0.0,23.93,3.8682136927085002,2.9376332089615453
1998-11-12,30.58,14.12,22.02,0.0,20.99,3.878827114888787,2.69771753766024
1998-11-13,30.26,13.95,21.44,0.0,19.9,3.8336876754730866,3.1896251446883657
1998-11-14,29.86,13.07,21.34,0.0,21.08,3.708410171809531,2.5850466421918084
1998-11-15,29.78,12.42,20.63,0.0,28.06,3.584770592466794,3.0095160167901813
1998-11-16,30.25,12.17,19.73,0.0,24.71,3.794947009357044,4.328672040544022
1998-11-17,30.27,13.58,20.48,0.0,20.65,3.858708174015592,3.97845353461185
1998-11-18,31.33,15.62,21.69,0.0,22.14,4.0459680284913055,3.2429973822886917
1998-11-19,30.56,14.42,21.36,0.0,27.78,3.72834461573588,2.9152381614833316
1998-11-20,29.75,14.48,20.06,0.0,25.38,3.6496993434065885,3.8079701443547247
1998-11-21,29.82,11.47,19.39,0.0,21.22,3.7643230005936625,3.838662326180297
1998-11-22,28.87,13.35,20.26,0.0,24.74,3.4304440867035444,2.997134360395327
1998-11-23,30.65,13.38,20.69,0.0,29.95,3.785446556193354,3.284157034896854
1998-11-24,29.6,12.41,19.46,0.0,22.97,3.6910515137842403,3.843875544280953
1998-11-25,29.89,10.9,18.77,0.0,21.93,3.78353550484724,4.39663858855674
1998-11-26,30.18,11.3,18.93,0.0,21.66,3.858153903549952,4.288464931821723
1998-11-27,28.76,12.26,19.43,0.0,17.86,3.5714221180490617,3.5846246284659147
1998-11-28,29.55,12.95,19.05,0.0,17.41,3.775924337209357,4.077407442404467
1998-11-29,28.88,11.58,18.07,0.0,17.38,3.645953962838012,3.961449957145037
1998-11-30,28.84,9.05,16.88,0.0,17.27,3.666578101913736,4.624675886721658
1998-12-01,27.23,7.59,15.88,0.0,18.77,3.297668923564847,4.286240412475592
1998-12-02,27.97,8.05,16.64,0.0,22.2,3.383981560718515,4.512198942976213
1998-12-03,27.56,11.55,18.28,0.0,21.11,3.261385654271459,3.515677822035409
1998-12-04,30.4,9.83,18.44,0.0,22.81,3.894262982072287,5.291392607737963
1998-12-05,30.82,11.1,18.99,0.0,24.17,3.958227547598711,5.304222794670789
1998-12-06,31.86,11.22,19.37,0.0,23.4,4.241378173316644,4.4768304208202565
1998-12-07,30.09,10.63,18.5,0.0,20.79,3.8595675567027494,3.6981719964948243
1998-12-08,28.72,9.26,17.93,0.0,19.54,3.570362103922774,4.0089087361503095
1998-12-09,27.85,11.88,18.49,0.0,15.67,3.428989678230145,3.259463874974262
1998-12-10,26.57,7.66,17.29,0.0,19.64,3.1391346597188647,2.628762688938154
1998-12-11,25.28,5.48,15.25,0.0,25.88,2.8590883159529095,2.6951744085732146
1998-12-12,25.53,7.99,16.23,0.0,18.05,2.961678408658097,2.481458624785741
1998-12-13,24.16,8.48,15.57,0.0,18.86,2.6973732192075732,2.3277534296148303
1998-12-14,25.16,7.88,15.93,0.0,27.85,2.7485997523378987,2.3709574383767307
1998-12-15,25.83,9.55,17.27,0.0,21.82,2.9461443383604546,2.28722255461257
1998-12-16,26.02,10.96,17.7,0.0,17.29,3.02974335444104,2.3224347452022975
1998-12-17,24.91,10.81,16.93,0.0,16.97,2.8312839122841766,2.181160073249166
1998-12-18,24.26,9.19,15.66,0.0,18.52,2.7164693940105287,2.3670080694426763
1998-12-19,23.7,4.84,12.99,0.0,32.76,2.493166193500209,3.0394200579873467
1998-12-20,22.4,7.93,12.86,0.0,41.24,2.1496105587459025,3.145412837904725
1998-12-21,23.25,4.77,13.64,0.0,43.98,2.2794288863212424,2.0708392580414894
1998-12-22,23.99,6.69,15.13,0.0,35.3,2.447253257615014,1.994822332948859
1998-12-23,24.49,9.54,16.28,0.0,29.81,2.5500673601148103,1.9562803142569318
1998-12-24,24.51,9.22,14.7,0.0,32.88,2.572421064505416,2.838528871932753
1998-12-25,23.9,5.57,13.15,0.0,26.07,2.6021840766532836,3.378932871555645
1998-12-26,24.02,5.41,13.27,0.0,21.66,2.6758721078227765,3.3192945059626835
1998-12-27,24.64,7.96,14.22,0.0,20.82,2.769228334419675,3.375380716305108
1998-12-28,24.99,9.9,15.43,0.0,22.53,2.7818773300347224,2.5000587381535233
1998-12-29,24.7,6.88,14.88,0.0,33.08,2.5838093924316334,2.3007365053351307
1998-12-30,23.43,7.56,14.99,0.0,36.38,2.320569868260365,2.1980722833805233
1998-12-31,23.36,5.76,13.55,0.0,44.24,2.2779494259404474,2.400486573735772
1999-01-01,23.03,7.28,13.29,0.0,25.15,2.4709392083488644,3.1282358281319538
1999-01-02,23.19,6.32,14.32,0.0,15.86,2.5809961950198157,2.8097383910147773
1999-01-03,23.11,7.63,14.59,0.0,25.51,2.439726843471589,2.7060730750858912
1999-01-04,21.17,9.24,13.52,0.0,35.35,1.9953639963410572,3.053658059543641
1999-01-05,23.45,7.03,13.98,0.02,42.05,2.2804500347101033,4.06713772070996
1999-01-06,18.18,9.17,12.48,16.92,66.33,1.1386729286955732,2.165333079158291
1999-01-07,16.45,8.14,11.9,1.83,77.58,0.8108015449789625,1.597860898473397
1999-01-08,18.45,6.84,11.41,0.04,74.58,1.1598017062334482,1.4448507961977626
1999-01-09,19.43,5.12,10.8,0.0,69.62,1.3986329983344066,2.1549362411844544
1999-01-10,19.55,3.26,10.77,0.0,53.94,1.6432952069359266,2.196096876473966
1999-01-11,21.69,5.92,13.55,0.0,38.01,2.047132392808348,2.087310009126111
1999-01-12,18.05,4.77,10.87,0.0,47.06,1.4845649124305766,2.1620227471700115
1999-01-13,20.98,5.52,11.89,0.0,44.01,1.9090768035552577,2.3231115657215082
1999-01-14,22.19,4.93,11.82,0.0,47.05,2.0762404121540055,2.8030923447766605
1999-01-15,22.45,5.02,12.73,0.0,42.94,2.123210830530277,2.477572744133017
1999-01-16,22.43,5.69,13.01,0.0,42.33,2.1212115832763714,2.6300209940376833
1999-01-17,22.4,6.16,12.99,0.0,41.61,2.1316745925149605,2.6243128958631807
1999-01-18,22.86,6.08,13.07,0.0,39.99,2.233217655167145,2.6230408837382027
1999-01-19,23.3,7.47,14.26,0.0,39.57,2.2570969818316686,2.6680422962035397
1999-01-20,19.16,10.12,13.49,0.77,51.51,1.429892334521148,2.454593508123918
1999-01-21,22.63,10.42,15.13,0.82,51.84,1.8923662929383065,3.0122526991440473
1999-01-22,24.49,9.25,15.84,0.1,48.94,2.2480305134271386,2.5265276903390665
1999-01-23,24.04,11.08,16.29,0.31,47.58,2.148759281033436,2.839607818366066
1999-01-24,19.73,8.0,13.35,0.6,63.48,1.3506921254537618,2.2889034733967417
1999-01-25,22.1,5.92,12.95,0.0,65.23,1.7618710542309344,2.9050222641321914
1999-01-26,19.53,5.42,11.65,0.0,60.62,1.5003388526137793,2.6792952404200263
1999-01-27,24.21,6.78,14.19,4.03,53.94,2.2542347213409633,3.032397973240548
1999-01-28,15.85,8.37,11.22,6.89,83.98,0.6993396396455689,1.2428063290169247
1999-01-29,19.56,7.08,12.02,0.0,70.16,1.343468923549945,1.9511514003249624
1999-01-30,20.62,5.27,12.79,0.0,58.19,1.633857858561877,2.2617081521245694
1999-01-31,21.39,6.48,13.32,0.0,43.6,1.9403994210319413,2.2742630893844615
1999-02-01,21.26,6.06,13.0,0.0,38.19,1.9988107424348094,2.4979056400230486
1999-02-02,23.19,5.19,13.06,0.0,37.3,2.3363169951799576,3.1956259870615753
1999-02-03,21.81,4.93,12.04,0.0,38.64,2.1161108804010365,3.4667624206421435
1999-02-04,21.48,2.88,10.99,0.0,39.56,2.0984005824499223,2.9584255427935884
1999-02-05,22.43,5.94,12.88,0.0,31.65,2.2802088278316566,2.8086846512054517
1999-02-06,25.36,5.89,13.92,0.0,34.91,2.735270047165821,3.553242483542008
1999-02-07,23.75,8.04,14.51,0.11,36.11,2.390566637463616,2.6829893396292737
1999-02-08,20.67,8.83,14.14,0.32,66.57,1.4037977286056167,2.485425862266771
1999-02-09,27.32,8.82,16.74,0.06,62.96,2.571689366902361,3.3696690321313474
1999-02-10,28.45,10.54,19.42,0.0,47.98,2.8987008710380833,2.8625151370752024
1999-02-11,28.62,15.01,20.97,0.0,38.52,3.005223987605733,3.077402582265028
1999-02-12,28.88,14.52,20.11,0.0,42.27,3.039631690127678,3.753559419630936
1999-02-13,28.67,11.33,18.85,0.0,49.69,2.9451287684999206,4.163820962303407
1999-02-14,28.64,9.82,18.28,0.0,44.61,3.0954103641097355,4.3554632151245745
1999-02-15,27.02,12.65,19.05,0.0,38.5,2.768771879213926,3.229300774485105
1999-02-16,27.33,14.7,19.43,0.0,40.46,2.7674989604852493,2.96364102532509
1999-02-17,30.12,11.73,19.91,0.32,46.87,3.2510727394618275,4.304253304241386
1999-02-18,28.5,12.24,19.84,0.07,54.08,2.737099650555371,3.992578282018326
1999-02-19,27.58,12.27,18.93,0.06,48.06,2.7284734245614324,3.622939525824996
1999-02-20,26.93,12.4,18.4,0.0,42.3,2.722460136753557,4.178356194894036
1999-02-21,29.5,8.96,18.26,0.0,36.77,3.4638028691015115,4.957264354980024
1999-02-22,29.17,11.88,19.78,0.0,35.76,3.290653104086565,4.047570130826998
1999-02-23,24.14,13.77,17.49,1.1,56.89,1.9149413390525893,2.892514262669484
1999-02-24,27.47,10.96,18.6,0.05,59.67,2.517552870108095,3.481346956668252
1999-02-25,25.99,12.42,17.71,0.0,40.95,2.582656402717154,4.359911479382695
1999-02-26,27.33,8.49,16.7,0.0,32.85,3.101261576541361,5.236033375242581
1999-02-27,27.38,7.08,16.42,0.0,26.91,3.224103756580595,4.788099191728573
1999-02-28,29.52,9.21,18.04,0.0,22.94,3.7042144058865913,4.947016428390759
1999-03-01,28.62,8.87,18.44,0.0,24.7,3.462575773625151,4.720987183472483
1999-03-02,31.15,13.19,20.96,0.0,29.76,3.8384811719584513,5.722477503569085
1999-03-03,31.74,14.19,22.27,0.0,33.99,3.845389833012627,4.833084198294528
1999-03-04,34.37,17.0,24.69,0.12,29.16,4.57919603050715,3.897634505959624
1999-03-05,32.07,16.43,23.34,0.05,31.37,3.935997794363815,4.243186966868085
1999-03-06,32.03,17.24,23.44,0.03,31.25,3.915183643051734,5.079570002005616
1999-03-07,34.3,16.91,25.08,0.11,32.78,4.467805803213871,5.66265897639821
1999-03-08,31.88,16.48,24.43,0.56,31.58,3.8010267810345058,5.960514169847933
1999-03-09,29.55,12.53,20.91,0.0,37.67,3.3563211591152684,4.894757478256557
1999-03-10,30.63,15.37,21.73,0.0,28.54,3.7253369176441873,5.285450652213458
1999-03-11,30.55,12.15,20.74,0.0,24.11,3.866772466012216,5.580312737615566
1999-03-12,30.3,11.89,20.64,0.0,20.97,3.8540904291764435,5.816130093344592
1999-03-13,30.72,10.84,20.11,0.0,18.59,4.07195241336775,6.480252169484532
1999-03-14,32.72,9.53,20.37,0.0,14.02,4.6572433146207555,7.241824465989041
1999-03-15,33.59,11.16,21.89,0.0,13.33,4.886416333483527,6.162860667718395
1999-03-16,34.58,15.41,23.94,0.0,8.78,5.243647489480945,4.6303112686715275
1999-03-17,35.27,14.6,23.75,0.0,13.51,5.327517778035805,8.13204967073813
1999-03-18,33.48,13.95,22.77,0.0,14.57,4.819816067225301,6.332548632031777
1999-03-19,32.22,14.51,22.21,0.0,11.75,4.512947852749725,5.43817512836006
1999-03-20,32.38,13.45,22.08,0.0,14.14,4.502305625291765,5.446089758355153
1999-03-21,30.22,11.48,20.39,0.0,22.43,3.8159784037469446,6.733871362633373
1999-03-22,33.65,11.03,22.31,0.0,17.37,4.801650484963329,6.64894783207161
1999-03-23,34.59,14.12,24.84,0.0,14.66,5.076930891955212,5.839325548199859
1999-03-24,36.46,16.28,26.31,0.0,16.86,5.568296080841486,6.713478035933811
1999-03-25,36.08,18.57,26.69,0.02,20.81,5.276490117723247,6.82140960558613
1999-03-26,34.87,17.09,25.38,0.0,18.02,5.082078126393983,8.557850946954739
1999-03-27,36.86,13.14,24.37,0.0,10.49,5.946137510806357,9.302390609660836
1999-03-28,38.62,16.16,27.13,0.0,10.42,6.487633843946034,9.340039641747092
1999-03-29,40.32,19.12,29.53,0.0,11.47,7.080195614444247,6.142927474745338
1999-03-30,41.0,19.3,29.28,0.0,10.1,7.397674417647491,7.971712158743871
1999-03-31,40.8,19.15,30.28,0.0,12.44,7.198953924368802,6.0898042539438455
1999-04-01,39.1,22.08,29.52,0.06,12.1,6.556376509049346,6.679320543792839
1999-04-02,39.65,20.09,28.21,0.13,13.6,6.816038264390266,8.752259673079644
1999-04-03,37.52,15.08,25.78,0.0,8.55,6.199637483422355,8.453567990559154
1999-04-04,36.89,14.05,25.69,0.0,7.81,5.9838567543727175,7.042914196642695
1999-04-05,39.59,15.9,27.75,0.0,9.17,6.895157352308784,7.594157300230071
1999-04-06,41.12,21.76,30.4,0.0,8.84,7.4595740184015735,7.122330271750097
1999-04-07,40.48,20.1,29.94,0.0,15.54,6.942582837211906,8.417962009878416
1999-04-08,41.55,22.3,31.05,0.0,15.86,7.369563900574053,7.622324783317645
1999-04-09,40.78,20.31,30.45,0.0,14.62,7.112068836210012,7.865224845727989
1999-04-10,41.41,22.12,32.12,0.0,12.04,7.416087387861837,7.520910873570795
1999-04-11,43.93,21.57,32.47,0.0,11.58,8.556323896280125,10.769125889930594
1999-04-12,40.49,22.64,30.88,0.0,11.51,7.113410712012372,9.664385868622691
1999-04-13,37.95,20.7,28.12,0.0,5.89,6.3796192332856885,7.679135390727427
1999-04-14,37.04,15.92,26.18,0.0,5.13,6.103031967888109,6.728489213551816
1999-04-15,37.4,16.08,26.77,0.0,8.63,6.127563375034714,8.464255297214457
1999-04-16,39.41,16.39,27.88,0.0,8.19,6.858607961932129,8.739389638349953
1999-04-17,41.09,19.23,30.5,0.0,9.56,7.408611289144322,7.740194914668805
1999-04-18,41.48,21.74,31.72,0.0,10.69,7.517838330723113,7.757839039979726
1999-04-19,42.56,23.37,32.17,0.0,8.09,8.067699716948454,8.191241207179583
1999-04-20,42.95,23.17,33.08,0.0,7.76,8.240366758522251,6.328287977074655
1999-04-21,42.21,23.19,32.36,0.0,12.56,7.729134281127738,9.221104317441272
1999-04-22,40.5,23.6,31.87,0.0,12.68,7.008764067640145,6.372554599573179
1999-04-23,42.46,22.56,32.17,0.0,11.07,7.934547441501481,9.452030997357056
1999-04-24,44.13,23.3,33.12,0.0,8.17,8.75927667533928,8.844595089151685
1999-04-25,43.54,22.26,33.32,0.0,8.59,8.484156166869433,7.4325743097577375
1999-04-26,43.93,24.08,33.22,0.0,6.07,8.762720411618865,7.627980931193847
1999-04-27,43.83,22.75,33.1,0.0,5.72,8.73246799352373,8.855067474430884
1999-04-28,44.54,23.57,33.73,0.0,5.07,9.082652638579425,8.0839669941967
1999-04-29,45.33,24.29,34.85,0.0,7.12,9.358132692574976,7.374928289925254
1999-04-30,46.85,25.11,35.63,0.0,8.05,10.088592130732938,8.899515170105223
1999-05-01,45.47,24.86,34.59,0.0,9.8,9.30981463852564,9.855313896080398
1999-05-02,45.56,25.55,35.89,0.0,7.91,9.412729490364006,7.386092896899119
1999-05-03,44.57,25.47,34.62,0.0,7.55,8.972682346948243,11.48273595314749
1999-05-04,44.79,23.27,35.22,0.22,8.91,9.022133361395541,8.63607350002355
1999-05-05,45.89,26.83,36.35,0.0,11.55,9.382507605855897,10.232416586850956
1999-05-06,45.3,26.03,35.63,0.0,13.51,9.031696891279685,10.256100643615955
1999-05-07,44.46,25.72,35.41,0.0,14.25,8.55367904795753,8.905001575732275
1999-05-08,44.15,27.45,35.54,0.05,14.24,8.400666832798342,8.669676406377317
1999-05-09,43.43,25.13,35.03,0.0,14.22,8.089230930492112,8.519653624982718
1999-05-10,43.74,26.45,35.14,0.12,12.63,8.3008115727376,9.6384020634161
1999-05-11,42.71,27.91,35.27,0.59,16.53,7.60463058526765,10.291203402646618
1999-05-12,43.5,27.84,35.64,0.08,20.3,7.743981791850244,7.527051156440257
1999-05-13,39.77,28.28,33.51,3.59,26.66,5.948334135962456,8.035958280262085
1999-05-14,40.88,26.54,33.89,0.0,27.3,6.375226922036778,7.831602403750457
1999-05-15,43.75,26.17,35.38,0.0,18.89,7.986960177924493,8.916789517679662
1999-05-16,44.4,28.3,36.52,0.0,14.96,8.419021218401625,7.844205003317471
1999-05-17,45.88,26.83,37.14,0.0,14.28,9.178795293915893,8.037841618911354
1999-05-18,45.48,28.85,37.71,0.0,12.11,9.087118488523636,6.988805285343441
1999-05-19,45.95,28.61,38.05,0.0,12.18,9.27772696859085,8.365279274546637
1999-05-20,44.23,29.47,37.48,0.09,21.38,7.870342416216747,8.965060697983574
1999-05-21,39.15,31.6,35.36,0.12,27.03,5.511551517916295,8.193696092448748
1999-05-22,40.67,28.8,34.64,1.02,30.73,6.006746327857164,7.293880181007283
1999-05-23,37.86,29.6,33.58,1.51,35.93,4.730775722539761,6.617872702602216
1999-05-24,36.77,26.06,31.19,0.89,47.03,4.128746413191404,7.82859441724287
1999-05-25,42.98,27.13,34.82,0.0,28.1,7.254606267146692,9.321305210020336
1999-05-26,43.84,26.89,35.05,0.0,17.07,8.201158945885721,10.578484450925508
1999-05-27,45.03,25.77,35.23,0.0,10.84,9.069865745376697,10.169068121400112
1999-05-28,45.46,25.44,35.38,0.0,10.0,9.308914080419159,10.76101296037421
1999-05-29,44.68,25.21,35.51,0.0,14.75,8.633586175642002,11.824413585550404
1999-05-30,43.2,27.45,35.31,0.0,19.96,7.635976607377103,10.973942142796526
1999-05-31,42.48,27.52,35.03,0.07,22.07,7.220551282789671,8.868267372165803
1999-06-01,39.96,27.37,33.93,0.62,23.45,6.160446915923614,7.180830913456464
1999-06-02,42.33,27.28,34.95,5.2,20.49,7.364131692966903,7.721227239510876
1999-06-03,37.29,23.51,30.54,1.55,44.09,4.5817175010088675,8.584393025826989
1999-06-04,39.31,25.78,32.57,2.26,39.23,5.252872017709056,8.21189249451178
1999-06-05,40.13,27.63,33.29,0.7,33.71,5.830336963554998,7.982703919303825
1999-06-06,42.82,25.7,34.46,0.0,25.13,7.326711223700182,8.504155196211322
1999-06-07,44.32,28.65,36.81,0.0,26.87,7.680576013313724,8.82048296013181
1999-06-08,43.52,28.77,36.49,3.92,30.12,7.164735492254122,9.0185314749865
1999-06-09,45.62,29.91,37.99,0.0,25.93,8.293628189057712,8.05493368492668
1999-06-10,43.9,30.37,37.62,5.1,28.08,7.380789102965068,6.703958413646663
1999-06-11,41.22,31.32,36.4,6.84,32.77,5.953136491844929,7.6300459266404115
1999-06-12,42.4,29.1,35.73,2.72,32.51,6.627544523234257,7.396344410891567
1999-06-13,43.98,29.29,36.58,0.11,23.79,7.823903272696683,8.532200125422268
1999-06-14,44.97,27.6,36.58,0.0,21.97,8.361788120981977,10.980301002801916
1999-06-15,46.24,27.85,37.8,0.0,21.74,8.89174052200121,10.479764535697342
1999-06-16,45.76,29.07,37.95,0.0,18.44,8.826111371749919,8.37055495951865
1999-06-17,44.7,29.46,37.53,0.33,24.05,7.976602447666423,9.58173407137574
1999-06-18,45.14,31.52,38.49,0.0,27.68,7.8770653363741445,9.589693618408276
1999-06-19,43.2,33.31,38.12,6.99,34.8,6.470272992234319,9.212853217936637
1999-06-20,40.75,31.64,36.11,2.21,41.93,5.2310206426092165,6.930297545120198
1999-06-21,41.43,30.64,35.98,2.61,35.73,5.929937812010592,5.703355386723746
1999-06-22,42.89,29.72,36.53,0.75,33.46,6.652404786066606,8.236986562466816
1999-06-23,44.43,31.91,37.91,0.0,27.98,7.551993776512267,10.052443395882557
1999-06-24,44.7,30.76,37.9,0.0,24.71,7.861753936793102,8.982234761942145
1999-06-25,44.72,30.9,38.06,0.0,26.84,7.724582141324151,9.641518963919696
1999-06-26,46.15,31.11,38.88,0.0,23.99,8.587899224189439,9.662608020500091
1999-06-27,46.52,31.79,39.31,0.26,23.4,8.788443903562273,8.600267522733711
1999-06-28,43.83,31.31,37.35,3.89,31.57,7.107375906599367,9.171722395699163
1999-06-29,44.47,30.45,37.54,0.77,29.58,7.518811762436378,7.230577785748306
1999-06-30,44.99,31.47,38.41,0.33,30.23,7.6138884347711056,9.979768501073819
1999-07-01,44.43,32.8,38.68,0.0,29.48,7.3314986305128444,9.711416859795504
1999-07-02,45.12,33.2,38.99,0.36,29.57,7.636730565498244,10.727894652403986
1999-07-03,43.47,32.57,37.94,0.06,28.62,7.009645782389871,7.844873329985896
1999-07-04,43.6,32.63,37.94,0.06,28.57,7.089548917993644,7.135893982911985
1999-07-05,44.49,32.92,38.74,0.06,26.15,7.581983710952464,8.418752468619854
1999-07-06,45.13,33.62,39.14,0.05,23.96,8.010391843661285,8.135265168284182
1999-07-07,44.84,32.39,38.6,0.58,24.52,7.8886392277826225,8.485613207366068
1999-07-08,45.7,31.98,38.85,0.04,24.3,8.315448534438762,7.158135180262435
1999-07-09,47.61,32.33,39.98,0.0,23.46,9.354100552854844,10.540309381610951
1999-07-10,46.02,32.42,39.52,0.5,25.56,8.318585752192122,11.22369015465501
1999-07-11,45.08,33.23,38.91,1.66,28.21,7.6952694005417985,10.851727212521995
1999-07-12,39.15,31.1,35.1,10.07,40.51,4.800730402031444,6.428547664442424
1999-07-13,40.97,29.59,34.95,0.0,41.28,5.5681428419356855,7.388365680834295
1999-07-14,43.11,28.87,35.99,0.0,34.18,6.784455497716819,7.535453641605042
1999-07-15,44.05,29.38,37.06,0.0,27.09,7.520295454664781,6.679666733857814
1999-07-16,44.09,30.41,37.33,0.0,29.33,7.366111407034841,9.6767585444975
1999-07-17,44.18,31.91,38.07,0.0,32.19,7.115194930564435,9.53398424783091
1999-07-18,43.32,32.52,37.8,0.12,35.76,6.485348652726952,8.774149085142486
1999-07-19,39.81,31.23,35.15,0.95,46.73,4.7005216099105604,7.871282228308524
1999-07-20,35.22,28.27,31.07,22.17,67.65,2.684131983256317,4.123719178903203
1999-07-21,33.05,27.17,29.9,6.73,72.27,2.0405970118301333,4.0529498187762885
1999-07-22,38.31,27.48,32.71,0.02,56.4,4.063536309669204,6.031252544427205
1999-07-23,39.44,28.18,33.81,4.44,49.69,4.635946586580339,5.941178501421668
1999-07-24,42.6,28.41,35.47,0.01,43.28,6.13709329982134,6.915668607557569
1999-07-25,43.04,29.44,36.11,0.0,39.96,6.435434072722985,7.123747480602253
1999-07-26,44.05,29.79,36.63,0.0,34.04,7.199831938883292,8.600051097551534
1999-07-27,44.02,29.89,36.38,0.06,34.42,7.168516618717554,7.933344962642959
1999-07-28,39.52,28.55,33.51,2.52,51.65,4.627722780059786,8.341792365553497
1999-07-29,36.21,27.56,31.83,2.32,58.84,3.3072881348433345,4.780785003898147
1999-07-30,36.3,28.32,32.11,1.44,56.26,3.4003867709967572,6.165276363286336
1999-07-31,36.4,27.54,31.5,12.04,64.24,3.164864314517636,5.821867238595044
1999-08-01,38.81,27.3,32.85,0.49,56.8,4.222892401927123,7.687171701158213
1999-08-02,40.6,28.05,34.36,0.64,50.84,4.95790059464632,7.017340646749541
1999-08-03,38.01,29.43,33.64,4.65,53.84,3.8778305959091615,5.612177085115548
1999-08-04,39.94,28.52,34.34,0.37,51.66,4.65775854601578,6.143626001587182
1999-08-05,40.08,30.09,34.87,6.84,49.29,4.729155718779093,5.469393321294565
1999-08-06,41.78,29.82,35.23,0.25,45.75,5.597732262134993,6.813992809717102
1999-08-07,40.73,29.82,35.24,0.06,44.01,5.255797579869665,6.485548600441018
1999-08-08,42.04,30.48,36.04,1.23,39.69,5.942267125056121,7.045034740656545
1999-08-09,41.44,29.69,35.63,0.48,43.26,5.559537651903844,5.2482476603893256
1999-08-10,39.21,30.19,34.32,1.32,50.77,4.407339692922268,6.910612407584845
1999-08-11,37.87,28.56,33.29,14.13,55.77,3.785840935390753,6.074189793927312
1999-08-12,36.96,29.15,32.57,31.56,60.15,3.358640312367874,5.129916717579238
1999-08-13,38.46,26.75,32.2,7.37,59.8,4.075648644776294,6.256381223186925
1999-08-14,39.31,27.12,32.69,0.0,53.91,4.558326327300101,6.619503703386016
1999-08-15,40.02,27.64,33.35,0.08,46.64,5.122227661127269,7.20613677372564
1999-08-16,41.31,27.15,33.51,0.01,42.93,5.811021097558219,7.7199213145135035
1999-08-17,41.3,26.45,33.65,0.0,41.37,5.916047855682915,5.800601530296224
1999-08-18,41.06,25.92,33.14,0.0,43.1,5.784871286750628,6.766516039371755
1999-08-19,39.85,26.3,33.06,0.07,46.2,5.141299242925969,6.493157329180714
1999-08-20,40.36,27.35,33.47,0.05,48.73,5.166963883831979,6.570337523758107
1999-08-21,40.83,27.09,33.62,0.02,42.12,5.667436947242438,7.154966613575855
1999-08-22,41.65,26.56,33.9,0.01,39.63,6.111661979398242,6.621023007172907
1999-08-23,41.52,27.21,34.19,0.0,39.05,6.00704516718623,7.235875102116405
1999-08-24,41.49,27.32,34.2,0.0,38.21,6.0280571695181955,7.247570887134846
1999-08-25,40.75,27.21,34.02,0.0,37.2,5.81505172768607,6.639338232996885
1999-08-26,40.55,27.86,33.69,0.9,38.77,5.664196766227192,6.447974788402943
1999-08-27,39.67,28.24,33.11,1.99,45.04,5.076752294449882,6.53450315325316
1999-08-28,40.32,27.66,33.46,0.02,40.56,5.526206871977489,6.2486527223260975
1999-08-29,39.8,29.09,33.6,0.56,40.13,5.2732575085684195,5.495655298140737
1999-08-30,40.98,29.0,34.44,0.05,36.93,5.857555359377615,6.5582009826664445
1999-08-31,41.5,28.09,34.26,0.08,36.44,6.120751384859021,6.368363263045378
1999-09-01,42.37,27.27,34.37,0.16,37.52,6.474118044887561,6.54999515998916
1999-09-02,41.33,27.9,34.32,0.07,38.19,5.958489474111066,5.886604197135061
1999-09-03,42.03,28.55,34.76,0.03,36.23,6.3179249514682665,7.186018084855762
1999-09-04,41.68,27.62,34.21,0.0,35.17,6.298835372125843,6.106125204596233
1999-09-05,40.73,27.03,33.61,1.73,41.2,5.647162945578776,6.2927362852794175
1999-09-06,38.08,27.06,32.06,1.66,53.01,4.240340019064267,4.920017735356541
1999-09-07,37.72,26.29,32.14,0.54,51.33,4.178131262188469,5.081670944418992
1999-09-08,40.87,27.43,33.86,0.05,39.12,5.8269559591482665,6.17469380456162
1999-09-09,39.96,25.06,32.36,1.22,47.45,5.277676543227457,6.323820562197814
1999-09-10,37.12,25.01,30.79,9.2,59.07,3.8638581381177235,6.07505256036942
1999-09-11,39.16,26.02,32.44,0.0,50.08,4.7593817021473654,5.721579395971483
1999-09-12,39.6,25.11,32.54,0.13,43.07,5.285772168741365,5.087505515982328
1999-09-13,40.19,25.6,32.63,0.08,43.56,5.47325247084262,5.622912452196879
1999-09-14,38.5,26.62,31.99,6.11,50.1,4.515036823949932,5.99688978759231
1999-09-15,39.6,26.61,32.95,0.06,46.33,5.0114362842501405,5.705468206210628
1999-09-16,40.88,26.61,33.72,0.44,43.2,5.6108215469276415,5.359910777440155
1999-09-17,41.4,26.51,33.4,0.19,38.87,6.119906345641018,5.407718313518198
1999-09-18,40.81,26.23,33.5,0.08,37.55,5.887530468833464,5.7922687027412625
1999-09-19,40.7,27.18,33.61,1.06,38.87,5.748010255347165,4.849702164867392
1999-09-20,41.03,26.7,33.32,0.13,39.74,5.91901661297496,6.381654397875292
1999-09-21,41.15,27.18,33.49,0.0,33.34,6.24432383621628,6.410644911087035
1999-09-22,41.92,25.08,33.43,0.0,30.54,6.69977660418685,6.151553726046673
1999-09-23,40.43,26.8,32.83,0.0,39.57,5.701153372773008,6.546087186437951
1999-09-24,38.66,27.52,32.5,0.0,45.27,4.761619967067531,6.367313469830066
1999-09-25,40.25,25.9,32.81,0.0,40.18,5.622211258549372,6.270772884446283
1999-09-26,41.06,26.95,33.24,0.0,30.47,6.354071827396506,5.677894141153573
1999-09-27,41.04,23.73,32.08,0.03,33.09,6.419292967968367,5.826894677653783
1999-09-28,39.17,24.2,31.23,0.01,42.64,5.274072350878284,6.36856718162359
1999-09-29,36.19,25.79,30.72,11.8,52.21,3.7573763494268,5.457588133496557
1999-09-30,36.55,25.4,30.11,2.05,50.1,4.092151723944312,4.328078175759733
1999-10-01,37.91,23.07,29.72,0.02,39.52,5.090891419727829,5.236900491493977
1999-10-02,37.7,23.03,29.52,0.0,38.06,5.1311250409664275,5.236116115994062
1999-10-03,37.1,21.56,28.61,0.5,51.36,4.570509281600421,5.412690523659039
1999-10-04,37.22,22.17,29.23,0.03,46.0,4.68954736025216,5.278333598219139
1999-10-05,36.71,22.47,28.94,0.27,45.42,4.536860424448848,4.777376115516769
1999-10-06,37.55,22.8,29.41,0.05,30.56,5.361402557545185,4.925320501501216
1999-10-07,38.09,20.57,29.22,0.0,27.79,5.650381047344689,4.889993931104006
1999-10-08,38.3,20.7,28.92,0.0,23.08,5.903552025909585,5.0246595549178155
1999-10-09,37.91,20.01,27.62,0.0,21.87,5.911309411384471,6.648588504708735
1999-10-10,37.95,18.94,27.58,0.0,20.47,5.950158493589745,6.1640650315639585
1999-10-11,37.91,20.95,27.8,0.0,19.81,5.92633735859203,5.445489935793706
1999-10-12,37.03,19.45,26.85,0.0,19.3,5.688354633937237,5.221077671825578
1999-10-13,36.48,18.28,26.32,0.0,19.79,5.509898801201576,5.582575096050565
1999-10-14,36.23,19.02,26.42,0.0,17.86,5.471544064304605,5.010242499485364
1999-10-15,36.0,15.92,25.34,0.0,20.76,5.366122726979433,4.961366999227332
1999-10-16,36.17,17.58,25.98,0.0,18.52,5.453404492571327,4.731141754921452
1999-10-17,36.57,19.28,26.6,0.0,17.17,5.5896987362564134,4.6540062189805145
1999-10-18,35.65,18.66,25.78,0.0,23.31,5.120697241957084,5.514657490774526
1999-10-19,35.59,17.25,25.61,0.0,27.74,5.048188436945309,4.821757139091304
1999-10-20,35.63,16.63,25.85,0.0,21.18,5.203497536307671,4.292838383251072
1999-10-21,36.44,16.57,25.64,0.0,22.13,5.463476404090323,5.199525636722578
1999-10-22,36.44,16.72,25.85,0.0,22.86,5.437235257190955,5.317733641435173
1999-10-23,35.67,17.07,25.63,0.0,17.57,5.309974619284091,5.336334284363934
1999-10-24,35.69,17.38,25.73,0.0,17.59,5.315229159463061,5.078469617241803
1999-10-25,35.9,17.31,25.51,0.0,17.8,5.386122110754538,4.610040510101952
1999-10-26,36.38,17.75,25.75,0.0,17.09,5.555130910744682,4.850685307326366
1999-10-27,36.38,17.51,25.57,0.0,17.81,5.531115189703408,5.466675414433288
1999-10-28,37.02,19.16,26.37,0.0,18.81,5.682752094085012,4.560436485972151
1999-10-29,37.87,17.57,26.57,0.0,19.82,5.967530701602877,5.3521751091997825
1999-10-30,35.99,17.8,26.5,0.0,18.78,5.358212785906433,4.225800340736254
1999-10-31,35.87,16.16,25.3,0.0,19.18,5.343789554627194,5.202879523309006
1999-11-01,35.32,16.0,25.28,0.0,20.99,5.134395398670087,4.902072800819932
1999-11-02,35.15,19.95,26.26,0.0,14.87,5.189619447301579,3.886500149940628
1999-11-03,34.75,18.55,25.75,0.0,15.08,5.075568130766433,3.495243899041805
1999-11-04,35.45,17.26,24.94,0.0,19.83,5.168194020565889,5.915108439156597
1999-11-05,33.64,16.57,24.45,0.13,24.55,4.531305320489924,6.244383799981783
1999-11-06,34.86,20.42,26.37,0.01,23.19,4.817780040218269,6.030384884662884
1999-11-07,30.98,14.3,21.7,0.64,16.64,4.090606428892371,5.121643024434404
1999-11-08,31.29,13.51,21.1,0.0,20.22,4.100927165081178,4.998839284640505
1999-11-09,30.74,13.59,20.82,0.0,17.03,4.05442010981809,4.489025773793435
1999-11-10,31.1,14.16,21.63,0.0,14.11,4.17755800950763,4.071717642441388
1999-11-11,31.52,14.31,21.6,0.0,17.49,4.210278201058825,4.595950506000478
1999-11-12,31.02,14.26,20.99,0.0,18.26,4.088845507627324,4.155839904312228
1999-11-13,31.8,13.3,21.41,0.0,20.21,4.219657648649948,5.400291073909951
1999-11-14,32.58,15.17,22.6,0.15,27.55,4.200616578303757,5.524642358414603
1999-11-15,31.63,13.08,21.59,0.0,26.86,4.035610187424492,4.51641554018529
1999-11-16,31.37,15.9,21.74,0.0,18.32,4.14933086307053,4.627103456824243
1999-11-17,31.0,13.14,20.84,0.0,14.55,4.17228908737651,3.967810946567996
1999-11-18,29.65,12.86,19.93,0.0,12.08,3.8888226355576285,4.4035078445608065
1999-11-19,28.98,13.32,19.89,0.0,12.85,3.710314515348313,3.512183818894845
1999-11-20,29.28,14.47,20.23,0.0,12.96,3.766350474686243,3.6777375377904282
1999-11-21,28.88,12.79,19.47,0.0,15.35,3.645176156229411,3.336202023490123
1999-11-22,29.61,10.89,20.25,0.0,15.91,3.790500886996254,3.8700059738884223
1999-11-23,30.17,13.28,20.56,0.0,18.09,3.8647154461832325,5.673641867784253
1999-11-24,24.9,13.48,17.96,0.0,23.79,2.6705468604330607,4.0517108279109735
1999-11-25,27.98,12.52,19.17,0.0,24.75,3.2547205247061886,3.7967204071936544
1999-11-26,28.48,12.03,18.45,0.0,24.21,3.4045030253134665,4.183079845390245
1999-11-27,27.26,9.34,17.0,0.0,20.45,3.2550912468070035,4.585259149113256
1999-11-28,30.14,9.4,18.26,0.0,18.38,3.914228244648317,5.010568310723297
1999-11-29,30.52,11.14,19.78,0.0,19.49,3.954235408754956,4.012695615520679
1999-11-30,29.2,14.44,20.62,0.0,17.81,3.6386464622501706,2.499097474589715
1999-12-01,28.86,10.26,18.5,0.0,20.07,3.5755992435079995,3.368108632841738
1999-12-02,29.02,10.84,18.06,0.0,20.27,3.614346017163445,4.345183867379965
1999-12-03,28.29,11.05,18.85,0.0,18.07,3.4803572351233005,2.740860331832188
1999-12-04,27.02,13.41,19.08,0.0,16.48,3.217013480836306,2.6390794955834576
1999-12-05,26.77,12.03,18.25,0.0,17.24,3.1650009467777456,3.009397568299556
1999-12-06,25.85,9.91,17.46,0.0,18.76,2.9698403834620195,3.0930675392167175
1999-12-07,25.38,7.78,16.16,0.0,23.18,2.8484470911968574,2.62846537769356
1999-12-08,25.01,9.05,16.49,0.0,21.92,2.7785203512839725,3.2571611637190636
1999-12-09,24.43,10.1,15.42,0.0,20.5,2.7176689135122936,3.053089111915013
1999-12-10,24.78,6.74,14.3,0.0,21.32,2.7931761168074525,3.817152939399452
1999-12-11,25.54,8.53,15.99,0.0,17.85,2.962649307424047,2.9735242294630373
1999-12-12,25.24,9.94,16.49,0.0,16.2,2.911136028189956,2.80203069100185
1999-12-13,25.94,9.24,15.81,0.0,18.25,3.029984431844007,3.6862395951260147
1999-12-14,25.52,9.32,15.58,0.0,17.18,2.9727922724334768,3.463578036778004
1999-12-15,25.96,7.14,15.03,0.0,17.09,3.0734048094668505,3.9477286647391963
1999-12-16,26.11,6.86,15.68,0.0,19.37,3.0479484223429285,3.7179406158920316
1999-12-17,26.69,11.86,18.13,0.0,19.5,3.1068587755502195,2.5273991013781947
1999-12-18,26.78,12.72,18.12,0.0,20.22,3.1104046213132066,2.406298204464911
1999-12-19,26.14,9.47,16.24,0.0,22.93,2.984218240806089,3.019833428201853
1999-12-20,25.65,9.53,15.63,0.0,23.31,2.898365735721908,3.499008324287686
1999-12-21,24.9,6.73,14.7,0.0,19.98,2.8338842238595294,3.2280775026467037
1999-12-22,25.9,11.32,17.1,0.0,14.97,3.053863074675017,2.6885287421781046
1999-12-23,25.67,12.73,17.83,0.0,12.71,3.0342744333101743,2.1910411909416996
1999-12-24,24.97,10.03,16.25,0.0,13.04,2.9186671068471717,2.5415392342574754
1999-12-25,25.32,10.6,16.7,0.0,12.28,2.9900782122453173,2.2143053735053875
1999-12-26,23.6,8.36,15.64,0.0,14.03,2.6611876704003863,2.1621515354320633
1999-12-27,23.68,6.98,13.46,0.0,18.52,2.647433209893322,2.752769482028086
1999-12-28,24.13,7.26,14.77,0.0,17.12,2.729403899580735,2.442791050405739
1999-12-29,23.87,8.93,15.87,0.0,15.03,2.6883160946628744,2.097744121812344
1999-12-30,24.04,9.47,15.46,0.0,16.3,2.7042428918564205,2.685461136321044
1999-12-31,24.59,9.7,16.1,0.0,17.15,2.7827726876783974,1.9200186867104287
2000-01-01,24.75,7.49,14.8,0.0,19.79,2.7990989866867757,2.9038552261954034
2000-01-02,24.17,8.62,15.13,0.0,19.26,2.6954494696658604,2.620359857453507
2000-01-03,23.59,9.09,14.22,0.0,19.72,2.5986597476576296,2.905714323776316
2000-01-04,23.69,8.62,14.82,0.0,20.19,2.5988820033596483,2.5158200470592953
2000-01-05,23.41,8.32,14.26,0.0,20.95,2.549903441259962,2.6360760930929064
2000-01-06,23.63,7.07,13.65,0.0,21.8,2.59470950531219,3.3814685748633093
2000-01-07,22.98,8.27,15.57,0.0,16.8,2.515074932365314,2.1159579474067716
2000-01-08,21.66,11.48,15.71,0.0,15.35,2.309760623316204,2.135556220495724
2000-01-09,23.31,10.72,15.36,0.0,28.45,2.398620957277001,4.037544337552944
2000-01-10,20.86,10.55,15.12,0.02,50.41,1.6449662824066535,2.494220301218372
2000-01-11,24.9,12.22,16.95,0.89,36.7,2.4667015305717883,3.524053652012433
2000-01-12,22.85,11.64,15.93,15.61,50.69,1.927444012034548,3.6815853775367375
2000-01-13,19.82,7.78,14.16,0.4,61.38,1.3463767870818728,1.9044403303879422
2000-01-14,17.05,1.69,8.57,0.4,39.15,1.5586833947613452,2.7779478390960657
2000-01-15,17.89,3.31,8.98,0.0,41.41,1.602291900902032,2.419816083861278
2000-01-16,17.69,2.01,8.37,0.0,43.75,1.5813379040616407,2.5894846085737737
2000-01-17,19.6,0.82,8.99,0.0,40.56,1.8614258761068938,3.0468289159574877
2000-01-18,23.54,4.02,12.54,0.0,36.83,2.4273190559903117,3.792329574386351
2000-01-19,24.09,6.73,13.6,0.0,45.12,2.351378727823996,3.796275126714632
2000-01-20,21.77,5.31,12.29,0.0,48.8,1.965859394177645,2.989033515272028
2000-01-21,24.61,8.57,15.61,0.0,41.97,2.407262804895,3.3456780946067672
2000-01-22,24.01,12.34,16.54,0.02,40.01,2.268367812202982,3.681205533723826
2000-01-23,23.88,9.49,15.08,0.0,48.21,2.179628388059021,2.835597494205551
2000-01-24,24.97,9.61,15.78,0.01,43.31,2.450397005097546,2.789638527561682
2000-01-25,24.29,8.97,14.87,5.57,56.61,2.142398998272907,2.899688049361643
2000-01-26,21.72,10.07,14.96,0.15,62.51,1.5945300828740674,2.4125258396087172
2000-01-27,21.26,8.71,13.57,0.16,59.87,1.646129482411944,2.968900756710945
2000-01-28,22.29,5.73,12.74,0.01,48.45,2.02333769959383,3.5569449130751223
2000-01-29,24.17,3.64,12.65,0.0,40.56,2.494847277602056,4.014847095933626
2000-01-30,25.42,7.1,15.84,0.0,31.81,2.7317013500780356,2.8639842677987457
2000-01-31,23.79,6.87,14.32,0.2,34.67,2.425702155999706,5.121510759727762
2000-02-01,23.53,6.06,13.29,0.12,40.57,2.3334334613750785,4.113119707178006
2000-02-02,18.24,6.45,12.01,0.01,49.6,1.4204037582463815,2.0199312032763435
2000-02-03,23.79,6.6,14.53,0.0,42.97,2.3325937614705916,2.9800282128443345
2000-02-04,22.91,7.54,14.13,3.7,44.02,2.155726439951195,2.7690573104816996
2000-02-05,17.99,8.0,12.24,0.25,74.69,1.0364991464371784,1.6634556063078205
2000-02-06,20.54,7.08,12.85,0.28,69.49,1.4509529207046712,2.0147780692663013
2000-02-07,22.81,7.71,14.29,0.0,54.98,1.943798649506956,2.526751289243163
2000-02-08,22.55,6.45,13.62,0.0,50.64,1.9994462150908152,2.793787517330545
2000-02-09,22.75,6.98,14.24,0.21,45.48,2.086937442081565,2.9278828088881332
2000-02-10,20.94,8.62,12.71,7.89,74.69,1.4375240378578247,2.476977280611751
2000-02-11,15.99,9.14,11.83,4.39,82.91,0.6844848237327132,1.4323945817848327
2000-02-12,19.86,6.94,11.89,0.05,61.01,1.550591997277638,2.446483644543559
2000-02-13,19.45,3.95,10.92,0.0,53.72,1.6204667871490557,2.9004951691553322
2000-02-14,22.78,4.68,12.72,0.0,46.34,2.1407169625705866,3.389187302891556
2000-02-15,23.82,7.18,14.89,0.0,34.16,2.4325627649607773,3.1201946168772454
2000-02-16,24.45,6.79,14.85,0.0,32.16,2.5666285483377145,3.90600566889323
2000-02-17,23.78,6.13,13.65,0.0,37.08,2.425473425844946,3.3871447060569047
2000-02-18,22.09,7.28,13.34,0.0,35.01,2.1684775297466583,3.2805407035108365
2000-02-19,22.96,5.84,13.3,0.0,35.13,2.320283493425772,3.458244887443803
2000-02-20,24.09,6.8,14.16,0.17,35.96,2.4671740597058247,3.056336726048771
2000-02-21,23.25,6.77,14.11,0.0,38.65,2.2873590488529505,3.3753423766363433
2000-02-22,23.99,5.61,13.74,0.0,36.44,2.480679346856806,3.9442241542379617
2000-02-23,24.88,5.48,13.98,0.0,34.04,2.6710746424700775,4.477863912394015
2000-02-24,23.91,5.49,13.51,0.0,35.21,2.4944156052507314,4.6162531275532235
2000-02-25,24.48,5.19,14.07,0.0,32.95,2.6122481957028203,4.235835229945166
2000-02-26,25.24,7.41,15.38,0.0,27.23,2.7915298569717133,4.010223775435009
2000-02-27,27.44,8.35,16.51,0.0,25.91,3.239154382799711,4.905232012708276
2000-02-28,30.06,9.1,18.58,0.0,27.99,3.7251825947560935,5.396542777224903
2000-02-29,29.21,10.91,19.44,0.0,35.34,3.321688032885533,5.321158254622061
2000-03-01,30.23,13.82,21.37,0.0,35.85,3.46701764528808,3.6754941898411855
2000-03-02,29.17,12.05,19.63,0.0,31.77,3.401641739775133,4.544363945769652
2000-03-03,29.79,10.9,19.86,0.0,26.07,3.671027196260302,4.331147449679914
2000-03-04,29.91,12.69,19.99,0.0,25.31,3.666655348181465,7.113104094745633
2000-03-05,26.48,8.47,16.68,0.0,28.39,3.0165802365993173,4.905043684093776
2000-03-06,26.74,7.64,16.38,0.0,22.78,3.1477269565403603,4.9192152428007025
2000-03-07,27.53,8.92,17.32,0.0,19.29,3.341777967438765,4.671797008501179
2000-03-08,28.16,8.33,17.38,0.0,23.58,3.4042371468833528,5.894404963186751
2000-03-09,29.66,7.8,18.28,0.0,23.8,3.7583410913834294,6.06047825849231
2000-03-10,31.7,14.1,21.56,0.0,14.9,4.339871266316754,4.395356175827378
2000-03-11,32.45,11.99,22.19,0.0,18.33,4.445505400393783,5.287243345198087
2000-03-12,32.13,13.81,21.65,0.0,23.06,4.254151659784503,4.8856466634331746
2000-03-13,29.81,12.45,20.51,0.07,26.25,3.706684763125592,4.07757805492432
2000-03-14,29.87,13.71,20.14,0.2,17.95,3.8301591669301147,4.837847273048546
2000-03-15,31.11,10.4,20.14,0.0,19.24,4.127255732501391,6.815454435827648
2000-03-16,32.37,11.89,22.23,0.0,17.21,4.455484789934135,5.29068028965089
2000-03-17,34.19,13.74,22.78,0.0,14.58,5.001105714266927,7.503951154013927
2000-03-18,31.0,12.72,20.63,0.01,14.44,4.17727149305519,5.127871589996496
2000-03-19,31.24,10.26,20.02,0.0,15.53,4.249020603749165,6.530168399921292
2000-03-20,31.47,10.56,21.08,0.0,13.07,4.332104599333409,6.196667455372457
2000-03-21,29.13,16.54,22.57,0.08,20.78,3.506504103246426,6.109339493127977
2000-03-22,31.38,15.12,22.74,0.34,29.86,3.8226569731643845,5.814121723538889
2000-03-23,29.44,14.27,21.83,0.04,30.13,3.3984654930538776,5.57406185966453
2000-03-24,30.5,11.07,20.66,1.53,33.67,3.684513201020993,5.619011807697256
2000-03-25,33.02,11.25,22.05,0.0,19.97,4.574646906847607,6.149637267067699
2000-03-26,35.28,14.89,24.03,0.0,16.63,5.256022511684254,6.178213974842787
2000-03-27,36.61,13.79,25.06,0.0,14.7,5.746476465462069,6.661855301816751
2000-03-28,37.18,17.08,26.33,0.0,13.29,5.922089423429277,5.973836934811583
2000-03-29,38.56,20.26,28.46,0.0,14.41,6.300598152076323,6.175758423199998
2000-03-30,38.32,19.55,28.23,0.0,17.44,6.154327467427276,5.994690315215638
2000-03-31,38.73,21.15,29.0,0.0,14.87,6.351927845408769,7.511389863876926
2000-04-01,36.9,18.45,27.24,0.0,17.92,5.664155669225174,8.973445172760321
2000-04-02,36.42,16.58,26.1,0.0,13.5,5.680580098391887,8.740621351192061
2000-04-03,38.37,16.76,27.62,0.0,11.29,6.3770817939536375,6.15746854793122
2000-04-04,39.49,19.53,28.81,0.0,9.33,6.836275136994763,6.5185631198686425
2000-04-05,38.12,16.38,26.51,0.0,7.38,6.4350097418312915,7.450473079019622
2000-04-06,37.07,14.82,25.68,0.0,6.56,6.090732106883902,7.849741136672488
2000-04-07,38.56,17.7,27.4,0.0,7.22,6.562058359179804,6.974275379579165
2000-04-08,39.08,18.92,28.79,0.0,12.97,6.560750270517664,8.102075436221233
2000-04-09,38.21,18.07,27.96,0.0,12.97,6.264564143207291,9.239264959091896
2000-04-10,39.95,18.59,28.74,0.0,7.0,7.098210800230927,8.260167922206076
2000-04-11,41.37,19.6,30.68,0.0,6.55,7.652015025512594,6.980752328071698
2000-04-12,42.99,24.54,33.18,0.0,5.75,8.334055866426288,6.469556081467101
2000-04-13,42.76,22.29,32.92,0.0,7.29,8.168981864218452,6.390640773443704
2000-04-14,42.55,25.87,33.54,0.42,12.22,7.8490449243612685,5.5867628804939935
2000-04-15,40.35,22.48,31.83,0.09,18.11,6.787173487978795,6.757992003583282
2000-04-16,41.12,23.41,32.28,0.0,12.83,7.235448285010789,6.420728290158075
2000-04-17,42.86,23.35,33.13,0.0,12.16,8.011849007912362,7.331155577993422
2000-04-18,44.21,26.33,34.55,0.0,11.23,8.61573476342872,7.402940544499164
2000-04-19,44.62,26.53,34.81,0.0,11.86,8.78198714025394,8.167271079840642
2000-04-20,44.52,26.88,34.91,0.0,13.58,8.641296452308383,8.28417155395524
2000-04-21,42.22,24.91,33.4,0.13,16.87,7.483787291967584,8.203293466925738
2000-04-22,41.72,25.98,33.51,0.0,15.49,7.324568544088644,6.132265933817801
2000-04-23,39.61,25.9,32.77,0.0,18.05,6.3586495646821115,7.822738713977912
2000-04-24,42.25,25.22,33.72,0.0,16.81,7.497988194510471,7.529020724913085
2000-04-25,44.62,25.71,35.02,0.0,13.15,8.712088480681777,8.524586232231949
2000-04-26,44.4,26.1,35.14,0.0,12.57,8.616755625149795,10.62651112013217
2000-04-27,42.56,26.93,34.01,0.0,12.49,7.812613259914663,11.061324684363942
2000-04-28,42.06,23.06,32.51,0.32,15.22,7.564324365498646,8.464683902478933
2000-04-29,41.96,23.95,32.87,0.0,11.5,7.649628826411373,7.378888820128626
2000-04-30,43.07,23.71,33.35,0.0,9.51,8.232411703353476,9.322028286143123
2000-05-01,44.55,23.67,34.05,0.0,7.64,8.98331923606004,11.04174837950922
2000-05-02,46.22,22.68,34.58,0.0,7.04,9.837702192123222,10.61207058203
2000-05-03,46.67,26.93,37.05,0.0,8.52,9.919931133198183,7.787371381281829
2000-05-04,46.51,27.63,36.84,0.0,11.07,9.692860699677075,9.248388255293543
2000-05-05,41.88,26.44,33.62,0.62,17.17,7.3062586361115285,8.87253271000637
2000-05-06,42.06,25.16,33.51,3.43,23.23,7.145472344204025,9.366324284397292
2000-05-07,37.56,23.93,30.88,2.8,38.67,4.895901757313567,7.616114296694852
2000-05-08,39.7,24.1,32.04,0.0,34.05,5.7449805382890275,8.077655806386334
2000-05-09,42.05,26.15,34.37,0.0,29.96,6.705018835810643,8.198096890123237
2000-05-10,43.25,28.11,36.26,0.0,24.5,7.360457642619834,7.035222501520132
2000-05-11,44.95,30.0,37.44,0.0,20.68,8.304165890491388,8.248734408667561
2000-05-12,45.28,29.34,37.93,0.0,23.01,8.263247430908418,10.47556536819825
2000-05-13,43.82,31.82,37.4,2.02,27.29,7.325969085536522,9.073528436270289
2000-05-14,43.74,29.24,36.77,0.21,29.03,7.287543017832403,10.28405952513195
2000-05-15,45.08,31.82,38.44,0.01,26.33,7.908927690518119,12.755657532997306
2000-05-16,44.56,30.51,37.56,0.03,22.4,7.985420084899425,11.863500336923753
2000-05-17,44.24,29.66,37.37,0.0,23.02,7.7902499970320855,11.148780740757875
2000-05-18,45.75,30.2,38.01,0.02,20.92,8.639429101008226,12.715932966003429
2000-05-19,45.96,31.1,38.61,0.36,19.44,8.80530603143889,11.879022166596512
2000-05-20,47.1,31.75,39.5,0.0,17.31,9.556132346116858,11.223113356277011
2000-05-21,47.04,30.42,38.42,0.01,16.82,9.593311483463172,9.747680539669549
2000-05-22,46.11,27.84,37.44,0.0,23.79,8.72193631586228,10.228671635217436
2000-05-23,45.14,31.52,38.05,0.04,21.12,8.279351244875993,10.410817284147479
2000-05-24,45.08,31.31,38.05,0.0,20.59,8.296114145802514,9.435449879434966
2000-05-25,46.07,30.59,38.48,0.0,17.68,8.994371214972254,9.242562159426367
2000-05-26,44.79,29.59,37.92,4.0,21.25,8.148329909489895,8.039460446924627
2000-05-27,45.35,30.19,37.57,0.0,21.79,8.401107046914838,10.620656666591811
2000-05-28,45.33,30.18,37.4,0.01,18.61,8.6528929652393,10.909601557492293
2000-05-29,45.86,30.33,37.91,0.0,18.78,8.823812371209371,13.400767568343383
2000-05-30,44.2,29.11,37.03,0.0,19.58,8.007768063139766,10.43701033434744
2000-05-31,42.81,29.09,36.34,3.47,26.2,7.0526307622958635,7.637374738053909
2000-06-01,43.88,29.85,37.29,0.05,26.65,7.4130458537933945,8.092514099833215
2000-06-02,45.86,31.81,39.0,0.05,22.12,8.580112496092461,7.3060717505413235
2000-06-03,44.1,30.49,37.74,0.05,22.83,7.703960544429659,8.041652042391211
2000-06-04,43.71,31.06,36.93,6.6,29.86,7.233939101250927,10.652340969086051
2000-06-05,41.09,28.21,35.22,3.5,34.99,6.0025024310139985,6.867285579087513
2000-06-06,42.51,30.55,36.35,1.74,26.41,6.937077255612367,7.84736303910187
2000-06-07,36.81,26.26,31.62,28.88,55.39,3.7170457385458775,7.1377950523526845
2000-06-08,36.0,25.53,29.92,33.15,60.68,3.496445822614711,6.650982931732824
2000-06-09,37.5,24.28,30.73,5.98,50.59,4.333907834309306,5.546844477833609
2000-06-10,38.79,24.73,31.83,0.31,45.61,4.900389759818342,5.741976422311825
2000-06-11,40.67,26.03,33.59,0.0,37.41,5.852482966814567,8.81828226002652
2000-06-12,42.32,26.57,34.81,0.0,36.72,6.4244886647553425,8.624355920704351
2000-06-13,43.01,27.67,35.38,2.67,36.83,6.748924885017573,8.663080479363767
2000-06-14,42.72,28.19,35.33,0.56,37.47,6.5542504715524155,9.844043326949663
2000-06-15,43.2,28.52,35.47,0.03,37.17,6.725076584281782,8.933523904076662
2000-06-16,43.44,28.82,35.75,0.04,36.05,6.909468667403292,8.73371300213176
2000-06-17,43.55,27.78,35.06,0.01,33.21,7.323800870320836,7.665979717271554
2000-06-18,43.94,27.37,35.6,0.0,29.41,7.550813542378407,6.708664652427614
2000-06-19,42.44,27.45,35.05,0.0,33.33,6.65181591872688,8.619742780681603
2000-06-20,42.52,28.45,35.61,0.07,37.95,6.37583872753026,9.03848548356164
2000-06-21,42.9,29.08,36.17,1.1,35.91,6.6691357437449685,7.67541420974016
2000-06-22,44.53,27.76,36.5,0.78,28.71,7.79164016935362,6.695920856856036
2000-06-23,39.04,27.76,33.31,9.92,46.38,4.732562527642699,5.377064754423355
2000-06-24,41.33,27.94,34.7,0.45,42.47,5.720062301617467,7.5061075568453
2000-06-25,41.02,28.82,35.12,0.01,38.76,5.701263964063532,8.014569666369091
2000-06-26,40.33,29.16,34.9,0.23,37.92,5.448813453008212,8.276189089988954
2000-06-27,43.08,29.62,36.2,0.05,34.72,6.683274754079342,7.374786091503844
2000-06-28,43.41,30.22,36.77,0.0,34.1,6.810875370102378,6.0533295265570155
2000-06-29,42.41,30.46,36.2,0.07,39.31,6.125776386144007,8.723584203995047
2000-06-30,39.56,29.26,34.25,0.24,51.16,4.53132118508058,8.310948767788197
2000-07-01,39.89,29.54,34.19,6.7,50.79,4.693382984743326,6.118000266588981
2000-07-02,38.69,28.21,33.27,6.95,51.2,4.362861737141343,6.552424653676131
2000-07-03,40.02,27.99,34.37,0.64,45.65,4.991102227114004,7.979604590765194
2000-07-04,40.76,29.92,35.31,0.19,43.19,5.312254450542402,7.054814014867599
2000-07-05,42.96,31.02,36.85,0.0,36.03,6.505098267445957,8.284172275968679
2000-07-06,45.28,30.15,38.06,0.0,30.84,7.795834841763185,9.544294201218761
2000-07-07,45.31,34.01,38.82,0.05,34.21,7.441087661768023,9.77116945301659
2000-07-08,43.39,32.07,37.65,0.05,37.37,6.527367665703446,8.778484000946436
2000-07-09,42.14,30.2,36.1,5.12,44.73,5.710679255976306,7.192922265911826
2000-07-10,41.92,30.97,36.0,9.63,44.35,5.651465612135301,6.152922188255864
2000-07-11,42.25,29.42,35.57,2.23,46.03,5.835481089658959,8.168002876627565
2000-07-12,39.45,29.19,33.76,0.74,51.1,4.5772474726351025,8.507374410312002
2000-07-13,37.22,29.18,33.11,0.96,52.48,3.738524781115712,5.834727305541516
2000-07-14,34.87,29.17,31.84,10.05,62.35,2.671137213423536,4.826222047556574
2000-07-15,32.59,27.63,30.0,8.49,72.69,1.848311955204589,4.206451384140616
2000-07-16,34.33,27.48,30.26,10.42,73.6,2.2838070225947003,4.2411457319316765
2000-07-17,31.54,26.86,29.02,17.47,79.87,1.4496613888081016,4.225622589968927
2000-07-18,37.63,25.73,31.73,6.6,63.23,3.6873182298424894,5.199631480004859
2000-07-19,37.16,27.19,31.89,0.46,61.4,3.52026810414303,4.573978244780159
2000-07-20,37.45,26.99,32.39,0.12,59.92,3.624214750740265,6.278515035409375
2000-07-21,35.12,28.09,31.41,5.15,63.93,2.75756434250287,6.3911291327969115
2000-07-22,32.81,25.83,29.01,3.58,71.38,2.145182770319139,6.6235367278079735
2000-07-23,34.19,24.83,29.4,11.04,69.72,2.5748389956382516,5.168699496283876
2000-07-24,32.45,26.28,29.48,30.36,76.23,1.7654183612264314,4.103501197379917
2000-07-25,38.19,26.51,32.33,1.91,57.85,4.041122964803635,5.28756349900418
2000-07-26,39.64,27.32,33.28,0.2,51.51,4.7452084856897905,6.8542815573064475
2000-07-27,38.91,26.6,32.86,0.01,48.73,4.6525652380087035,6.522139366304855
2000-07-28,36.59,26.84,30.43,0.0,61.45,3.5384791292344486,6.212601397900163
2000-07-29,39.43,25.73,32.13,0.0,56.78,4.5821997831278525,6.742276371111814
2000-07-30,36.39,27.11,31.04,4.64,62.7,3.3733674875172643,6.134959387973758
2000-07-31,39.48,26.59,32.64,1.61,56.78,4.561769437086882,6.796102991190166
2000-08-01,38.9,27.76,32.84,0.21,49.37,4.60268455301887,7.34225685794908
2000-08-02,37.67,26.96,32.0,0.11,51.57,4.122451511772603,6.292575331355782
2000-08-03,37.74,26.72,32.35,0.43,52.43,4.090641846651465,5.899906025088878
2000-08-04,38.84,27.07,32.95,0.22,50.46,4.509570867184712,6.7348063465504255
2000-08-05,39.97,28.24,34.02,0.0,46.2,5.013943064588318,7.265395515278344
2000-08-06,40.73,28.4,34.46,0.0,44.25,5.352216941371491,7.512727170055668
2000-08-07,41.16,28.6,34.67,0.01,41.66,5.634202300517259,8.214463733545596
2000-08-08,41.51,29.2,34.86,0.0,39.69,5.860451664248346,8.147923637582783
2000-08-09,38.97,29.69,33.98,0.06,42.67,4.764939488974905,7.20992327440346
2000-08-10,38.83,28.95,33.31,1.15,49.87,4.450062574516331,6.333181555868862
2000-08-11,36.39,27.23,31.51,0.79,60.32,3.351984579034923,6.470091548954974
2000-08-12,37.68,26.22,31.75,2.41,58.99,3.857366971495888,5.9906545037384165
2000-08-13,38.43,26.9,32.82,1.12,54.21,4.1843802905638015,5.985255323515218
2000-08-14,40.34,28.25,34.4,0.32,47.75,5.024836520762028,5.89886649875428
2000-08-15,40.28,29.48,34.78,0.83,44.94,5.064319979608015,6.494579600050785
2000-08-16,40.53,29.79,34.85,1.81,45.77,5.102559322108293,7.731912258022412
2000-08-17,41.82,29.95,35.65,0.01,39.82,5.88148778025181,8.113370192530674
2000-08-18,40.66,29.84,34.43,1.81,42.79,5.397383063433936,6.972033858940673
2000-08-19,37.42,26.84,32.0,7.31,61.23,3.620532018632818,6.484346012723186
2000-08-20,39.78,26.88,33.37,0.47,53.07,4.761020112483392,6.202464795103408
2000-08-21,40.01,27.23,33.74,2.2,48.72,4.987168640814151,6.135065187676865
2000-08-22,40.44,26.91,33.43,0.75,49.5,5.174154009929521,5.746575996338665
2000-08-23,38.78,27.35,32.59,1.1,55.06,4.319687515327346,6.574043470923975
2000-08-24,39.83,26.96,33.34,0.44,53.2,4.72099921776419,6.535607751993771
2000-08-25,39.59,29.12,34.42,0.18,52.02,4.480429764493431,6.534803282710726
2000-08-26,35.05,29.23,32.06,0.0,59.87,2.8066343080283453,6.139120042154796
2000-08-27,40.5,26.83,33.96,0.14,51.88,4.978465854428002,6.101512533574108
2000-08-28,43.38,29.52,36.31,0.94,41.93,6.412530400680959,7.088713731519474
2000-08-29,42.18,30.99,36.5,0.89,41.14,5.851746988779732,6.906110569527165
2000-08-30,40.33,29.99,34.53,8.19,46.6,5.045168863504271,6.416139190007633
2000-08-31,39.68,28.01,33.71,1.71,48.41,4.833153443723484,6.53849863243357
2000-09-01,40.36,28.13,33.85,0.02,45.26,5.255646743823337,6.229432731994351
2000-09-02,41.24,28.46,34.74,0.03,40.35,5.760715533085429,6.0172808215724025
2000-09-03,41.19,27.76,34.39,0.35,43.22,5.638368653716709,6.594754389196074
2000-09-04,41.58,27.67,34.48,0.39,48.39,5.558609126789641,6.854860193165253
2000-09-05,41.31,27.66,34.4,1.54,46.23,5.562285749236889,6.854544342492649
2000-09-06,42.23,28.05,34.7,1.34,42.28,6.184719214680994,6.3405650734040275
2000-09-07,41.19,26.85,33.59,4.55,46.63,5.679495558697257,7.046854324317073
2000-09-08,40.76,26.63,33.51,0.73,38.04,5.821490044308533,6.585147159610614
2000-09-09,40.24,26.79,32.94,7.34,45.16,5.39347511681697,4.97842853520866
2000-09-10,38.63,26.57,31.94,2.59,51.25,4.579856607030349,4.881769390714651
2000-09-11,38.56,26.69,31.67,0.26,43.36,4.91348771498757,6.174608230924306
2000-09-12,40.48,25.16,32.21,0.0,36.48,5.946923543710517,6.378631584823386
2000-09-13,40.13,24.32,31.99,0.11,35.39,5.861159288310219,6.818234632750302
2000-09-14,41.34,24.08,32.11,0.0,32.39,6.504262123331636,6.897495510314182
2000-09-15,40.73,24.04,32.52,0.1,30.22,6.345095411661506,5.571816429457184
2000-09-16,41.35,24.89,32.42,0.01,28.59,6.662649800839189,6.091877247746808
2000-09-17,41.21,24.06,32.01,0.0,28.14,6.6318076837611155,6.468321547361227
2000-09-18,40.9,24.22,32.02,0.0,28.03,6.503078498987064,7.504687424886221
2000-09-19,40.45,24.56,32.03,0.06,29.43,6.263289153666431,5.207124186903903
2000-09-20,39.52,26.0,31.8,0.14,36.85,5.5695346073208025,5.38528656627466
2000-09-21,38.58,24.9,31.19,0.41,44.65,4.952210165432472,5.590940211786097
2000-09-22,38.34,24.94,31.08,0.01,40.92,5.0134229054352675,6.396939413512855
2000-09-23,37.95,23.83,30.45,0.0,39.7,4.984245791257925,5.787921032932406
2000-09-24,38.35,24.42,30.47,0.0,36.4,5.256331485648153,5.652162383469717
2000-09-25,38.99,23.49,30.74,0.0,33.8,5.607195713642393,5.328775455775677
2000-09-26,35.32,23.23,28.52,11.83,40.08,4.216281837188625,5.607214492283182
2000-09-27,36.92,21.85,28.43,0.15,40.77,4.7913663264454724,5.337843248088023
2000-09-28,37.08,21.72,28.76,0.0,36.41,4.988621639961729,5.173982934059161
2000-09-29,37.72,21.41,28.68,0.0,31.96,5.380923082446142,5.354025620295704
2000-09-30,37.37,19.51,27.91,0.0,32.32,5.303769539965378,5.488044728710985
2000-10-01,37.93,20.02,28.15,0.0,36.23,5.344340857893043,5.778871637097186
2000-10-02,38.36,19.87,28.17,0.0,33.4,5.62369891782856,5.488166140415808
2000-10-03,38.8,22.16,29.01,0.0,26.95,5.964020190997309,5.769367162474481
2000-10-04,38.36,20.11,29.51,0.0,24.65,5.829364976794604,4.577269097699961
2000-10-05,37.48,20.89,28.31,0.0,31.62,5.317259163973687,5.648691647739159
2000-10-06,37.78,21.13,28.62,0.0,34.9,5.317568507921283,5.332587797078649
2000-10-07,38.44,21.26,28.99,0.0,34.47,5.570776612277653,5.1154916330393245
2000-10-08,37.97,22.04,29.54,0.0,28.67,5.511671506309241,4.842082482211068
2000-10-09,38.42,22.61,29.51,0.0,27.74,5.712663580855863,4.883032004354154
2000-10-10,38.59,21.56,28.96,0.0,23.48,6.00845307309232,5.126557484534864
2000-10-11,37.93,21.93,28.48,0.02,20.69,5.874142604484014,4.4419555070817935
2000-10-12,37.24,20.98,27.51,0.0,21.5,5.649136265834666,5.224348496943073
2000-10-13,37.16,19.43,26.95,0.0,20.2,5.7013502435421834,5.750629914732327
2000-10-14,36.8,18.2,26.29,0.0,18.56,5.666348901996615,5.930246970098838
2000-10-15,37.7,17.38,26.25,0.0,17.46,6.015849032862787,6.297857801485111
2000-10-16,38.58,17.68,27.59,0.0,16.06,6.32412820265665,5.460334938277528
2000-10-17,38.93,19.77,28.79,0.0,15.05,6.441332987482981,4.318939340374913
2000-10-18,39.26,18.17,28.48,0.0,17.28,6.517290551691479,4.29865262026846
2000-10-19,38.01,19.08,27.6,0.0,17.85,6.0355274494736495,4.454464847383989
2000-10-20,37.49,17.93,26.88,0.0,22.39,5.759029685840996,5.084943242649386
2000-10-21,37.81,20.27,28.52,0.0,15.77,6.0032585054981045,4.5157253743150765
2000-10-22,36.99,18.05,26.63,0.0,18.61,5.687614942286006,5.458203317572632
2000-10-23,37.19,17.62,26.88,0.0,24.02,5.63187348443741,5.511437388010499
2000-10-24,36.86,18.74,27.29,0.0,15.65,5.729397711598716,3.719884606624273
2000-10-25,35.42,19.68,26.62,0.0,18.36,5.16387336230979,4.12570342373168
2000-10-26,35.67,18.72,25.06,0.0,14.44,5.409561729600953,5.010738303281614
2000-10-27,35.45,18.26,25.92,0.0,11.61,5.405754827167741,3.8495245087496994
2000-10-28,35.23,16.97,25.85,0.0,10.52,5.359142120416623,3.961010786649468
2000-10-29,33.58,14.19,23.24,0.0,15.82,4.780037134913706,4.881876854462148
2000-10-30,32.84,14.24,22.9,0.0,25.75,4.34764926482521,4.276849170226964
2000-10-31,32.68,15.44,23.04,0.0,22.75,4.382731716824849,3.7220895368876983
2000-11-01,31.66,14.43,21.75,0.0,30.43,3.946839234753729,4.625684093123609
2000-11-02,31.77,14.97,22.28,0.0,34.72,3.85158549476147,4.01464248594874
2000-11-03,32.02,17.45,23.41,0.0,27.61,4.044857593506929,3.9328942772609476
2000-11-04,32.07,18.51,23.58,0.0,21.02,4.200003613458392,3.445794484961673
2000-11-05,33.09,17.61,23.75,0.0,19.69,4.51035835616408,4.381492670809444
2000-11-06,33.64,15.86,24.02,0.0,18.94,4.713232744406065,4.281822731726794
2000-11-07,33.6,18.49,25.43,0.0,14.58,4.749377574496841,2.628598400798025
2000-11-08,28.56,17.65,23.13,0.01,22.0,3.305167767920409,3.2986629667391814
2000-11-09,33.04,18.6,24.42,0.31,25.81,4.294367211528926,4.523834524879472
2000-11-10,31.42,14.92,22.13,0.0,22.7,4.033801995667694,5.442415821794245
2000-11-11,30.77,15.03,21.68,0.0,20.86,3.9224818281298726,4.366444608680112
2000-11-12,26.1,16.61,20.38,0.0,21.2,2.8810330870935905,2.5446139320937085
2000-11-13,31.52,16.17,22.48,0.0,21.03,4.066195450785572,5.125891714600069
2000-11-14,30.36,14.88,20.97,0.09,28.08,3.7049351309245866,4.081561448830344
2000-11-15,29.35,11.81,19.94,0.0,17.66,3.7506937106358302,4.3359982432979125
2000-11-16,30.74,15.56,22.29,0.0,8.53,4.194982951489637,2.3489615837646873
2000-11-17,29.32,12.87,20.76,0.0,12.97,3.7689670122907666,3.686630041998386
2000-11-18,28.96,11.79,19.82,0.0,22.0,3.5380464622754157,3.85150359291282
2000-11-19,29.06,12.52,19.45,0.0,27.32,3.4447127212363924,4.052223231110067
2000-11-20,30.27,12.19,20.14,0.0,17.77,3.9464718826713616,4.334438685537708
2000-11-21,30.22,13.35,21.49,0.0,14.06,3.9506222276588745,3.1073068553439613
2000-11-22,27.84,12.93,20.45,0.0,30.14,3.0645606120897924,3.2124685243606352
2000-11-23,29.41,14.59,21.85,0.35,38.01,3.1428974237183986,3.4204648347431683
2000-11-24,28.69,14.68,20.31,0.81,40.04,3.04496577912235,3.9995995019185338
2000-11-25,27.37,10.84,17.99,0.0,32.55,3.033556592630479,4.608447316148502
2000-11-26,27.01,11.71,18.92,0.01,25.22,3.055054360037306,2.7066250814017714
2000-11-27,27.07,12.37,19.62,0.0,24.97,3.029115238532059,2.9542514033648386
2000-11-28,27.25,12.63,18.45,0.01,23.53,3.1366843931060746,3.2788278987203667
2000-11-29,25.39,9.51,15.79,0.0,23.23,2.855738310236853,3.7874694385003247
2000-11-30,24.93,8.32,14.95,0.0,21.86,2.8009871567706526,3.9855499876288594
2000-12-01,25.17,5.89,13.67,0.0,17.36,2.9641017258237734,4.400351912621817
2000-12-02,25.21,5.16,13.54,0.0,10.97,3.037732248160254,3.8432308114817446
2000-12-03,26.56,9.72,16.74,0.0,10.57,3.2626711792799115,3.317771868289779
2000-12-04,27.07,8.65,16.61,0.0,16.06,3.2799350333079094,4.1491030302807825
2000-12-05,27.32,11.34,17.55,0.0,17.91,3.2860063924192526,3.059317397217636
2000-12-06,27.27,9.47,16.91,0.0,19.02,3.27485048805286,3.5374190525067886
2000-12-07,26.76,10.71,16.99,0.0,16.34,3.2134741371631717,3.5599704768493967
2000-12-08,27.76,12.23,17.76,0.0,16.12,3.408877646736888,3.273468020151233
2000-12-09,25.91,8.69,15.64,0.0,25.25,2.9290907894027765,3.9298811986749227
2000-12-10,24.83,8.26,15.75,0.0,24.44,2.7288426348252877,3.0364920181247066
2000-12-11,25.16,10.17,15.74,0.0,20.73,2.8400810918972565,3.3449365469473484
2000-12-12,25.37,6.32,14.65,0.0,19.27,2.9417265518861258,3.8295296446928284
2000-12-13,26.28,10.52,16.62,0.0,18.03,3.0799730120495465,3.121713831113512
2000-12-14,26.7,10.69,17.27,0.0,23.68,3.0545899546905724,3.207943400893503
2000-12-15,26.15,13.1,17.75,0.0,25.14,2.894375946583791,2.644004674418618
2000-12-16,27.51,13.64,19.39,0.0,26.59,3.0960086499056474,2.419221132692044
2000-12-17,27.92,11.91,19.01,0.48,35.24,3.0179326208517496,3.80946735245384
2000-12-18,25.64,11.69,17.22,0.0,49.13,2.417645075374475,3.8106818172513632
2000-12-19,24.61,7.39,14.43,0.0,40.21,2.5284268324779022,4.0307919322941546
2000-12-20,25.38,5.92,13.68,0.0,29.59,2.8402736941361684,4.08882396116341
2000-12-21,25.54,4.79,13.3,0.0,30.31,2.875751998226511,3.67142416003202
2000-12-22,24.38,5.43,13.6,0.0,29.44,2.6447259219886643,2.828314485519547
2000-12-23,24.73,9.05,15.07,0.0,22.46,2.754719484582358,2.462014024853351
2000-12-24,24.13,8.55,14.11,0.0,24.32,2.6357540380422906,2.919290880116078
2000-12-25,24.66,7.9,14.06,0.0,27.52,2.6921961975172874,3.0007587087984664
2000-12-26,24.59,8.11,14.72,0.0,30.23,2.6206437967464407,2.810476936439091
2000-12-27,24.55,9.74,16.04,0.0,27.52,2.6164298472511502,2.179388167091942
2000-12-28,24.73,7.59,14.76,0.0,27.13,2.6872957827662343,3.346956884595968
2000-12-29,25.64,8.49,15.21,0.0,27.1,2.852793059684755,2.646340478642324
2000-12-30,25.97,8.83,16.44,0.0,25.2,2.918042034743978,2.6924575537974715
2000-12-31,23.32,9.84,14.66,1.61,54.2,2.018396843344264,3.218894110540326
2001-01-01,17.51,8.61,12.71,13.31,84.68,0.7773954209839016,1.1795267096301385
2001-01-02,20.89,6.05,12.54,0.0,70.24,1.4928904179656493,1.7718423230723634
2001-01-03,20.6,6.86,12.46,0.0,64.81,1.5401368413783199,2.1039722503792717
2001-01-04,21.22,5.14,11.69,0.0,61.72,1.7362859625368592,2.401964953349363
2001-01-05,21.49,3.88,11.28,0.0,51.46,1.9453509349482996,2.8405678267959193
2001-01-06,20.29,6.38,12.42,0.0,36.22,1.8858211078550904,1.9710841401551382
2001-01-07,18.93,4.25,10.27,0.0,43.22,1.6761979523897141,2.1712048970631868
2001-01-08,17.52,4.11,9.53,0.0,47.81,1.4584796755148066,2.128986403039863
2001-01-09,20.64,2.7,10.05,0.0,46.11,1.9105696554437315,2.792755018146588
2001-01-10,20.21,2.56,9.63,0.0,45.72,1.864784404658196,2.733925664256282
2001-01-11,20.44,2.96,11.1,0.0,38.73,1.9377597115002958,2.536618587804491
2001-01-12,20.74,7.2,12.42,0.0,33.23,1.9891821003887593,2.1628951539532406
2001-01-13,19.92,5.33,10.73,0.0,38.95,1.8522404901056777,2.732288459756874
2001-01-14,22.01,3.26,11.22,0.0,40.2,2.164259963033444,3.0488372722065686
2001-01-15,21.94,7.2,12.89,0.0,30.69,2.194182958051002,2.3208518434797756
2001-01-16,22.59,4.57,12.53,0.0,31.35,2.3106257502270346,2.8145588394461973
2001-01-17,23.3,7.81,13.62,0.0,30.36,2.41098810927319,2.602362577695454
2001-01-18,23.54,7.98,13.64,0.0,30.09,2.4657365748560256,2.887597871401635
2001-01-19,23.26,6.94,13.72,0.0,29.54,2.422073155175868,2.80287070457326
2001-01-20,22.93,8.25,14.46,0.0,26.45,2.3843176787389404,2.360567800257026
2001-01-21,22.85,4.89,13.56,0.0,31.41,2.3253234406824603,2.938929297071897
2001-01-22,21.45,5.55,12.67,0.22,38.23,2.0307341939405106,2.624693722859443
2001-01-23,20.48,4.68,11.23,0.0,42.26,1.888244358165378,3.2320285737858705
2001-01-24,21.54,3.08,10.62,0.0,31.85,2.2265682191537857,4.280961515177703
2001-01-25,23.2,2.25,11.71,0.0,29.75,2.47832568293605,3.612665924349076
2001-01-26,25.36,7.18,14.54,0.0,24.74,2.8502626577181127,3.927066681739997
2001-01-27,25.81,5.06,13.65,0.0,25.26,2.9837249427685912,4.570782619441667
2001-01-28,26.67,4.56,14.29,0.0,25.14,3.1327425897979593,3.9858247233687023
2001-01-29,26.86,8.31,16.53,0.0,19.58,3.192026477551876,3.25802927994663
2001-01-30,28.43,8.19,16.63,0.0,26.85,3.4127239093705746,4.1171016578383535
2001-01-31,25.23,7.34,14.19,0.0,20.17,2.918159048499054,3.952141487347324
2001-02-01,23.65,2.91,11.79,0.0,20.59,2.6607046649442103,4.345704082944493
2001-02-02,22.88,2.69,11.45,0.0,22.84,2.510792305189648,4.38647269569506
2001-02-03,23.71,2.56,12.88,0.0,21.26,2.652053237826186,3.5359357383132433
2001-02-04,24.06,7.56,15.38,0.0,14.08,2.7535746297394486,2.939559795625183
2001-02-05,24.99,7.43,14.65,0.0,16.81,2.8990897581145867,3.1749470331333574
2001-02-06,26.18,5.62,14.13,0.0,16.29,3.1539190754362387,4.379085866788194
2001-02-07,25.83,5.23,14.28,0.0,18.87,3.036610791214643,4.464081792406148
2001-02-08,26.96,5.92,15.33,0.0,21.89,3.21789418788446,5.292409624142163
2001-02-09,27.15,5.73,15.68,0.0,24.06,3.2207060593647503,4.652907680106812
2001-02-10,28.09,10.19,17.29,0.0,15.43,3.5117983661245664,4.003952599835252
2001-02-11,27.88,7.3,16.48,0.0,15.14,3.4882872360595965,4.012996499675033
2001-02-12,28.24,8.34,17.48,0.0,12.64,3.5931351067934116,3.9430451640707664
2001-02-13,29.51,9.76,17.99,0.0,16.57,3.809691497076358,5.174814710423029
2001-02-14,29.74,13.24,19.3,0.0,21.86,3.767264308336698,6.444162254328041
2001-02-15,27.58,8.42,17.29,0.0,45.14,2.9116739862948267,4.280652150453051
2001-02-16,26.36,11.39,17.38,0.83,43.24,2.643552288320829,3.140956113246616
2001-02-17,29.11,13.05,19.82,0.0,31.37,3.3479743852618333,3.5839818141744466
2001-02-18,29.08,12.6,19.24,0.0,32.42,3.356062786837536,4.622021946530575
2001-02-19,28.9,9.68,18.67,0.0,24.91,3.5130548415857317,5.203554796660858
2001-02-20,27.49,12.23,18.55,0.67,34.41,2.9614610706251607,3.6029559667407383
2001-02-21,27.42,12.56,19.11,0.0,39.51,2.8380118750820507,4.149940161603074
2001-02-22,30.57,13.16,20.74,0.0,28.17,3.77696424984435,4.502326277959456
2001-02-23,29.21,14.57,22.16,0.0,28.19,3.3407845838906693,3.993072348415429
2001-02-24,30.42,16.15,22.53,1.21,36.48,3.3975664049693455,4.093021690793763
2001-02-25,28.76,13.8,20.32,1.16,37.05,3.1785917109304695,4.346286402029132
2001-02-26,26.89,11.09,18.16,0.0,23.71,3.100302244973659,3.945620011725418
2001-02-27,27.36,11.12,19.13,0.0,16.61,3.310600829923038,3.8129986183380886
2001-02-28,28.78,9.84,18.06,0.0,14.89,3.67957808398875,4.283603935221602
2001-03-01,28.33,9.63,17.63,0.0,15.87,3.554750069887122,5.79754664123542
2001-03-02,29.68,7.42,17.93,0.0,15.47,3.8841470818525496,5.85512446439713
2001-03-03,29.37,11.13,19.29,0.0,13.36,3.808900368037584,4.712966168551891
2001-03-04,29.32,11.38,18.76,0.0,14.17,3.787074151909083,4.882822816121415
2001-03-05,30.04,8.4,18.49,0.0,16.09,3.939708453198469,5.392277298571938
2001-03-06,30.69,13.25,20.65,0.0,13.39,4.1005625528963785,4.830287306054497
2001-03-07,32.31,14.85,22.81,0.0,12.16,4.510540704059225,4.279038023363264
2001-03-08,32.61,14.3,21.96,0.0,13.94,4.5729829783897245,4.940192745091969
2001-03-09,32.1,13.08,22.72,0.0,13.67,4.4316486201544105,4.621779999176881
2001-03-10,32.91,14.86,23.72,0.0,12.6,4.649831862503119,5.137273981213765
2001-03-11,34.23,14.25,24.44,0.0,12.78,5.0210698672860685,5.15172898456501
2001-03-12,33.38,13.65,23.16,0.0,14.26,4.747216770142266,5.500729338542097
2001-03-13,33.7,17.18,24.49,0.34,15.95,4.763276054922076,6.059088016280621
2001-03-14,32.77,15.2,23.94,0.19,31.39,4.10960944702301,5.0405764757631815
2001-03-15,33.19,16.67,24.04,0.0,27.5,4.352710842994598,5.314891251447005
2001-03-16,32.6,12.85,22.14,0.0,14.42,4.570755242113117,6.773838026853649
2001-03-17,33.88,13.67,23.07,0.0,14.78,4.902452775952465,6.021553036448093
2001-03-18,35.46,15.54,25.64,0.0,13.73,5.348277878713088,4.975938189386689
2001-03-19,34.65,19.53,25.98,0.02,15.29,5.016351086617082,4.664448802232617
2001-03-20,35.07,18.34,26.07,0.3,26.53,4.826044437888858,5.8162690071622
2001-03-21,30.13,16.32,23.02,0.03,30.79,3.447704580329193,5.084899531884023
2001-03-22,32.91,17.05,23.8,0.03,21.64,4.408089068797738,5.7739451576308385
2001-03-23,33.08,15.29,23.61,0.0,24.04,4.437951432346104,6.233075974634295
2001-03-24,32.63,16.77,23.67,0.0,17.9,4.443602158933098,6.2393128652321
2001-03-25,35.1,15.75,25.07,0.0,16.44,5.169661948917575,6.7057634245186675
2001-03-26,36.0,18.33,26.5,0.0,17.24,5.38562566945667,6.610119928117441
2001-03-27,37.73,17.62,28.09,0.0,16.25,5.969175894449093,6.067703142864265
2001-03-28,34.64,22.02,27.44,1.39,27.64,4.559031078193356,6.667390493619288
2001-03-29,34.15,17.56,24.89,6.71,36.2,4.38176476070265,6.1279856568940785
2001-03-30,30.38,17.67,22.91,0.52,46.76,3.1280747188812965,5.859081274146473
2001-03-31,31.29,16.23,23.01,0.62,36.65,3.6328369435238095,4.874126367003647
2001-04-01,32.29,14.63,23.43,0.0,32.14,3.982024322772096,5.855563644777455
2001-04-02,34.14,16.35,25.26,0.0,29.47,4.503059991525836,5.670029817022245
2001-04-03,36.3,17.01,26.54,0.0,23.84,5.311833558602545,6.082457397524988
2001-04-04,35.32,18.25,27.13,0.0,20.07,5.083051054756838,6.510085724247841
2001-04-05,37.3,16.67,27.3,0.0,18.93,5.770380392653285,5.466747522866783
2001-04-06,38.36,17.53,27.76,0.0,16.68,6.203914838430168,7.262559223227137
2001-04-07,39.65,19.07,28.52,0.0,14.43,6.749145660002565,8.176165152968094
2001-04-08,40.55,21.48,29.86,0.0,12.31,7.144058885516448,6.986596073481386
2001-04-09,41.57,18.47,30.58,0.0,10.82,7.589862450294892,7.852453998979217
2001-04-10,39.91,23.79,31.89,0.0,12.61,6.76879591074672,6.421786337856839
2001-04-11,40.32,21.66,30.92,0.0,14.02,6.90995224118604,7.9567919231612265
2001-04-12,37.53,23.53,29.9,0.66,22.0,5.573054700756891,7.26836376261746
2001-04-13,36.68,21.75,28.84,0.24,29.75,5.076579553148338,6.358446151034768
2001-04-14,35.06,21.05,28.45,0.34,32.59,4.422413815847452,6.320853382279022
2001-04-15,36.19,23.21,29.31,6.0,36.36,4.612625332179222,5.801580948710217
2001-04-16,34.19,22.12,27.34,3.39,45.59,3.823275931323333,6.011236638597497
2001-04-17,25.76,18.31,21.54,8.19,68.79,1.572127241154651,3.4553568900878515
2001-04-18,32.12,16.77,24.27,0.02,57.68,3.2183455291909393,4.281782933312688
2001-04-19,32.21,18.82,24.96,0.95,47.91,3.3724486476076025,4.673943520798468
2001-04-20,31.36,16.76,23.82,0.0,52.72,3.143609730297559,6.798800674194698
2001-04-21,35.52,17.58,26.23,0.0,36.32,4.68620489949143,8.23270439802098
2001-04-22,38.76,18.01,28.1,0.0,28.25,5.987300055537101,8.840711738854422
2001-04-23,40.79,19.4,30.43,0.0,21.71,6.907335823761657,8.543236183360172
2001-04-24,39.53,24.01,30.64,0.0,20.86,6.354645830475255,6.141521973553883
2001-04-25,41.54,23.12,31.76,0.0,24.68,6.951829034714865,8.671346858090898
2001-04-26,42.46,22.82,32.84,0.0,22.53,7.395247725649988,7.613293576963862
2001-04-27,43.74,24.46,33.84,0.0,18.13,8.135157328167786,7.135402421877777
2001-04-28,44.34,25.47,34.23,0.0,17.44,8.41905317473339,8.234444506352391
2001-04-29,44.47,24.02,34.23,0.0,16.44,8.555772417141732,9.259739715502937
2001-04-30,45.32,25.58,35.63,0.0,12.74,9.066354695710075,7.32162048031012
2001-05-01,45.58,27.65,36.51,0.03,16.99,8.881768542507123,5.99363535374842
2001-05-02,44.48,26.88,35.63,0.12,18.03,8.380384335756991,7.00724901517169
2001-05-03,44.49,28.8,35.97,0.0,15.77,8.468961728633348,7.163647570114463
2001-05-04,44.33,27.08,36.09,0.04,13.12,8.573952192201824,6.572259207254898
2001-05-05,45.52,24.86,36.17,0.0,10.18,9.275610007928908,8.150796033660926
2001-05-06,46.59,25.95,36.26,0.01,11.56,9.75059561680415,10.509885174818244
2001-05-07,44.15,27.67,35.84,0.0,14.47,8.3512820925795,11.582447738129327
2001-05-08,44.24,28.1,35.99,2.78,21.79,7.986264861612702,6.937188326061828
2001-05-09,45.53,27.57,36.43,0.0,20.89,8.69246093329987,10.2196338341274
2001-05-10,46.84,26.89,37.07,0.0,15.61,9.68231929889104,12.22020088878437
2001-05-11,47.64,26.84,38.09,0.0,11.84,10.304389163344064,8.975336982009845
2001-05-12,47.03,26.87,37.26,0.0,13.45,9.809384775914483,9.173803591247779
2001-05-13,47.29,27.6,37.82,0.0,13.77,9.948542364873187,8.890511402706014
2001-05-14,46.57,28.55,37.96,0.0,14.44,9.477842524663526,10.82656217126605
2001-05-15,42.81,29.13,36.14,0.86,18.68,7.480094180745602,8.239705965501837
2001-05-16,40.29,25.86,32.88,6.6,36.7,5.787221676900875,9.043806888714242
2001-05-17,38.19,25.89,32.6,1.39,43.71,4.635613177365123,7.5577384864648
2001-05-18,37.48,27.25,32.37,0.15,42.02,4.464610082370422,7.16252548142944
2001-05-19,38.44,27.05,32.38,1.62,41.44,4.835197230678681,8.400915366258205
2001-05-20,36.64,26.86,31.69,4.51,47.77,3.967730544516234,5.792260789351267
2001-05-21,39.64,26.84,33.51,0.16,42.86,5.146494738420646,7.097260982481465
2001-05-22,40.1,27.77,33.73,0.2,41.28,5.433884602974418,8.259322122066385
2001-05-23,43.04,27.55,35.6,0.0,31.73,6.9588549667857755,9.770309031735463
2001-05-24,44.9,28.49,36.88,0.0,24.68,8.184393208751663,8.510936198110528
2001-05-25,45.93,29.17,37.57,0.0,18.92,8.927602011402735,9.723127279044396
2001-05-26,46.1,29.88,37.71,0.01,17.39,9.163930239389112,11.053250216645003
2001-05-27,45.22,28.73,37.52,1.68,17.76,8.630288281476734,8.00088385263253
2001-05-28,41.87,30.32,35.65,10.52,35.65,6.179457655181173,7.808432244559561
2001-05-29,37.74,29.07,33.37,6.59,47.49,4.1721041662249725,6.30281847167527
2001-05-30,40.43,28.83,34.3,2.75,45.67,5.222479089392354,7.471788374846965
2001-05-31,41.56,27.62,34.86,2.93,44.34,5.727474983740964,7.840437180958416
2001-06-01,42.73,28.42,35.61,0.37,39.48,6.371465208266273,8.910370430770376
2001-06-02,43.09,29.08,35.89,0.56,34.99,6.73511375202861,9.054111778982964
2001-06-03,42.81,29.17,36.36,0.01,33.01,6.654337183424504,8.519311925878052
2001-06-04,41.09,29.83,34.85,5.77,40.73,5.6312683870483795,7.882741163157334
2001-06-05,36.89,26.34,31.67,6.92,54.72,3.7927653809597714,6.454893199955461
2001-06-06,39.01,26.67,32.87,2.72,44.11,4.886695056885657,6.959807584595656
2001-06-07,37.41,28.27,32.0,2.14,48.37,4.1732629762843665,5.8556390961547375
2001-06-08,39.08,26.98,33.14,2.95,43.61,4.898433447798874,7.14189069842284
2001-06-09,40.54,27.53,34.57,0.0,39.13,5.544649528240685,7.188140017115082
2001-06-10,41.97,28.38,35.59,0.01,34.52,6.298090911038831,7.563583715152106
2001-06-11,42.79,28.7,35.88,0.0,31.69,6.798997258417371,8.103885924878902
2001-06-12,42.64,29.51,36.41,0.12,32.8,6.578670742299824,8.925962941738517
2001-06-13,42.11,30.43,36.38,5.6,38.67,5.988012967121302,8.525955419826953
2001-06-14,38.0,29.73,33.88,6.21,52.24,3.9123811768466954,6.150606450331631
2001-06-15,36.47,29.36,32.75,12.81,56.57,3.33371509821167,5.253472179072825
2001-06-16,38.92,27.71,33.53,5.54,51.76,4.397080033022487,6.317753651201819
2001-06-17,37.19,28.49,32.7,0.43,53.18,3.7897121501695197,4.577915553046444
2001-06-18,40.55,27.22,33.85,0.01,47.36,5.257736309225571,7.891442686854382
2001-06-19,41.0,27.8,35.02,1.09,39.47,5.661399450307103,8.069526182812618
2001-06-20,43.32,29.81,36.81,1.82,38.14,6.595651379498669,7.754117267937768
2001-06-21,42.59,31.17,36.49,1.68,40.03,6.1066280781968345,9.917022765398384
2001-06-22,41.68,30.28,35.52,1.05,41.16,5.749764566586044,7.948904721647991
2001-06-23,38.99,28.95,33.95,6.81,48.23,4.508339510714744,6.263002490446238
2001-06-24,39.79,29.69,34.81,0.05,44.92,4.89221244130448,6.353847040740017
2001-06-25,40.71,29.08,34.98,2.01,40.56,5.498661575341945,6.3906898174453515
2001-06-26,41.69,28.47,35.31,0.65,40.97,5.88945016006849,6.9619960673530725
2001-06-27,42.13,29.04,35.9,0.51,37.09,6.18332742765743,7.430732651747189
2001-06-28,43.71,31.26,37.37,0.04,33.51,6.917523385784995,7.960507976379161
2001-06-29,42.61,31.08,37.14,5.18,38.24,6.138639361589508,6.743516975865342
2001-06-30,41.01,31.47,36.22,3.15,46.03,5.086049562146105,3.2627703247381907
2001-07-01,34.2,30.16,32.19,2.96,60.02,2.5058532462889676,6.098365329260858
2001-07-02,35.84,29.15,32.71,5.1,58.28,3.0454384632023808,6.614856217986303
2001-07-03,35.58,29.34,32.39,9.7,63.89,2.7363140313914065,2.5377152292858423
2001-07-04,37.05,28.29,32.84,1.43,58.23,3.467156512013177,7.13559091110582
2001-07-05,40.02,29.41,34.89,0.36,50.86,4.629630927717404,7.026479555999178
2001-07-06,41.64,30.27,35.96,0.2,47.38,5.332776489647699,6.855139032481481
2001-07-07,38.98,29.84,34.32,16.88,55.84,4.0392249660351425,3.942191827152619
2001-07-08,34.29,27.17,30.62,3.23,64.3,2.6284405282487695,5.485678852742946
2001-07-09,40.17,26.35,33.73,2.03,51.47,4.871997844013848,6.1396693021234885
2001-07-10,41.56,30.34,35.9,0.44,47.67,5.300586122753197,5.991628505868331
2001-07-11,36.19,28.43,32.77,8.13,56.25,3.2342986651942347,6.978775803839164
2001-07-12,38.76,27.38,32.54,0.53,56.4,4.220670158533856,7.581454857703673
2001-07-13,35.29,27.65,31.26,3.58,66.1,2.734884416736968,5.6733599486087565
2001-07-14,37.84,26.97,32.31,3.76,60.03,3.739472978200148,7.502452065141789
2001-07-15,37.02,29.23,32.91,15.6,58.83,3.380884945486773,6.224212472244728
2001-07-16,35.92,27.59,31.67,11.85,66.41,2.8659652471604464,4.612912924305174
2001-07-17,38.16,28.11,33.16,0.87,56.02,3.943432680950114,5.221479495871834
2001-07-18,40.27,27.73,33.69,0.0,50.72,4.975475587051426,7.301600265418378
2001-07-19,40.99,27.26,34.18,0.04,46.62,5.399046067906445,7.018521753347586
2001-07-20,37.92,27.85,32.91,0.21,54.86,3.9360644308484884,6.7903926846395315
2001-07-21,40.29,28.5,34.36,0.36,52.32,4.768093761572842,4.655499605704918
2001-07-22,36.02,29.81,32.03,1.24,59.38,3.138082468285428,5.2094053696176745
2001-07-23,34.88,28.12,31.51,1.53,67.02,2.520027081189125,4.504082042482436
2001-07-24,35.11,29.17,31.65,14.53,66.89,2.56387478385185,4.885529935952905
2001-07-25,36.85,27.71,32.63,8.45,64.93,3.1009564540902548,5.508399768874092
2001-07-26,36.03,28.92,32.33,5.08,65.72,2.8186805251886238,4.357324242606667
2001-07-27,36.54,28.63,32.41,10.6,66.72,2.942070023065205,5.066473000930461
2001-07-28,38.62,27.41,33.03,3.14,63.12,3.810210162073183,5.689797265410017
2001-07-29,36.25,28.14,31.8,9.88,65.03,3.026497211586271,5.184732400320212
2001-07-30,33.24,25.82,29.35,8.21,70.83,2.2546576475221802,4.609978860484969
2001-07-31,37.31,26.79,31.45,0.05,60.62,3.670813962788135,6.508523224675701
2001-08-01,38.29,25.12,31.11,0.0,56.2,4.357567761857389,7.136057377285716
2001-08-02,39.7,25.24,32.35,0.03,51.45,4.886718717275935,7.124642989029056
2001-08-03,39.55,26.09,32.71,0.01,51.42,4.812597910127828,6.456782043294034
2001-08-04,37.58,27.78,32.19,1.62,61.24,3.6287375266208284,5.948617332435256
2001-08-05,37.87,27.38,32.36,1.26,61.45,3.693251204268987,5.949276565050923
2001-08-06,37.04,27.74,32.2,0.38,60.69,3.4448959984458463,6.523426456273116
2001-08-07,37.89,26.73,32.16,0.23,59.29,3.854898659301159,6.134312233703117
2001-08-08,36.27,27.55,31.9,0.1,60.55,3.2252312016750984,5.91813894774523
2001-08-09,34.84,27.63,31.04,9.19,68.59,2.533256843779525,4.131618438263918
2001-08-10,33.67,26.08,29.99,23.51,77.77,1.9705435341377329,4.442354352775436
2001-08-11,35.72,26.29,31.13,6.91,70.38,2.7554031443129072,5.8570814537853835
2001-08-12,38.52,27.88,33.1,0.92,61.01,3.829395940786002,5.431931406877936
2001-08-13,37.64,28.36,32.69,5.87,63.56,3.429577521048774,5.6918221391743895
2001-08-14,34.46,27.76,30.74,18.36,75.06,2.1839703656619207,2.671170406386808
2001-08-15,35.46,26.58,31.26,16.33,71.49,2.574830290581787,5.153295285627499
2001-08-16,35.81,27.89,31.72,6.28,68.42,2.7266296552002998,5.478186864965448
2001-08-17,36.92,27.03,32.42,4.36,63.75,3.2294081829548706,4.8502053618057035
2001-08-18,38.76,27.8,32.61,0.79,57.31,4.204313218281214,6.229730496126083
2001-08-19,38.5,24.86,31.59,0.02,56.57,4.303653561809838,5.8994323565697915
2001-08-20,37.56,25.64,32.08,0.01,55.84,3.8996246551187674,5.423435860058471
2001-08-21,39.02,26.8,32.96,0.01,53.62,4.431419492655088,5.7444263154355415
2001-08-22,39.33,26.66,32.7,0.03,51.02,4.7135434763505115,6.82976970090587
2001-08-23,38.55,26.04,31.98,0.11,52.5,4.443743298283666,6.121119383251667
2001-08-24,37.2,27.15,32.23,0.05,52.31,3.909455198841752,5.234812425009811
2001-08-25,38.52,27.02,32.65,0.0,51.8,4.3506453768332785,5.886533402843091
2001-08-26,39.31,26.53,32.49,0.03,49.2,4.812025198600881,7.059468662066738
2001-08-27,39.4,24.72,31.93,0.01,47.56,4.998502752289593,6.898901130094079
2001-08-28,40.46,24.83,32.29,0.08,46.82,5.432582467009681,6.98993389042923
2001-08-29,39.37,24.32,31.44,0.07,50.61,4.938250920923323,6.230398085931441
2001-08-30,38.75,24.21,31.45,0.16,51.55,4.657931333039195,6.133702757132871
2001-08-31,40.28,25.84,33.13,0.07,48.88,5.153892857433669,5.686849052494004
2001-09-01,40.08,28.08,33.88,0.0,45.69,5.097630316036296,6.418346179956806
2001-09-02,40.24,27.53,33.76,0.16,45.14,5.223245011343607,5.758951877397776
2001-09-03,39.95,27.53,33.69,3.64,43.82,5.166800403222872,5.899069074409172
2001-09-04,39.22,26.8,32.91,0.31,48.05,4.7735507468984295,5.691586900269432
2001-09-05,37.35,27.61,32.16,4.72,52.21,3.9628888900843857,4.851197561496241
2001-09-06,37.79,26.18,31.5,0.98,53.67,4.181049217179973,5.691065754061865
2001-09-07,38.85,27.01,32.35,0.01,45.6,4.826839389102441,5.607765968280499
2001-09-08,38.94,25.77,32.22,0.0,47.26,4.802921483881049,6.040310426639462
2001-09-09,40.21,26.65,33.18,0.05,42.5,5.440832345947442,6.168208147624768
2001-09-10,39.68,25.39,32.27,0.0,41.02,5.398507562003924,6.0419941316627375
2001-09-11,39.68,25.21,32.32,0.01,43.29,5.285839114109361,5.62755231510137
2001-09-12,39.59,27.24,32.76,0.02,41.7,5.23733689860937,5.634869068518606
2001-09-13,37.81,25.91,31.76,0.0,43.54,4.595813742719335,4.896987037407655
2001-09-14,36.17,26.35,30.77,11.84,52.29,3.745205831323002,4.915451166934388
2001-09-15,37.69,23.68,30.04,0.01,48.72,4.561998164224121,5.615766990172242
2001-09-16,36.92,22.88,29.32,0.0,46.02,4.4637887914192,5.953538780225982
2001-09-17,37.96,22.5,29.75,0.0,37.89,5.1418118589371655,6.448675622136284
2001-09-18,39.28,23.58,30.85,0.0,33.92,5.700219010633879,5.5247745049451265
2001-09-19,39.49,22.87,30.57,0.0,30.62,5.960173541831585,6.43289373854617
2001-09-20,39.26,21.37,30.54,0.0,30.99,5.832581011398682,5.455024375726139
2001-09-21,39.56,24.95,30.93,0.0,31.83,5.870595542560253,6.192950460502078
2001-09-22,39.03,22.4,30.08,0.0,34.93,5.6421530874938215,5.974435140843798
2001-09-23,38.68,22.93,29.76,0.0,30.83,5.705449381020914,5.718595122697423
2001-09-24,38.77,21.76,30.09,0.0,32.23,5.640964996442162,5.5505120772016925
2001-09-25,39.26,22.16,29.68,0.0,34.22,5.875598693389796,5.411484450060417
2001-09-26,38.93,21.7,28.85,0.1,31.77,5.872583449490856,5.743146450983296
2001-09-27,39.48,22.01,29.29,0.0,27.25,6.201652497011937,6.370948072243962
2001-09-28,39.31,19.25,29.01,0.0,27.97,6.13398661740656,5.543981470443315
2001-09-29,39.22,19.75,29.46,0.07,37.23,5.753873713579445,5.633201438917734
2001-09-30,38.52,23.21,30.34,0.03,44.73,5.031860376119359,5.34816082403331
2001-10-01,37.88,24.65,30.96,0.04,49.42,4.514006263430801,4.6986661073849145
2001-10-02,37.37,25.86,31.01,0.01,46.13,4.48177622690066,4.642598118065155
2001-10-03,37.94,23.44,30.62,0.02,41.74,4.928448153372196,4.311484079822083
2001-10-04,37.05,23.42,29.91,0.02,39.28,4.7615133764491,4.314310735074927
2001-10-05,37.83,22.6,28.95,0.02,31.89,5.397294610381222,5.621609168964093
2001-10-06,37.72,20.0,28.59,0.01,26.67,5.5996686008951135,5.277403316559962
2001-10-07,38.04,20.15,28.45,0.0,23.74,5.826410904899095,5.118765729706308
2001-10-08,38.0,19.17,28.89,0.0,25.01,5.724036959501459,4.6295832650694635
2001-10-09,38.42,21.97,29.86,0.0,22.75,5.890898172658554,4.691935066364365
2001-10-10,37.83,19.81,28.97,0.0,22.15,5.773455150323447,4.840705463748618
2001-10-11,37.53,19.17,27.21,0.0,27.15,5.581041493793544,6.421979019317492
2001-10-12,37.16,19.2,27.69,0.0,27.25,5.438337422441863,4.737036309284403
2001-10-13,35.99,20.21,27.16,0.0,25.99,5.091860002138124,4.099934211101298
2001-10-14,34.94,20.5,26.27,0.0,19.97,4.983863573780756,4.251989156119298
2001-10-15,34.75,19.84,26.67,0.0,20.69,4.871484943103979,3.630079551409948
2001-10-16,35.04,18.82,25.88,0.0,21.5,4.967914852415056,4.443799359207773
2001-10-17,35.57,18.48,25.82,0.0,16.07,5.324204945506235,5.290035804978067
2001-10-18,35.68,19.31,26.64,0.0,13.47,5.407587755850446,4.229907985327988
2001-10-19,36.34,16.54,26.09,0.0,14.55,5.604246970234106,4.714750241799039
2001-10-20,36.39,18.85,27.42,0.0,14.83,5.566739973607793,3.953800238238782
2001-10-21,35.08,18.38,25.9,0.0,18.22,5.0848195477006435,4.0844854715080485
2001-10-22,35.39,17.11,25.55,0.0,24.51,5.052401000614731,3.972074355586061
2001-10-23,35.82,20.15,26.44,0.0,19.24,5.25603997545711,4.922870548827348
2001-10-24,36.24,20.33,27.28,0.0,16.93,5.449420006875672,4.455771811670057
2001-10-25,35.98,20.5,27.04,0.0,16.47,5.370883096225609,4.120321803640891
2001-10-26,36.43,20.53,27.72,0.0,16.83,5.50222822157519,3.6822208228140627
2001-10-27,35.48,17.23,26.66,0.0,21.14,5.099124452603291,3.9242831204210535
2001-10-28,32.91,16.62,25.48,0.0,23.04,4.319607082530931,3.492156283647958
2001-10-29,33.1,16.41,24.43,0.0,30.36,4.206011741534235,4.000011415871482
2001-10-30,33.6,16.93,24.77,0.0,27.78,4.3892415901636435,3.6934710918360554
2001-10-31,36.16,20.6,26.88,0.0,20.96,5.2977457153750995,4.0037616608415645
2001-11-01,36.22,19.48,27.23,0.0,20.24,5.330829900598365,3.7289591855296793
2001-11-02,36.66,18.2,26.93,0.0,19.99,5.507554631728709,4.969899912618476
2001-11-03,35.47,18.22,25.29,0.04,21.49,5.1127406091744625,6.2299800687662055
2001-11-04,32.09,16.79,22.98,0.01,20.02,4.283874207886449,4.6752909234426605
2001-11-05,30.84,16.2,21.88,0.0,16.01,4.056774943744833,4.042619303152795
2001-11-06,31.78,16.26,22.26,0.0,17.08,4.264132547725588,3.80947784550257
2001-11-07,30.1,16.04,21.38,0.0,25.69,3.663298849024072,3.4664489187727567
2001-11-08,29.92,14.55,20.54,0.0,22.5,3.7195671499978933,4.1325467335401385
2001-11-09,31.0,13.35,20.55,0.0,19.35,4.0597603690944695,4.7591179380118405
2001-11-10,30.34,15.68,21.39,0.22,17.3,3.9088456383518735,3.4179558485396484
2001-11-11,30.23,13.98,20.73,0.0,18.1,3.8736872159442766,4.119283833906387
2001-11-12,31.39,12.55,20.62,0.0,19.94,4.145506601535022,5.557747721967133
2001-11-13,32.32,11.26,20.78,0.0,18.48,4.4338134576316595,4.752516006191004
2001-11-14,31.69,14.23,22.64,0.0,16.05,4.251576068831304,2.72951837671421
2001-11-15,31.2,11.81,21.52,0.0,19.93,4.079026135713978,3.3470007207604664
2001-11-16,30.98,12.19,21.4,0.0,23.44,3.9470465333865263,3.5053747094787124
2001-11-17,30.85,15.22,21.44,0.0,20.76,3.9562715353670708,3.5919499814715508
2001-11-18,31.27,11.78,20.25,0.0,22.49,4.069921474979656,4.694674534717902
2001-11-19,30.27,12.34,20.56,0.0,19.28,3.8838669208534515,3.3028494670297057
2001-11-20,29.18,14.1,20.83,0.0,17.73,3.6314477489762504,2.8906596088985705
2001-11-21,29.51,14.97,21.0,0.0,17.97,3.6943900463656933,3.117435584134504
2001-11-22,29.77,14.25,20.4,0.0,20.32,3.7227849722805204,3.4694123789200972
2001-11-23,29.61,10.53,18.68,0.0,21.99,3.7168908873924935,4.552069558252233
2001-11-24,28.26,12.26,19.33,0.0,20.6,3.39743754406327,2.83276486477479
2001-11-25,28.46,11.76,18.87,0.0,21.92,3.4332042352353547,3.192741803878425
2001-11-26,27.58,12.26,18.86,0.0,21.62,3.2386378311034267,2.9478204413975884
2001-11-27,26.86,12.29,18.12,0.0,24.6,3.0512659960802755,3.16895201309941
2001-11-28,26.13,12.47,17.85,0.0,24.47,2.9096633289408884,3.320644424751934
2001-11-29,26.25,13.09,17.99,0.0,23.0,2.9540899812787385,2.7298702761885605
2001-11-30,27.38,10.27,17.24,0.0,23.66,3.2088201557396596,4.266246944366
2001-12-01,26.92,10.16,16.93,0.0,23.1,3.1281036342740687,3.8959316497163643
2001-12-02,27.91,10.15,17.61,0.0,21.14,3.3587196994013695,3.970898541224448
2001-12-03,28.56,11.25,18.69,0.0,21.46,3.465181581657785,3.6092870385962113
2001-12-04,28.18,14.22,19.47,0.0,19.96,3.3809615736597594,3.4377047436587858
2001-12-05,27.23,13.71,18.76,0.0,22.82,3.1399570088418582,3.421967351442741
2001-12-06,27.75,10.82,18.16,0.0,23.84,3.260979786171058,3.705829059328955
2001-12-07,29.0,13.73,19.65,0.0,21.61,3.5315468478953425,3.37426132323705
2001-12-08,28.69,13.94,19.2,0.03,23.24,3.440075216607092,3.4610445334592588
2001-12-09,27.75,10.43,18.79,0.0,21.79,3.3142047048323895,3.328323314607019
2001-12-10,25.33,9.37,16.17,0.0,21.11,2.8541621901929632,4.483458946992192
2001-12-11,24.88,9.36,16.25,0.18,31.17,2.5959332447290833,3.8790513090731826
2001-12-12,25.67,11.27,16.22,0.0,31.87,2.7487656290538993,3.0930828896258125
2001-12-13,26.49,9.01,16.48,0.0,23.93,3.0634743998146012,3.7395423527007057
2001-12-14,24.49,11.47,16.89,0.11,18.71,2.717833019763196,2.238527995089321
2001-12-15,21.15,11.39,14.93,5.01,51.38,1.6811660196824705,3.1355545705570225
2001-12-16,23.38,9.92,14.88,0.02,54.27,2.022241406070655,2.643051197734241
2001-12-17,22.89,8.2,14.45,0.0,53.55,1.963698216225223,2.5414092617175847
2001-12-18,23.86,9.89,15.72,0.67,52.78,2.073136985056296,2.7902978341633378
2001-12-19,24.12,9.79,15.34,0.01,57.12,2.0806757232193105,2.4577288634838963
2001-12-20,23.42,7.37,13.75,0.0,44.14,2.2618551944998964,3.3873129838034357
2001-12-21,23.01,7.03,13.55,0.0,34.57,2.311925264389936,2.9771476583699976
2001-12-22,22.23,7.56,13.65,0.0,30.91,2.225936514088046,2.3621993098248084
2001-12-23,22.28,8.25,13.25,0.0,29.24,2.2601508832682624,2.6282656119365453
2001-12-24,22.41,7.14,13.5,0.0,28.26,2.291786225262092,2.4701351416666735
2001-12-25,23.23,9.02,14.95,0.33,28.17,2.3869185228914143,2.0721268632403573
2001-12-26,22.37,8.55,14.01,0.0,33.11,2.199330408826869,2.5432118642278856
2001-12-27,20.81,8.49,13.29,0.0,34.01,1.9577993101988624,1.851479375736075
2001-12-28,19.41,9.42,13.36,0.0,34.72,1.7276027330366703,1.5258643155377054
2001-12-29,21.49,7.44,12.7,0.0,35.33,2.067714504918621,2.3729730483450564
2001-12-30,21.96,6.16,11.87,0.0,33.6,2.1950640310299785,2.814638466062984
2001-12-31,21.03,5.75,11.84,0.0,39.38,1.975779108885677,2.506490694879517
2002-01-01,22.67,7.47,14.2,0.0,31.11,2.2825517726897546,2.017502662054214
2002-01-02,22.43,8.68,13.91,0.0,28.67,2.270928133209818,2.4724656141460026
2002-01-03,22.35,7.52,14.3,0.0,29.53,2.242826223977996,2.4906658145023393
2002-01-04,22.91,8.88,15.16,0.0,26.99,2.3440083167841563,1.8639647371064443
2002-01-05,22.51,10.14,14.65,0.0,27.27,2.2888084161695206,1.7903053097569608
2002-01-06,21.42,8.65,13.35,0.0,29.1,2.119389430488374,2.1609540829340186
2002-01-07,22.18,7.28,13.34,0.0,32.59,2.1982361491496647,2.7171629831967845
2002-01-08,23.21,6.32,12.89,0.0,32.69,2.3896905090002583,2.9995142530976087
2002-01-09,23.15,6.43,13.42,0.0,29.15,2.4106419105779313,2.7143077383503185
2002-01-10,22.88,8.43,13.34,0.0,27.48,2.3839697991074065,3.16034062996428
2002-01-11,24.55,5.47,13.49,0.0,31.63,2.6271931783395868,3.9323977703325625
2002-01-12,27.14,7.37,16.63,0.0,32.77,3.012225632909504,3.737879212033397
2002-01-13,24.82,11.08,17.49,0.03,32.82,2.506982525939778,4.098441220424917
2002-01-14,23.08,10.39,16.08,0.49,36.11,2.202411491335308,4.241212965109927
2002-01-15,18.68,10.41,14.83,1.14,64.42,1.0942181522183918,2.589668089351103
2002-01-16,20.65,8.79,14.04,0.0,74.85,1.2774182158054308,1.9857049674302727
2002-01-17,19.64,9.69,13.92,0.03,62.44,1.3260173802250756,1.687711008314993
2002-01-18,20.69,9.29,13.77,0.02,46.7,1.7528675002158112,2.3027385264861167
2002-01-19,21.31,8.21,13.8,0.02,42.74,1.8921312918553774,1.9118535421423695
2002-01-20,20.76,7.39,13.22,0.0,40.26,1.909346386158239,2.1889511334963068
2002-01-21,21.55,6.22,12.87,0.0,45.39,1.9338216285033438,2.3499735859232653
2002-01-22,21.03,6.31,12.69,0.0,44.01,1.883896634787864,2.505985222677645
2002-01-23,21.63,6.55,12.67,0.0,34.28,2.1206134637180893,3.0577007251528023
2002-01-24,23.14,5.49,13.51,0.0,25.83,2.4560266484540243,3.513215912371945
2002-01-25,22.36,7.35,14.38,0.15,28.96,2.233676412573813,2.6396771045710765
2002-01-26,23.07,9.58,14.53,0.09,29.75,2.369142379005999,2.6645706955455584
2002-01-27,20.93,7.54,13.64,0.07,41.81,1.896381544960722,2.13145142621296
2002-01-28,21.43,5.63,12.52,0.28,34.95,2.108012415622108,2.706392537495462
2002-01-29,21.87,6.5,12.61,0.0,21.96,2.3182127252051754,3.2044255964339605
2002-01-30,22.42,6.42,12.5,0.0,21.69,2.4084942926234394,3.375888806620456
2002-01-31,22.93,4.68,12.96,0.0,19.13,2.5214523801040483,3.293850707655356
2002-02-01,24.85,6.49,14.0,0.0,17.74,2.8678378788677006,3.4948610152699753
2002-02-02,25.2,8.65,15.06,0.0,18.88,2.894327705238883,4.131564554190279
2002-02-03,23.64,4.52,12.62,0.0,28.86,2.547373417622906,4.220776479930268
2002-02-04,24.52,3.62,14.21,0.0,17.98,2.8115262703078607,3.5062149330289474
2002-02-05,24.88,7.24,15.82,0.01,16.54,2.85858661130124,3.5189365547638816
2002-02-06,25.31,8.42,15.68,0.0,34.86,2.6898913054415936,4.231530606947141
2002-02-07,23.48,6.16,13.49,0.0,22.55,2.587442247497859,4.38418393439589
2002-02-08,22.35,5.32,11.76,0.56,20.98,2.447198277620723,3.8472347386867676
2002-02-09,20.36,1.76,9.67,0.53,34.48,2.0435440783368493,3.3221349983513684
2002-02-10,22.94,1.97,11.34,0.0,23.24,2.5176007353940775,3.6581167415026643
2002-02-11,15.87,7.01,10.62,15.56,61.04,1.094566127261099,1.7720311640286401
2002-02-12,20.8,6.1,12.66,1.94,74.11,1.4226690348456854,2.0046906796319885
2002-02-13,24.02,5.76,13.74,0.07,49.67,2.2913974642780626,3.7489500154698674
2002-02-14,25.29,5.2,14.41,0.0,33.75,2.7262964683513737,3.9180830827417914
2002-02-15,24.88,6.7,15.55,0.0,33.55,2.610331716442197,3.717052422985428
2002-02-16,27.97,11.08,18.82,0.0,29.73,3.181384797875262,3.37952124659528
2002-02-17,27.86,11.43,18.25,0.0,36.69,3.052623908290941,3.8468747667920127
2002-02-18,28.83,10.73,18.96,0.0,37.78,3.2156894689040256,3.610246537022637
2002-02-19,29.49,11.28,18.95,0.0,33.51,3.4552233504814676,4.702512379459152
2002-02-20,27.81,12.83,19.43,0.0,29.98,3.1117795502613346,3.3982687658310557
2002-02-21,29.75,12.33,19.58,0.05,32.51,3.499362748253428,3.76537950792291
2002-02-22,27.03,13.14,19.03,2.08,46.49,2.6069748710457845,3.891660473099271
2002-02-23,25.7,12.61,18.7,1.03,61.19,2.046064551677079,3.276991728311421
2002-02-24,27.83,12.21,19.24,0.53,49.19,2.726975263955774,3.917719787425765
2002-02-25,25.59,11.09,18.59,1.04,43.33,2.437313883531264,3.3222293224792265
2002-02-26,24.75,11.88,17.26,0.22,40.67,2.3604509207971596,3.6765551522248203
2002-02-27,26.22,9.74,17.24,0.0,42.83,2.6324465808541437,4.3624997053464
2002-02-28,29.04,9.75,19.89,0.02,35.47,3.2878113462808534,3.7532070572086207
2002-03-01,27.34,13.84,19.65,4.35,49.72,2.582439122970558,3.2467372197735083
2002-03-02,23.63,13.45,16.9,3.51,68.18,1.6645830912206516,2.493066727555413
2002-03-03,26.13,11.88,17.9,0.0,49.59,2.4522490319706556,4.112677907691477
2002-03-04,28.26,9.27,17.82,0.0,36.17,3.193975124296364,5.246878579392833
2002-03-05,29.63,9.88,18.8,0.0,29.3,3.603356396392623,5.080718577595821
2002-03-06,30.44,10.2,19.59,0.0,25.77,3.843123848462576,5.097266290266712
2002-03-07,27.64,14.71,19.63,0.0,22.89,3.215796985485773,3.5622769591494703
2002-03-08,28.97,13.48,19.69,0.02,30.79,3.3712938025689234,5.227174314308038
2002-03-09,30.03,13.94,20.93,1.72,34.63,3.473024967112143,5.396854684592251
2002-03-10,31.1,14.92,21.2,0.02,37.89,3.66402101747426,5.899813926914592
2002-03-11,30.48,11.77,20.21,0.0,36.25,3.6110215680994417,5.775741536798107
2002-03-12,31.48,12.05,21.42,0.0,31.26,3.9137078318170966,5.407681857580468
2002-03-13,32.77,14.17,22.71,0.0,24.36,4.380977868737437,5.599259306909958
2002-03-14,32.09,14.93,22.95,0.0,20.31,4.252770747041976,5.3539602343089525
2002-03-15,33.4,14.12,23.13,0.0,21.23,4.614355590042123,6.054613283038272
2002-03-16,34.8,15.25,24.2,0.0,17.44,5.090234463464548,5.860964252970718
2002-03-17,36.77,16.18,25.19,0.0,17.45,5.7048081748215935,6.554300203529178
2002-03-18,37.75,15.83,25.79,0.0,16.63,6.053721707041723,6.5805819598284145
2002-03-19,38.59,18.72,27.68,0.0,16.32,6.296616517119676,6.592483980274005
2002-03-20,37.15,20.34,28.23,0.0,16.98,5.719452051447469,4.534742681751712
2002-03-21,36.49,19.76,27.19,1.2,23.57,5.299011684073732,3.9411369805640724
2002-03-22,36.37,19.67,27.22,0.0,29.88,5.088670474166991,5.182463820912674
2002-03-23,36.63,19.71,27.56,0.13,26.47,5.234227888150418,5.547635231912504
2002-03-24,37.25,18.55,28.12,0.11,25.25,5.4981479095747385,6.936422391524212
2002-03-25,35.39,17.77,25.8,1.38,29.51,4.903280387689711,7.423417639548929
2002-03-26,34.71,16.8,24.99,0.01,23.9,4.861151367834759,6.074541469805035
2002-03-27,36.62,16.14,25.66,0.0,18.93,5.613986043180788,6.137106838918208
2002-03-28,36.78,16.7,26.79,0.0,16.94,5.66632472577024,6.347076970663461
2002-03-29,37.8,18.39,27.73,0.0,14.45,6.069639451450201,6.3911212407899
2002-03-30,39.35,19.9,28.86,0.0,11.87,6.697580408751932,6.824916520693663
2002-03-31,39.06,19.89,29.22,0.09,17.44,6.399654287477901,6.298058435025285
2002-04-01,39.02,20.83,29.34,0.0,20.76,6.250306762273007,6.613234305487865
2002-04-02,37.17,18.79,27.34,0.02,18.49,5.758696368070554,6.15286610728407
2002-04-03,37.93,15.94,26.91,0.0,11.93,6.231049420851739,7.146764872232001
2002-04-04,38.11,19.28,28.73,0.0,8.99,6.329374297641489,6.060677485167266
2002-04-05,40.31,20.19,29.47,0.0,11.68,7.057584249336764,7.627870842602417
2002-04-06,39.48,23.84,30.5,0.16,14.67,6.55838179080778,6.2184804496758685
2002-04-07,38.93,23.53,30.22,1.68,20.92,6.135228704135353,5.639331718535627
2002-04-08,37.01,19.22,27.99,0.57,26.4,5.384379715984162,7.793619123500932
2002-04-09,36.55,18.58,27.54,0.04,20.66,5.427532904230899,6.926357821890438
2002-04-10,37.4,20.98,28.79,0.15,17.55,5.779893299085264,6.377720701292136
2002-04-11,39.59,20.73,30.04,0.0,12.82,6.732153573693774,6.989288485673689
2002-04-12,40.57,21.53,31.28,0.0,10.63,7.147692614420626,6.281064052077821
2002-04-13,41.31,24.68,32.2,0.0,11.58,7.381679582561444,6.0649596414758
2002-04-14,41.92,24.33,32.9,0.0,12.78,7.5669671724416805,6.932939368937488
2002-04-15,41.13,25.12,32.58,0.0,15.58,7.109054102822077,6.776453483841953
2002-04-16,40.05,25.39,32.26,0.0,17.85,6.584887095649487,6.373595325742907
2002-04-17,38.84,24.88,30.93,0.0,18.27,6.1542946940690495,6.75610168241774
2002-04-18,41.55,22.04,31.56,0.0,15.65,7.3640024501229515,8.508564767998953
2002-04-19,42.56,21.12,32.21,0.0,13.42,7.8750826719931,8.693105443519398
2002-04-20,43.74,24.58,34.33,0.0,10.46,8.442211802106122,7.094914406288092
2002-04-21,43.88,25.11,34.42,0.0,13.89,8.327266421669487,8.075617153100795
2002-04-22,44.41,24.93,35.13,0.0,13.41,8.591898587364087,7.479811968012219
2002-04-23,44.39,26.69,35.29,0.0,12.27,8.627319152353675,8.27433207120616
2002-04-24,43.03,26.58,33.82,0.92,16.19,7.876863948729051,9.444691258778011
2002-04-25,40.37,24.34,31.73,0.01,20.29,6.653030460908204,7.62246755763393
2002-04-26,38.66,20.82,29.67,0.8,25.8,5.986446198623621,9.090440800264536
2002-04-27,40.53,21.33,31.28,0.0,14.69,7.018759209135263,7.003219027114849
2002-04-28,41.44,21.45,31.26,0.0,12.43,7.476256099572659,9.177236295123139
2002-04-29,40.09,18.6,29.21,0.04,8.49,7.098945620456051,9.194785635715196
2002-04-30,41.21,20.38,31.16,0.0,8.56,7.49490377804413,7.36023279057107
2002-05-01,42.46,23.15,32.99,0.0,12.21,7.831836511193823,7.981053865006204
2002-05-02,42.72,26.31,34.36,0.01,14.26,7.783941940421807,6.8350641858614205
2002-05-03,44.04,25.82,34.78,0.0,12.96,8.444433731973731,9.665480943056744
2002-05-04,44.57,25.77,35.21,0.0,13.47,8.66290835783012,10.875972017008625
2002-05-05,45.65,25.88,36.1,0.16,13.49,9.187016053350552,8.108860709216508
2002-05-06,46.24,29.05,37.45,0.0,10.39,9.577188251900882,7.4748924234916245
2002-05-07,45.36,29.6,37.37,0.0,9.75,9.157138633651977,6.5966465179210285
2002-05-08,46.05,29.45,37.24,0.0,10.48,9.48282634617153,9.24876937947624
2002-05-09,46.8,27.54,37.33,0.0,12.29,9.771754199194847,11.096361430981897
2002-05-10,47.52,29.29,37.88,0.0,13.16,10.131577302548225,12.009557658049834
2002-05-11,48.44,26.7,37.28,0.0,7.29,10.990332794322503,12.02854691944428
2002-05-12,48.23,27.99,38.03,0.0,8.18,10.79350715884646,9.096049982092088
2002-05-13,47.08,28.69,38.39,0.0,16.49,9.593351077122483,9.439837635745029
2002-05-14,47.43,31.44,39.73,0.03,19.08,9.509918345480674,9.606624029352707
2002-05-15,45.84,31.17,38.65,1.67,20.7,8.667739138345713,7.209978176232821
2002-05-16,45.83,31.33,38.31,0.0,16.61,8.965846474885595,9.443667774163792
2002-05-17,46.83,28.08,37.68,0.0,11.36,9.850124168817885,11.725598136240576
2002-05-18,46.81,27.69,36.99,0.0,6.84,10.102751527927472,9.088126754612757
2002-05-19,45.68,28.22,36.79,0.0,7.01,9.503400523781702,11.512964403494868
2002-05-20,44.44,26.64,35.0,0.06,6.47,8.958511658549792,9.97549771262883
2002-05-21,45.32,23.35,34.91,0.0,4.83,9.465180635209954,9.9505155998655
2002-05-22,46.75,27.81,36.76,0.0,5.16,10.154676820324795,9.589688562826712
2002-05-23,46.3,29.06,37.68,0.0,12.02,9.474888068174634,10.331038128699724
2002-05-24,47.84,29.32,38.84,0.0,13.25,10.26847761481771,10.655855573006578
2002-05-25,47.04,29.08,38.39,0.02,12.4,9.922628748564332,9.139598888035936
2002-05-26,44.75,29.93,37.8,0.8,18.02,8.32962673858611,8.585022061868544
2002-05-27,45.61,30.35,38.22,0.0,18.81,8.678816416302412,7.940928009252806
2002-05-28,39.12,29.01,34.07,14.46,39.14,5.0467232947443,8.150383678154046
2002-05-29,39.88,24.78,32.35,10.54,46.79,5.286543244761277,7.51312135694183
2002-05-30,39.82,26.65,33.1,0.04,40.12,5.429168876096896,7.6742264091705
2002-05-31,41.36,27.21,34.34,0.03,27.89,6.525618669126624,7.1807575324431046
2002-06-01,42.26,27.34,35.12,0.14,26.81,6.927434744406514,6.5144449749672555
2002-06-02,41.84,27.61,35.57,0.37,26.26,6.733263722249805,6.747575420535513
2002-06-03,42.38,29.97,35.36,2.11,26.8,6.930674453449694,6.730931415421195
2002-06-04,44.0,27.7,36.12,0.03,24.33,7.776401471916397,7.8558606723151385
2002-06-05,45.35,28.87,37.15,0.14,22.96,8.454017323444392,8.105307314556745
2002-06-06,45.61,28.54,37.58,0.5,22.78,8.59954688224282,7.30135659085531
2002-06-07,45.48,30.32,37.43,2.95,25.61,8.360601133852633,7.879581665638549
2002-06-08,47.32,28.24,38.05,0.0,22.1,9.491709523445778,10.151478465607811
2002-06-09,47.6,29.35,38.46,0.01,19.6,9.724259197456806,9.083934086878847
2002-06-10,46.96,29.38,38.4,0.01,17.3,9.498648380266474,9.343774259412518
2002-06-11,46.11,31.1,39.11,0.01,17.36,9.008162482495024,7.236855902088976
2002-06-12,46.04,30.51,38.23,0.66,16.91,9.063755185899128,7.49992115807488
2002-06-13,46.32,28.91,38.17,0.02,20.66,9.063268270912518,9.387755405223931
2002-06-14,45.56,30.3,38.28,0.75,14.02,8.96053759598007,7.7428504303946895
2002-06-15,46.56,31.16,39.21,0.0,13.97,9.429514686972652,8.214128446072312
2002-06-16,45.09,32.16,38.45,3.36,21.01,8.243660979533187,6.963307766701315
2002-06-17,43.86,30.24,37.39,1.39,24.17,7.543797117389046,7.637621777676877
2002-06-18,41.54,30.79,36.27,2.16,28.15,6.352722726113742,7.225257664062057
2002-06-19,37.67,30.02,33.21,0.32,39.68,4.503677194149521,6.209246008924207
2002-06-20,43.65,30.08,36.87,0.05,30.49,7.106891375310606,8.5174737320153
2002-06-21,45.27,31.08,38.5,0.01,24.23,8.128069986089121,9.529038328636302
2002-06-22,47.09,30.54,39.18,0.0,19.96,9.364244900400557,9.249386765239407
2002-06-23,48.32,31.96,40.53,0.0,19.44,9.97248074959833,8.849908522654035
2002-06-24,46.61,33.23,39.88,0.89,23.3,8.767332669959941,7.897415013832882
2002-06-25,44.69,32.53,38.82,1.69,30.82,7.429519405222928,7.4705262344001095
2002-06-26,43.09,32.41,37.78,2.03,34.73,6.473215387177113,8.75085401742395
2002-06-27,42.43,31.65,36.82,0.08,37.32,6.12473548986033,9.608212869996319
2002-06-28,43.73,31.13,37.84,0.24,34.72,6.824142727123204,7.455165519480395
2002-06-29,44.36,32.67,38.52,0.22,31.19,7.232088059436036,7.444620130526539
2002-06-30,46.34,32.12,39.61,0.06,27.02,8.468698451809601,8.670960984793496
2002-07-01,47.21,33.59,40.15,0.0,19.86,9.345810318112168,10.457661815911676
2002-07-02,48.19,33.35,40.64,0.0,20.11,9.854468340606216,11.042683683908788
2002-07-03,47.92,33.76,40.99,0.01,22.2,9.475221452306194,10.992509807861072
2002-07-04,46.02,33.57,39.45,16.11,34.16,7.925138211762515,8.064643146525993
2002-07-05,42.91,31.59,37.27,1.16,42.24,6.109044279426401,6.285680757039644
2002-07-06,42.47,33.48,37.45,1.34,36.08,6.166105819363903,6.870908134838899
2002-07-07,42.66,32.16,37.07,0.03,33.96,6.464705888145776,8.554784238832472
2002-07-08,43.2,30.83,36.9,0.41,30.65,6.947524877906705,7.9924412018825945
2002-07-09,42.59,31.53,36.87,0.0,28.84,6.748970851046715,7.791213515463216
2002-07-10,43.54,30.48,36.99,0.09,29.39,7.1495786673020145,7.893929710235568
2002-07-11,43.69,30.42,37.12,0.03,25.74,7.433953655084499,8.232691315161672
2002-07-12,45.07,30.09,37.72,0.0,20.41,8.389890386556019,8.012020140044001
2002-07-13,45.66,30.9,37.95,0.01,20.12,8.675466407065983,11.447482706894242
2002-07-14,45.46,29.46,37.84,0.0,21.71,8.462561340693497,10.076765866506262
2002-07-15,45.62,31.77,38.55,0.0,22.72,8.426489088332097,10.417780778175752
2002-07-16,45.83,30.9,38.82,0.0,21.84,8.559097723010634,8.66839321131312
2002-07-17,46.21,33.74,39.98,0.0,20.96,8.714744518689006,7.705768921793099
2002-07-18,45.17,32.99,38.83,2.09,22.78,8.151072677767043,6.718383091612128
2002-07-19,45.86,32.27,38.9,0.49,27.4,8.227267557278955,7.772837734299153
2002-07-20,46.43,32.87,39.73,0.03,21.02,8.854678993316531,10.417082392911526
2002-07-21,44.92,34.11,38.77,0.0,26.75,7.734114547647838,9.477995198633884
2002-07-22,41.44,32.5,36.22,11.42,37.15,5.824332979750813,6.6225058053442005
2002-07-23,40.23,31.38,35.24,0.69,42.27,5.151282186795651,6.658668682437101
2002-07-24,41.92,30.32,35.63,2.65,39.39,5.958927402792257,7.508190693757817
2002-07-25,41.4,30.98,35.89,0.09,33.69,6.01608084741829,7.567181064175911
2002-07-26,42.91,30.26,36.34,0.02,32.62,6.7231247045786064,7.948471592795166
2002-07-27,42.28,31.25,36.69,2.16,35.37,6.2038544294194615,7.018565765147243
2002-07-28,44.03,31.83,37.64,0.01,31.36,7.183053463735718,7.853702521694663
2002-07-29,43.96,32.44,37.76,1.22,29.88,7.210453719697496,8.746507839583613
2002-07-30,44.1,31.54,37.56,0.04,28.6,7.381062562900916,6.988792114353836
2002-07-31,44.22,31.35,37.46,0.02,25.66,7.640013232791734,6.8233364322071735
2002-08-01,43.55,29.11,36.14,0.51,25.39,7.475896526932215,6.320348233706143
2002-08-02,44.43,28.91,36.6,1.17,25.9,7.872692707190346,6.776442036175738
2002-08-03,43.65,28.84,35.92,2.64,38.16,6.899931475234918,7.628857802152439
2002-08-04,42.3,29.77,35.31,0.24,42.0,6.033849473301158,8.862629700203499
2002-08-05,41.16,28.78,34.82,0.01,43.16,5.543052897486734,8.0097122395591
2002-08-06,42.16,30.31,36.31,0.51,38.31,6.026476665537339,7.6666050971101525
2002-08-07,39.33,29.92,35.04,0.56,42.31,4.813938010738813,6.978410240672174
2002-08-08,43.53,31.02,37.14,1.17,36.8,6.641042427018062,6.31583960302061
2002-08-09,42.76,30.96,36.86,1.83,41.26,6.0693420025721725,6.971099903762305
2002-08-10,43.34,31.93,37.63,0.3,37.45,6.464369958431494,6.440205353864084
2002-08-11,44.45,31.88,38.05,0.43,33.39,7.199591934365635,8.142030261787408
2002-08-12,38.54,28.65,34.18,22.77,52.31,4.114865503227234,4.714469129067826
2002-08-13,30.59,26.9,28.49,17.63,81.17,1.2454543769456117,3.7911637213314706
2002-08-14,35.62,26.1,30.7,4.56,67.53,2.947048978442466,5.188734892278161
2002-08-15,39.14,27.28,33.07,0.17,51.65,4.554122326609921,5.248177337167491
2002-08-16,40.49,27.53,33.48,0.02,45.65,5.335733386317166,6.412487578215228
2002-08-17,41.65,27.16,34.05,0.0,37.85,6.156633286851925,5.853523580725121
2002-08-18,42.18,26.04,34.2,0.0,38.57,6.375609271150164,6.286389261748866
2002-08-19,42.11,27.04,34.47,0.0,37.62,6.359702914502799,5.368192991985316
2002-08-20,42.98,27.26,34.75,0.05,36.22,6.827330555004707,6.7884954970862825
2002-08-21,40.4,28.12,34.05,7.63,42.54,5.384436676043307,5.40124280030414
2002-08-22,38.21,26.87,32.26,4.94,59.28,3.984680193881279,5.430028672880393
2002-08-23,38.92,27.56,32.82,1.48,52.98,4.445320952928258,6.4201446321120015
2002-08-24,38.56,27.11,32.55,0.33,53.12,4.316455468404577,6.890203584220777
2002-08-25,37.38,27.38,32.28,0.21,53.24,3.903536441754236,6.502034705721409
2002-08-26,37.24,26.8,31.83,2.37,57.86,3.692353112582461,6.776313810917169
2002-08-27,39.85,27.13,33.42,1.21,52.03,4.7618337629658845,5.270710225893382
2002-08-28,39.95,29.41,34.32,0.05,46.99,4.891798876206538,6.227547337152375
2002-08-29,40.72,28.73,34.03,0.22,47.15,5.254706118824837,6.342978797958706
2002-08-30,37.01,27.55,32.16,0.99,57.4,3.5921117909126505,5.756915489041317
2002-08-31,36.29,27.92,32.01,10.98,56.51,3.393861529474844,4.748513068385086
2002-09-01,36.63,26.51,31.36,7.88,59.1,3.495841106665911,5.591739343468465
2002-09-02,34.74,26.27,30.61,10.48,64.51,2.7583335047550834,3.9517215411498827
2002-09-03,37.19,26.38,31.59,0.21,55.98,3.8284912087794027,4.776740520001951
2002-09-04,37.89,25.94,31.79,0.08,54.07,4.157407079749749,6.143351785738076
2002-09-05,37.81,25.91,31.31,0.1,53.97,4.237467733363378,5.766732195591726
2002-09-06,37.08,24.12,30.19,0.19,55.02,4.146954858736615,6.146476315371117
2002-09-07,36.85,22.8,29.19,1.5,57.03,4.111231651875768,5.350622251769859
2002-09-08,36.44,22.44,29.12,0.46,58.36,3.894015363590911,5.73366479176595
2002-09-09,38.44,24.33,31.01,0.0,52.04,4.619299206647819,5.4279223294307
2002-09-10,38.28,23.67,30.85,0.0,47.14,4.809982532862848,5.3618566704064605
2002-09-11,38.06,23.75,30.57,0.63,49.0,4.682613242710046,5.723049506223294
2002-09-12,35.6,22.82,28.26,15.3,65.1,3.432726672020894,5.080301920604316
2002-09-13,31.29,23.88,26.68,20.36,77.78,1.8909654915373477,2.8326015707284515
2002-09-14,32.65,23.16,27.57,16.5,75.07,2.226441234725748,3.659455529407262
2002-09-15,34.67,23.33,28.91,0.17,63.65,3.098864182242955,4.507320197322557
2002-09-16,35.34,23.23,28.84,5.34,63.29,3.314590555269654,5.100176784275891
2002-09-17,35.05,22.75,28.38,5.43,63.59,3.2970605755435196,4.60045600938658
2002-09-18,35.13,22.73,28.39,1.31,62.66,3.359440331177282,4.696187956111331
2002-09-19,36.05,24.4,29.21,0.0,53.83,3.871160618481016,5.1883706700846455
2002-09-20,36.4,23.85,28.94,0.0,50.04,4.172642017989596,5.851327109363068
2002-09-21,37.1,23.57,29.37,0.0,46.33,4.519619151055052,5.452904551654702
2002-09-22,37.04,21.29,28.87,0.02,50.87,4.4232327886495515,5.135222698980443
2002-09-23,36.96,22.33,29.46,0.0,53.91,4.2332263475171175,4.663513366981821
2002-09-24,37.1,22.03,29.06,0.0,48.51,4.500056923918153,5.0657808540341085
2002-09-25,37.14,21.37,28.38,0.75,45.48,4.699148500952997,5.343078536928617
2002-09-26,37.53,22.12,28.52,0.0,41.65,4.975097918667494,6.136869827112937
2002-09-27,36.8,22.51,28.47,0.0,39.33,4.793081160144171,5.399803830989483
2002-09-28,37.84,21.02,28.48,0.0,39.98,5.150226778253604,5.094725804828867
2002-09-29,37.69,22.26,28.51,0.0,36.94,5.2044137347467565,5.410651249452769
2002-09-30,37.55,20.94,27.82,0.0,35.26,5.301582677688967,5.766567879441044
2002-10-01,37.93,20.65,28.02,0.0,31.81,5.524028513729447,6.062684450280467
2002-10-02,38.37,21.48,29.06,0.0,29.53,5.683488912455601,5.724175105589617
2002-10-03,38.5,22.97,29.27,0.0,27.16,5.801362807277597,4.868210235647198
2002-10-04,38.61,22.13,28.79,0.0,28.67,5.827925873370253,4.995201823013877
2002-10-05,38.43,19.47,28.29,0.0,30.94,5.740019953823442,4.741026124147312
2002-10-06,37.06,19.51,27.39,0.0,34.56,5.143406387121452,5.080826287638286
2002-10-07,37.73,19.92,27.78,0.0,37.41,5.266537448240495,5.149918626746836
2002-10-08,36.62,19.85,27.78,0.0,39.57,4.7837136090470205,5.013348443943094
2002-10-09,36.06,19.89,27.53,0.0,40.49,4.555242673006254,4.532760982170593
2002-10-10,35.57,21.02,27.43,0.0,49.77,4.070382439984248,4.571686073390199
2002-10-11,34.09,22.1,26.97,0.0,52.17,3.5645205224286887,3.8781547029547028
2002-10-12,34.43,20.86,26.77,0.02,54.94,3.6180106296981984,4.655130045037306
2002-10-13,33.43,20.57,26.1,1.38,60.11,3.2260443738736155,4.903451596940762
2002-10-14,33.17,20.15,26.41,0.08,53.17,3.3386312777691525,3.8370884755686983
2002-10-15,34.08,20.52,26.52,0.0,46.81,3.806588069507961,4.04121886137377
2002-10-16,33.62,19.08,26.29,0.0,43.35,3.8051792717637216,3.8472656172221305
2002-10-17,34.49,20.26,26.56,0.0,39.28,4.174194301632621,4.015746942400774
2002-10-18,34.04,21.01,26.63,0.0,37.91,4.071534802113295,4.079126077559437
2002-10-19,34.84,20.78,26.77,0.0,35.62,4.409483805538245,3.738590294117797
2002-10-20,34.26,18.38,25.38,0.0,37.94,4.25333450877111,4.048382622960269
2002-10-21,34.86,18.13,25.47,0.09,36.13,4.5014251860276175,3.9936499581083367
2002-10-22,31.81,19.27,24.54,0.01,38.98,3.5551259151965926,4.213802653178114
2002-10-23,31.68,18.44,24.51,0.0,34.47,3.684678248229182,3.1848069721426544
2002-10-24,30.89,17.52,23.2,0.0,37.94,3.4376387516544615,3.708053977196764
2002-10-25,32.93,16.98,23.82,0.0,36.31,4.026318953294368,4.973436000326072
2002-10-26,34.04,18.43,24.44,0.0,32.92,4.420326726716013,4.895975026662362
2002-10-27,32.87,18.99,24.5,0.0,32.58,4.06878276728436,3.982703179935106
2002-10-28,34.07,18.42,24.55,0.0,31.98,4.4455510272131065,4.1474867822120896
2002-10-29,33.75,18.03,24.33,0.0,30.06,4.4115636182941875,3.914952946436899
2002-10-30,33.25,17.86,24.18,0.0,30.98,4.248696115645403,3.938720883135922
2002-10-31,31.53,17.72,23.94,0.0,31.9,3.744141471002786,3.762115659689382
2002-11-01,32.33,16.49,24.17,0.0,30.74,3.981547378424698,3.8373802256395835
2002-11-02,32.43,18.76,24.14,0.0,33.92,3.9108772353890844,3.6745441050179664
2002-11-03,31.39,17.49,23.49,0.0,34.62,3.6646540589016574,3.5779314873432133
2002-11-04,30.13,17.76,23.11,0.0,32.21,3.419398646029574,3.280063594626878
2002-11-05,31.79,15.26,22.75,0.0,33.77,3.8402362742381486,3.534653860167075
2002-11-06,29.79,17.25,22.94,0.0,35.05,3.260346291805751,3.3615100120067187
2002-11-07,28.38,17.15,21.61,0.0,46.79,2.711651927868285,3.9277027292245092
2002-11-08,29.81,16.28,21.97,0.0,40.35,3.1889760169583594,3.184482597797616
2002-11-09,27.54,18.06,21.68,0.0,39.74,2.680751780392504,3.162556755643879
2002-11-10,30.35,16.09,22.12,0.0,42.0,3.275792028754541,4.074200313770415
2002-11-11,30.2,16.24,22.27,0.0,42.02,3.2214041546877255,4.300571863360568
2002-11-12,27.57,14.64,20.58,0.0,46.35,2.6179240549228044,3.1677612961127495
2002-11-13,28.19,15.0,20.59,0.0,43.18,2.8214658974127733,3.4640005823297186
2002-11-14,28.48,12.85,19.9,0.0,41.04,2.9967394534604397,4.046287502960187
2002-11-15,29.07,13.12,20.89,0.0,36.3,3.1783988151044373,3.2562896787163087
2002-11-16,30.4,15.79,21.66,0.0,32.34,3.566241328639477,3.817337312852708
2002-11-17,30.82,15.53,21.79,0.0,29.63,3.736559200168938,3.8236334781108874
2002-11-18,31.47,16.06,22.22,0.0,28.29,3.907052024241383,4.034454810369716
2002-11-19,30.91,15.8,21.72,0.0,28.49,3.774019239078174,3.3224200074838164
2002-11-20,30.49,13.49,20.96,0.0,25.7,3.7960329921055624,4.1971526652163185
2002-11-21,29.52,16.09,21.1,0.0,19.92,3.6633596024326396,3.2772394683072386
2002-11-22,30.05,14.39,20.2,0.0,20.32,3.817476801429573,3.9342518767247947
2002-11-23,29.76,11.91,19.69,0.0,20.57,3.7515163227998074,4.402948219145575
2002-11-24,29.94,14.87,20.71,0.0,19.1,3.7887224231289442,4.0876580557717865
2002-11-25,29.86,12.38,19.37,0.0,19.57,3.8146595066737223,4.642045961880188
2002-11-26,29.16,13.34,19.34,0.0,18.1,3.662664749366774,3.930796813257892
2002-11-27,27.58,13.09,18.59,0.0,20.93,3.2621489950121454,3.313973957313097
2002-11-28,27.18,12.75,18.22,0.02,23.02,3.1482194413293767,3.0235743538920477
2002-11-29,27.57,9.31,16.83,0.0,25.67,3.253812641062074,4.413508847020088
2002-11-30,27.43,11.15,18.09,0.0,22.07,3.2283358149968016,3.1055806115154168
2002-12-01,27.09,12.19,17.48,0.0,23.43,3.143781476992059,3.804242941154025
2002-12-02,26.09,9.33,16.95,0.0,27.37,2.9119416627181027,3.1960957707831112
2002-12-03,26.42,11.06,17.64,0.0,24.09,2.9983402366601157,2.515506630263651
2002-12-04,23.99,8.11,15.39,0.0,35.89,2.3914748850831726,3.028220993305836
2002-12-05,24.33,8.47,15.02,0.0,42.58,2.387298614086506,2.6504201483909844
2002-12-06,24.99,9.52,15.55,0.0,40.11,2.5338800663429666,3.3855163863234874
2002-12-07,25.45,9.28,15.86,0.0,32.02,2.7096533149143402,3.4321127279540296
2002-12-08,25.64,9.52,15.75,0.0,23.77,2.894904229233741,3.7094012862724632
2002-12-09,25.49,7.26,14.75,0.0,22.23,2.928613834778852,3.9998890320511085
2002-12-10,25.69,8.22,15.92,0.0,14.97,3.0417307738756354,3.2409287733675876
2002-12-11,25.41,10.62,17.12,0.0,15.13,2.958667864891181,2.9777816392898995
2002-12-12,25.0,11.55,16.05,0.0,17.11,2.864374026401843,2.97664711677204
2002-12-13,25.27,8.85,15.61,0.0,18.44,2.9079425996563635,3.592106885500686
2002-12-14,26.55,10.3,17.09,0.0,39.1,2.74980834211363,3.3725111758479245
2002-12-15,28.07,11.99,18.76,0.0,48.62,2.8105745610439716,3.328878159604954
2002-12-16,25.71,15.39,19.63,0.0,45.82,2.2829588075041394,2.0284404405340464
2002-12-17,26.58,13.0,18.6,0.0,42.5,2.6176173398678344,3.010164412566425
2002-12-18,27.27,11.7,18.74,0.0,35.01,2.9300845381895746,3.2004908370247844
2002-12-19,26.66,12.23,18.89,0.0,32.18,2.824739291094568,2.822435974072793
2002-12-20,27.95,13.36,18.55,0.0,35.01,3.0708375300415973,3.068623220416209
2002-12-21,26.57,10.59,16.76,0.0,37.79,2.8009557444766724,3.730717432135307
2002-12-22,25.5,9.25,16.57,0.0,35.09,2.659632471468479,2.9889990413962044
2002-12-23,23.66,10.24,15.84,0.0,34.88,2.310536350417346,2.650801110147772
2002-12-24,23.48,10.8,15.94,4.19,42.61,2.1439029477309828,2.6687732223352394
2002-12-25,22.25,10.25,15.32,0.02,46.31,1.9082409240101361,1.9932985197952855
2002-12-26,21.97,9.62,14.39,0.0,53.33,1.8026567142905465,2.1086313227945035
2002-12-27,21.41,7.19,13.14,0.0,57.29,1.7444819847982664,2.7161204014862865
2002-12-28,21.51,5.76,12.49,0.0,50.35,1.89250617705137,2.7871222760726395
2002-12-29,22.6,7.39,13.99,0.0,41.23,2.1255775294404193,2.278557122606134
2002-12-30,22.5,6.9,14.73,2.62,37.37,2.1353669471525176,2.2231540557955247
2002-12-31,20.47,8.83,13.73,1.56,57.39,1.5293772472966807,2.208676865242319
2003-01-01,19.54,5.13,11.78,0.54,56.57,1.5613054107229147,1.8304796640751753
2003-01-02,19.67,5.56,12.5,0.0,40.78,1.7339307365062122,1.6269594372403515
2003-01-03,19.01,6.82,11.42,0.0,42.24,1.6523186985872114,2.457010276446187
2003-01-04,19.63,3.42,10.11,0.0,48.47,1.7204168324170865,2.697701949233913
2003-01-05,20.64,2.69,11.21,0.0,45.31,1.8763493901890604,2.207049045592087
2003-01-06,20.57,7.19,12.65,0.0,38.41,1.8836289466622858,1.7149072632596003
2003-01-07,19.94,5.15,10.96,0.0,40.42,1.822912283566752,2.5141164015871347
2003-01-08,20.73,2.99,10.55,0.0,41.03,1.9567960166168485,2.72678192756328
2003-01-09,20.98,4.79,11.39,0.0,36.75,2.01932737989168,2.344031012694948
2003-01-10,20.65,3.75,10.78,0.0,37.94,1.9732378888660804,2.9994261516138048
2003-01-11,21.62,3.28,10.93,0.0,37.94,2.138872706173891,2.756216262470251
2003-01-12,21.25,5.16,11.38,0.0,29.67,2.148454586655885,2.815663076429391
2003-01-13,21.82,3.07,10.79,0.0,36.03,2.183212684422588,3.278994450310689
2003-01-14,21.38,3.21,11.07,0.0,36.73,2.097848165286096,2.862237632312681
2003-01-15,22.43,7.21,12.87,0.0,29.52,2.2969882711555187,2.345775550290197
2003-01-16,23.09,4.29,12.5,0.0,30.06,2.4149671606116745,3.0434507494133425
2003-01-17,23.71,4.37,13.25,0.0,32.69,2.48253787552397,2.9127294940591857
2003-01-18,24.1,9.65,14.89,0.0,25.83,2.585155000148477,2.8881011375091084
2003-01-19,22.8,7.44,13.28,0.0,29.11,2.3563700109149637,2.411251376054622
2003-01-20,23.65,5.29,12.62,0.0,27.44,2.5485570785749228,3.226916573739999
2003-01-21,24.38,6.58,13.53,0.0,25.3,2.6856847351316633,3.3800269153966465
2003-01-22,24.3,7.33,14.53,0.0,25.46,2.631692775852261,3.5777730568458135
2003-01-23,26.59,8.87,15.96,0.0,29.59,2.98163377309033,3.0216005237542043
2003-01-24,25.53,8.7,15.93,0.0,27.53,2.820691916683616,3.420746964020346
2003-01-25,27.3,9.64,17.13,0.0,19.8,3.262450052969609,2.8297945404119433
2003-01-26,27.35,12.29,18.44,0.32,22.23,3.1866543086283268,2.83052015459709
2003-01-27,23.66,13.15,17.15,1.54,38.44,2.1886123599244156,2.32408476264638
2003-01-28,20.72,10.51,14.71,1.55,73.02,1.2674774636589157,2.1259864615339747
2003-01-29,22.76,8.97,14.97,0.72,66.29,1.7193012127845697,2.1734405520405042
2003-01-30,18.09,10.13,13.64,3.87,66.41,1.0459869391230423,1.1001782608737574
2003-01-31,15.06,9.76,12.18,17.05,92.93,0.39311015677941397,0.7400995251410233
2003-02-01,20.24,7.35,12.88,0.06,80.66,1.2189669639821623,2.0112973379712478
2003-02-02,19.98,8.24,12.86,0.27,71.58,1.2893546671030758,2.2172956578279543
2003-02-03,22.02,5.92,12.84,3.83,61.7,1.7803100381754073,2.7040321814665087
2003-02-04,23.44,6.72,13.89,0.0,54.7,2.07581655756276,2.993999141470402
2003-02-05,24.81,6.92,14.99,0.0,43.73,2.450826685190676,3.3121369500797715
2003-02-06,24.45,9.56,16.0,0.0,36.1,2.4470705492815688,2.5813408119989645
2003-02-07,24.75,9.6,16.37,0.0,37.38,2.469866740999361,2.989128670032046
2003-02-08,23.69,9.13,15.09,0.0,39.24,2.3036727395809695,3.024618405448176
2003-02-09,23.65,6.61,13.98,0.0,39.94,2.336737986901701,3.2988892907706497
2003-02-10,24.17,6.94,14.66,0.0,38.71,2.41734405212138,2.7843833195617145
2003-02-11,23.61,9.01,15.13,0.0,39.46,2.2781699078977433,2.923494513535391
2003-02-12,24.68,8.46,14.92,0.0,40.83,2.4680542468119766,3.7233361009653634
2003-02-13,25.11,9.12,15.89,0.0,37.4,2.5692952357596215,3.8906166562421123
2003-02-14,26.19,9.84,16.46,0.0,37.64,2.7544245778147767,4.041902580641517
2003-02-15,28.22,10.62,18.43,0.01,33.32,3.2034488333440834,3.6384015355793404
2003-02-16,26.79,12.46,18.71,0.22,36.3,2.779866479229932,4.5095160441567534
2003-02-17,19.38,14.1,16.47,2.55,57.7,1.1859976725697972,3.659515966002013
2003-02-18,17.13,12.49,14.5,21.2,87.36,0.512815071566483,1.5834136200755775
2003-02-19,18.31,9.49,14.24,11.78,73.41,0.9502849111067351,2.3335379157084155
2003-02-20,22.31,7.01,13.84,0.0,56.82,1.8683620010764481,3.131818573843974
2003-02-21,23.85,6.56,14.39,0.0,57.64,2.0927309061569335,3.9827154211891416
2003-02-22,26.52,7.38,16.51,0.0,54.04,2.5439218248379083,4.046604616732452
2003-02-23,27.4,12.82,18.76,0.68,48.89,2.636253985133779,3.1101193048934155
2003-02-24,27.96,13.28,19.34,0.26,53.42,2.6400268215351415,3.9541988760357887
2003-02-25,27.94,11.69,19.1,0.0,57.15,2.5896706402830922,4.089755008367757
2003-02-26,29.56,13.61,20.57,0.0,53.68,2.919025766817981,3.910751691550385
2003-02-27,30.43,15.14,22.04,0.01,46.9,3.175727956477991,3.3450946955913627
2003-02-28,30.45,14.37,21.6,2.94,54.33,3.0349847945127184,3.992356548634937
2003-03-01,30.25,15.33,21.56,6.46,59.83,2.8548077555850604,5.035668109623272
2003-03-02,28.87,15.9,20.55,2.78,56.93,2.7344920188305624,5.361689227473035
2003-03-03,23.05,7.39,14.71,0.04,33.42,2.3585287754530526,4.843609402248864
2003-03-04,20.92,4.05,12.09,0.0,34.53,2.042306272617185,4.535276856428536
2003-03-05,24.73,3.96,13.58,0.0,39.35,2.609734961644907,4.931831108464402
2003-03-06,27.05,7.34,16.09,0.0,36.7,2.993308861051915,4.883225109468325
2003-03-07,27.75,8.96,16.9,0.0,39.33,3.0637917505195884,5.161177607066633
2003-03-08,24.46,7.7,15.76,0.0,43.43,2.3636790115408792,4.0660612894655666
2003-03-09,30.42,10.33,18.69,0.0,36.14,3.6621391050290883,4.270951685550482
2003-03-10,29.86,12.25,19.6,0.0,39.81,3.420695053713534,5.841263369644472
2003-03-11,28.81,11.13,20.26,0.0,38.83,3.1307274162179293,3.7646586557155737
2003-03-12,30.03,13.7,20.81,0.0,35.94,3.439968207462182,4.475738975583159
2003-03-13,29.49,14.38,21.1,0.0,39.59,3.214768528254445,4.347386105758116
2003-03-14,29.06,14.83,21.08,0.0,41.94,3.0455875026034307,4.361178277378312
2003-03-15,32.72,16.14,23.29,0.0,36.73,4.016573140700918,4.81307683129151
2003-03-16,31.91,15.1,22.4,0.0,37.46,3.79229555876901,5.229690466402868
2003-03-17,31.09,14.86,21.77,0.0,34.72,3.707538861300684,5.176971486698153
2003-03-18,31.16,12.38,21.1,0.0,35.58,3.759076613743796,5.492798981981697
2003-03-19,31.26,13.99,21.61,0.0,35.06,3.7542389863861088,6.051380378783924
2003-03-20,33.05,13.48,22.62,0.0,38.28,4.112395068106861,6.572881360627639
2003-03-21,34.82,15.28,24.33,0.0,35.81,4.618846903545673,6.337034631918295
2003-03-22,33.22,18.21,24.16,0.0,37.57,4.029971326846679,4.563879947998652
2003-03-23,35.21,16.98,25.49,0.0,39.8,4.502448507102796,6.092067745846325
2003-03-24,34.45,17.43,25.48,0.0,43.95,4.159492409528996,6.168141913995679
2003-03-25,34.87,18.82,26.41,0.01,39.52,4.3084466823993885,4.877655188511856
2003-03-26,34.92,18.89,25.93,0.0,38.14,4.442027940661313,5.579952947651397
2003-03-27,34.76,17.55,25.8,0.0,35.0,4.494604462955207,5.433372533951014
2003-03-28,34.19,19.45,26.2,0.38,37.35,4.181964438243263,5.145159429276178
2003-03-29,32.48,19.02,24.01,0.32,40.03,3.7761743381280306,6.770863156311797
2003-03-30,33.5,16.29,24.74,0.16,44.13,3.8989912172153782,4.650949114158251
2003-03-31,34.93,16.69,25.68,0.43,38.51,4.487341217984766,7.338457974737079
2003-04-01,36.17,17.94,26.54,0.0,35.32,4.887535826979391,7.479021945008908
2003-04-02,38.14,16.83,27.46,0.0,27.23,5.842143144291983,6.057482315134846
2003-04-03,37.32,19.44,28.04,0.06,24.5,5.5420914536177035,6.031543634015696
2003-04-04,37.38,18.91,27.19,0.02,25.1,5.66723661397987,7.365277256580115
2003-04-05,34.56,15.3,24.36,0.58,31.31,4.759722286006473,6.332513452986262
2003-04-06,35.28,14.86,24.62,0.0,23.82,5.068585474504643,7.081024567249596
2003-04-07,37.36,16.44,26.54,0.0,24.04,5.6952795268366625,7.654691156897495
2003-04-08,39.19,18.44,28.47,0.0,19.1,6.439735339838739,7.33190331473764
2003-04-09,40.37,20.3,30.18,0.0,16.31,6.912390014543584,6.521295906743486
2003-04-10,41.46,22.67,31.14,0.0,18.05,7.282510356471923,6.6849756563689
2003-04-11,41.29,22.55,31.2,0.0,19.58,7.128338838535864,7.501474813486495
2003-04-12,41.82,22.17,31.72,0.0,18.43,7.393567016277124,7.627851695926726
2003-04-13,42.18,22.17,31.86,0.0,18.73,7.476615228852234,9.02791130745544
2003-04-14,40.09,22.14,31.18,0.0,20.67,6.536925472422949,6.267630090277077
2003-04-15,39.26,23.12,30.38,0.1,25.37,6.128319183307043,8.4404041215923
2003-04-16,39.0,22.02,30.7,0.0,33.43,5.644334235665563,7.522819090697297
2003-04-17,39.51,22.76,31.05,0.0,24.41,6.19629970159796,8.051794227656044
2003-04-18,39.85,22.27,31.31,0.02,19.04,6.531217832339209,6.33943236757081
2003-04-19,38.03,25.95,31.4,1.45,22.52,5.630208393337582,8.444285741269233
2003-04-20,36.82,22.59,29.41,0.0,28.73,5.164661228533226,7.498582793440695
2003-04-21,37.87,20.61,28.98,0.0,20.05,5.876719043468025,8.9412521457472
2003-04-22,39.9,19.28,30.03,0.0,17.38,6.697941282056019,8.333552114864535
2003-04-23,42.62,22.12,32.47,0.0,15.33,7.794856602615464,8.522586972271712
2003-04-24,43.55,25.09,33.63,0.0,11.59,8.338417377821253,6.7891714538644825
2003-04-25,43.19,23.19,33.14,0.0,10.51,8.221880845161989,8.895515549088
2003-04-26,42.17,24.24,33.58,0.04,15.16,7.532261525918948,9.25707746667697
2003-04-27,40.24,25.44,32.29,0.44,20.23,6.596338351583178,8.006372861256441
2003-04-28,39.02,23.85,31.48,1.77,23.34,6.001926052592212,6.933725918505181
2003-04-29,39.98,24.87,32.03,0.0,18.56,6.550478809967289,6.460430981922965
2003-04-30,41.15,22.86,32.28,0.0,22.57,6.835895038226817,7.603422092355783
2003-05-01,42.63,24.48,33.53,0.0,22.17,7.4224621322265385,10.552408955384966
2003-05-02,43.07,24.56,33.7,0.0,14.33,8.011143698288697,13.111038891990692
2003-05-03,36.59,19.31,27.64,0.0,6.65,5.885614584717884,10.974530249709275
2003-05-04,36.97,20.57,28.12,0.0,7.46,5.982239596384529,6.591312812589777
2003-05-05,37.63,19.08,28.49,0.0,8.79,6.16391111841118,6.501042859114314
2003-05-06,39.08,21.36,29.94,0.0,8.84,6.669311222327648,7.149734183349246
2003-05-07,39.7,21.76,30.77,0.0,10.2,6.839238365190711,7.941225708137644
2003-05-08,40.39,24.27,32.54,0.0,8.18,7.13645303104691,7.869459609116657
2003-05-09,42.09,25.96,33.95,0.0,7.59,7.844253004054295,7.302672594461185
2003-05-10,43.05,26.0,34.67,0.12,9.24,8.180136825625652,6.107166695287001
2003-05-11,42.59,25.35,34.24,0.03,11.59,7.864133744411272,7.096842926223772
2003-05-12,43.09,25.93,34.86,0.0,9.81,8.149681958372005,9.210965466246902
2003-05-13,43.05,27.05,34.9,0.07,9.35,8.168110322363324,7.6829118613194725
2003-05-14,42.45,24.37,33.98,0.34,10.44,7.884675417711722,7.2491864511864765
2003-05-15,42.45,25.63,34.12,0.02,11.01,7.83159028229765,9.567361650804218
2003-05-16,43.2,24.24,34.17,0.0,10.03,8.22342069020834,10.553256297408813
2003-05-17,44.02,25.41,35.78,0.0,10.89,8.519712312897152,7.623920103208298
2003-05-18,44.7,28.24,36.57,0.0,9.98,8.85822283383077,7.507308861588301
2003-05-19,46.03,28.57,37.19,0.0,9.74,9.516281628733374,8.755263659426097
2003-05-20,45.94,28.19,37.15,0.0,9.64,9.488118205882115,8.141885959084947
2003-05-21,45.96,30.9,38.13,0.12,11.26,9.34376570365728,8.480915644205691
2003-05-22,45.42,29.47,37.71,2.79,16.31,8.830724004652424,9.208562492362164
2003-05-23,40.14,29.68,34.53,5.39,33.1,5.684427777068935,8.76780776569465
2003-05-24,40.54,28.23,34.08,0.22,31.99,6.001247734000505,5.697679295996728
2003-05-25,37.92,26.94,32.59,0.49,27.68,5.299926988146639,6.870784335039272
2003-05-26,41.18,28.44,34.45,0.0,24.31,6.587617792978848,8.179587161076158
2003-05-27,43.21,25.99,34.73,0.0,19.27,7.759324093622214,9.388279734173251
2003-05-28,42.99,25.77,34.21,0.0,11.63,8.110782192309935,9.616629767346792
2003-05-29,43.8,24.73,34.66,0.0,12.29,8.389607056054706,10.403890245075681
2003-05-30,44.98,26.09,35.94,0.0,12.66,8.883976759916171,11.315810038586486
2003-05-31,45.56,27.84,36.93,0.0,12.97,9.104656110964399,9.344953477338377
2003-06-01,45.55,29.4,37.5,1.39,16.22,8.89085784131802,10.178602297955223
2003-06-02,46.58,28.77,37.99,0.0,13.92,9.565246135851488,10.050424992350278
2003-06-03,47.78,30.47,39.23,0.0,12.33,10.22648627399018,10.548987969699871
2003-06-04,49.19,31.11,40.13,0.0,13.48,10.94714131105627,11.844306699140565
2003-06-05,48.36,31.29,40.23,0.0,9.03,10.759911466551864,8.998933441832275
2003-06-06,48.31,31.53,40.03,0.01,13.63,10.481005593906431,10.699438464853547
2003-06-07,48.01,31.15,40.03,0.0,17.31,10.07056258509798,11.45191810765819
2003-06-08,46.37,30.88,39.3,0.0,20.56,8.908817741969447,9.278891174220043
2003-06-09,44.76,32.17,38.23,0.0,23.03,7.987524932005233,10.106648788576479
2003-06-10,45.48,29.18,37.74,0.02,15.11,8.880593392985423,9.288881218253309
2003-06-11,45.68,32.1,38.63,0.07,16.04,8.875198478215268,7.925022242024984
2003-06-12,45.03,31.56,38.06,0.0,15.99,8.600222710821244,7.185663407278569
2003-06-13,45.26,30.72,38.64,0.0,14.89,8.7373442305693,7.273139803131654
2003-06-14,46.66,33.28,39.73,0.0,12.83,9.52923310203953,8.665844242619666
2003-06-15,46.96,30.97,39.22,0.0,12.83,9.722033706678253,8.67630681260292
2003-06-16,47.85,30.75,39.55,0.0,12.43,10.239981332852505,9.62008157571871
2003-06-17,46.79,31.4,39.43,0.24,16.3,9.42901660570274,6.9225720121298995
2003-06-18,40.94,31.55,35.31,8.54,33.57,5.88200232112521,6.923215596669617
2003-06-19,37.97,30.2,34.06,0.77,37.63,4.671371899346023,4.546770592572634
2003-06-20,42.52,28.06,35.79,0.14,35.54,6.473081411158604,7.044533712813325
2003-06-21,43.96,30.67,37.36,0.62,31.41,7.188908346842313,8.26975061296693
2003-06-22,44.56,30.45,37.81,0.28,27.66,7.6591237988465215,7.211455402769593
2003-06-23,40.11,31.61,35.36,8.82,37.53,5.307788688313304,5.763676208465427
2003-06-24,40.73,29.59,35.3,1.46,40.45,5.445248069471423,6.811011008419563
2003-06-25,40.84,29.63,35.61,1.62,44.5,5.246567569942244,5.461891868046391
2003-06-26,41.83,31.26,36.76,1.57,40.07,5.727723098494263,7.70542968471678
2003-06-27,43.4,32.23,37.95,1.49,36.82,6.486085043652934,7.2169875270363715
2003-06-28,38.75,32.23,35.08,1.39,41.1,4.604398685989504,6.591899411994165
2003-06-29,39.35,31.57,35.06,8.81,45.44,4.609266328698981,5.9229733944904215
2003-06-30,40.64,30.15,35.49,3.35,46.49,5.064940264654352,5.338822788432835
2003-07-01,42.68,31.63,37.04,0.4,36.73,6.294901051297355,7.1524500088582545
2003-07-02,42.69,30.7,36.88,0.9,33.56,6.509686509345865,6.359544355993215
2003-07-03,43.39,30.33,37.43,0.09,35.48,6.654883493773287,6.818338994853288
2003-07-04,43.75,32.14,37.98,2.99,36.05,6.685270240067233,7.99143328779356
2003-07-05,35.71,28.64,32.35,25.03,63.74,2.7926330006802007,4.191235256146582
2003-07-06,35.2,26.91,30.56,7.56,68.29,2.7686013027301,4.810871919358182
2003-07-07,31.3,27.35,29.27,1.76,72.92,1.6180635541692419,4.574350096388872
2003-07-08,36.97,26.26,31.66,6.14,61.37,3.5207243638351913,5.749030776082103
2003-07-09,36.47,28.02,31.92,14.82,62.45,3.21605733427456,4.497589496507602
2003-07-10,36.09,26.49,30.52,7.95,66.54,3.1829745006055803,4.853420005541808
2003-07-11,32.96,24.29,28.2,3.68,68.17,2.4638526092837996,5.960985048569199
2003-07-12,38.04,24.68,31.09,1.05,58.91,4.098122395438912,6.423358239782289
2003-07-13,37.2,27.21,31.98,0.39,61.44,3.5459284757678677,6.808620964566684
2003-07-14,38.71,27.02,33.1,0.14,55.85,4.177566110283742,6.20932478270701
2003-07-15,38.18,28.01,33.12,4.16,59.58,3.765946624990141,7.438558115731379
2003-07-16,33.07,27.98,30.31,5.43,70.96,2.011860211550447,6.082496499007245
2003-07-17,33.8,26.81,30.25,11.81,72.82,2.17092430990364,3.143811260167569
2003-07-18,31.5,27.09,29.31,34.58,82.04,1.2883479690316544,2.567511136685974
2003-07-19,37.59,26.65,31.86,0.12,67.29,3.400962155038113,5.969123946016677
2003-07-20,36.55,27.37,31.93,15.32,68.75,2.9321483491122575,6.089452821496384
2003-07-21,32.84,27.33,29.94,16.9,80.39,1.6098049633133864,3.3290955872488817
2003-07-22,35.0,26.55,30.5,9.88,74.47,2.441671205907129,5.301773411208075
2003-07-23,35.01,26.11,30.57,5.95,74.2,2.4371967037848936,5.66157909286687
2003-07-24,35.96,26.92,31.55,3.45,72.52,2.625685191142629,4.851537988266824
2003-07-25,36.6,27.72,32.06,6.27,69.38,2.9088069205371214,5.701587377422462
2003-07-26,35.3,27.12,30.83,7.39,76.32,2.369029596426533,4.990144214671388
2003-07-27,35.53,27.13,31.32,0.47,70.93,2.6405380403161267,4.143546235475964
2003-07-28,34.64,27.05,30.34,1.39,74.45,2.332647998602947,5.800506552122975
2003-07-29,32.5,26.5,28.98,0.45,78.19,1.7921491573090536,5.208375579659517
2003-07-30,36.08,25.83,30.88,5.6,70.76,2.8979864221188696,4.8181076083130945
2003-07-31,34.69,26.77,30.41,18.58,72.14,2.4265742397518664,5.049345045450093
2003-08-01,33.96,25.43,29.5,7.19,76.35,2.2069436492932337,4.160405996712895
2003-08-02,33.32,25.7,29.51,13.25,78.1,1.9363424615607805,4.921819172146259
2003-08-03,32.01,25.72,28.64,5.81,81.82,1.5745586380531038,3.9310876128675387
2003-08-04,31.3,25.13,28.25,2.55,83.31,1.4077729532184593,3.420379450021923
2003-08-05,34.04,26.13,29.86,2.81,77.14,2.138728128617718,4.658243800068716
2003-08-06,35.29,26.97,30.81,0.93,71.02,2.620351752480239,5.461770886656133
2003-08-07,35.22,26.32,30.74,0.02,72.53,2.5443309498787663,5.508351513389463
2003-08-08,36.5,27.81,32.23,0.09,66.02,2.988742851138049,5.22153081922039
2003-08-09,37.0,27.95,32.51,5.52,65.22,3.166918553879197,4.925233736633575
2003-08-10,34.9,27.46,30.27,14.07,74.18,2.4464732734983112,4.251676250574762
2003-08-11,36.33,25.75,30.72,2.58,68.74,3.113512870642034,5.712459727076558
2003-08-12,37.96,26.44,31.89,0.33,62.68,3.7616834533642254,6.032257332189813
2003-08-13,37.74,26.64,32.34,0.7,59.67,3.749821764894245,5.886986944747935
2003-08-14,38.26,26.94,32.49,0.27,57.0,4.056753127956522,5.572644329372891
2003-08-15,35.28,25.73,30.28,0.31,66.4,2.936332419878529,5.005548771059805
2003-08-16,36.04,25.59,30.48,0.54,67.87,3.0793875242976876,4.916310628383195
2003-08-17,37.4,26.24,31.81,0.06,62.02,3.606780529803813,5.876015748801212
2003-08-18,39.08,27.16,32.58,0.23,57.06,4.32888583151305,7.038827578999868
2003-08-19,35.74,27.11,31.09,0.17,61.7,3.129526084801143,5.418067470977218
2003-08-20,35.96,26.0,30.8,1.65,64.55,3.140548672177577,5.242287767240457
2003-08-21,35.79,26.15,31.05,1.58,62.84,3.124043603302883,4.732875970876125
2003-08-22,38.0,27.17,32.7,0.0,55.96,3.967906797485759,5.462849598501343
2003-08-23,38.9,27.19,32.75,0.04,56.34,4.289071194452983,6.304017515592637
2003-08-24,36.25,26.86,31.41,0.01,64.61,3.158699089468353,6.221233420815718
2003-08-25,36.96,26.57,31.56,0.13,65.59,3.3128726397181483,5.908361029693898
2003-08-26,36.87,26.51,31.34,3.95,67.51,3.235839943655373,5.8999830604707
2003-08-27,34.76,26.33,30.08,9.71,74.82,2.4238867091954934,4.916649285718787
2003-08-28,35.11,25.93,30.19,5.61,72.5,2.6279692005940243,5.190778520817286
2003-08-29,36.02,25.9,30.6,7.14,70.86,2.92578394764919,4.598031043143268
2003-08-30,34.93,25.83,30.51,14.37,72.39,2.513422282751991,3.5494544362611413
2003-08-31,35.41,26.59,30.91,11.39,69.3,2.727807979434995,4.398369188428324
2003-09-01,37.3,25.7,31.59,0.68,62.27,3.5889648085431456,5.425297969549213
2003-09-02,36.49,26.94,31.65,12.55,62.63,3.2589901534572348,5.001166541635964
2003-09-03,36.48,25.8,30.9,5.91,65.97,3.2504986664378026,4.962187772139217
2003-09-04,36.18,25.86,30.86,2.94,63.41,3.277643424177697,4.678457714754272
2003-09-05,35.38,24.77,30.2,1.21,65.09,3.049189864831029,4.597366498437464
2003-09-06,35.38,24.74,29.91,4.73,66.97,3.017921273277962,4.970739206136642
2003-09-07,33.88,24.64,28.99,5.52,70.9,2.5149098589799292,3.9804532083666624
2003-09-08,35.63,25.25,30.23,1.59,62.5,3.242870976515264,5.205704985269338
2003-09-09,37.02,25.08,31.08,0.0,53.14,3.9935563013278204,5.481517661736945
2003-09-10,36.8,24.87,30.74,0.0,53.22,3.939901694530016,4.974654322999828
2003-09-11,37.27,24.45,30.7,0.26,54.35,4.110646161159123,4.693850016936827
2003-09-12,37.29,25.3,31.12,0.15,51.63,4.131568145142976,4.227453147023295
2003-09-13,36.2,26.01,30.6,0.02,57.91,3.5392860176505554,4.02397070044689
2003-09-14,37.12,25.55,31.28,0.11,56.34,3.827410775202122,4.137508243915667
2003-09-15,35.96,25.61,30.78,4.38,62.97,3.2254667133861057,4.620923878090356
2003-09-16,36.21,25.22,30.42,0.97,63.2,3.3963261716938393,4.670054592329177
2003-09-17,37.37,24.44,30.71,0.0,59.69,3.9169023652119646,5.120674784751337
2003-09-18,38.01,24.38,30.93,0.19,58.42,4.192803081428989,5.0996998207830275
2003-09-19,37.98,23.97,31.18,0.0,57.01,4.207442018289768,4.695003144623719
2003-09-20,38.79,25.02,31.7,0.0,48.56,4.804508040402334,4.680630446668811
2003-09-21,39.02,24.33,31.43,0.05,50.9,4.857167038079108,5.117257740317232
2003-09-22,38.5,23.94,31.06,1.03,53.94,4.581015198961021,4.830333247642719
2003-09-23,37.87,23.93,30.47,0.15,57.29,4.3015706913747564,5.342142452180271
2003-09-24,34.9,24.81,29.18,0.57,65.82,3.04290806968691,5.644141089775767
2003-09-25,33.74,23.69,28.32,4.11,69.47,2.6420061215004536,4.5007586263310655
2003-09-26,34.2,22.77,28.13,0.04,62.45,3.1217435004623466,4.444336974229323
2003-09-27,35.31,22.2,28.48,1.15,48.19,3.929138780663073,4.159977687719772
2003-09-28,35.41,21.29,27.98,7.11,51.13,3.943495026477883,4.454035713587688
2003-09-29,34.12,20.71,26.55,0.06,53.15,3.6118683436006487,5.060098825317036
2003-09-30,35.67,20.7,27.04,0.0,44.0,4.379066941748995,5.341167460540764
2003-10-01,35.52,19.7,25.99,0.0,36.91,4.674195629463554,5.867057558245187
2003-10-02,34.88,18.89,25.8,0.0,37.74,4.428095291673062,5.141786585829305
2003-10-03,36.05,20.16,26.74,0.0,37.65,4.735920091312561,5.254168642009024
2003-10-04,36.51,20.21,26.94,0.0,37.63,4.904157224728134,5.332357471180127
2003-10-05,35.57,18.07,26.77,0.0,38.75,4.552736161980554,4.622294218321275
2003-10-06,34.87,18.17,25.72,0.0,48.03,4.131020712051743,4.9642436234158565
2003-10-07,34.47,18.81,26.86,0.0,49.59,3.8468640984063462,4.2582927860249695
2003-10-08,34.78,20.13,27.08,0.0,44.45,4.059837152039357,4.375771074989068
2003-10-09,35.1,20.7,26.64,0.0,43.71,4.229855263909539,4.810290743554322
2003-10-10,35.36,19.51,26.53,0.0,39.02,4.493506461426486,5.1308728198324
2003-10-11,34.69,18.5,25.52,0.0,34.31,4.50856615327075,4.956465774707966
2003-10-12,34.33,17.58,24.81,0.0,32.78,4.485901578827826,5.942688944999716
2003-10-13,34.74,16.3,24.11,0.0,33.9,4.62715388770473,5.8181337050259705
2003-10-14,34.48,17.11,24.46,0.0,34.02,4.54020090220595,5.609622082794957
2003-10-15,34.2,19.21,25.75,0.0,29.27,4.494833048016711,4.166960022572835
2003-10-16,34.65,16.33,24.98,0.36,34.74,4.531384907677413,4.172658688648807
2003-10-17,34.22,18.57,25.1,0.0,35.7,4.343723272408118,4.265749552539254
2003-10-18,34.03,19.57,25.74,0.0,31.54,4.348095512050966,4.322002860090757
2003-10-19,33.82,20.29,25.63,0.0,31.7,4.278677611735259,4.058312509346666
2003-10-20,34.42,19.5,25.48,0.0,34.11,4.415914268062864,4.26588785510151
2003-10-21,35.07,18.11,26.26,0.0,29.93,4.743124403775153,3.8197746907519194
2003-10-22,34.05,16.65,25.34,0.08,29.82,4.450138463249937,3.6840138201634307
2003-10-23,33.49,18.52,25.22,0.0,28.46,4.324182369491017,3.517202300617649
2003-10-24,33.44,15.69,24.02,0.03,33.12,4.275372719924851,3.8945286725016195
2003-10-25,32.01,15.27,23.31,0.0,43.44,3.6301758265878155,3.605563983971076
2003-10-26,31.63,16.25,23.55,0.0,47.93,3.4192156956258026,3.4844620228504066
2003-10-27,31.86,16.69,23.59,0.0,39.55,3.6290790260860177,3.4790335609800773
2003-10-28,30.79,17.51,22.4,0.0,45.84,3.2421175446288086,3.596511674733762
2003-10-29,32.33,16.86,23.26,0.0,42.34,3.7229676922264296,3.866282448318911
2003-10-30,32.57,18.91,23.59,0.0,35.38,3.9480995040445412,3.858262857204955
2003-10-31,32.34,18.57,24.0,0.0,29.53,4.032488320336972,3.79031399094755
2003-11-01,32.31,17.28,22.97,0.0,27.49,4.143099771643013,3.4571649538441496
2003-11-02,31.89,16.92,22.61,0.0,28.02,4.032680546952141,3.893892215237767
2003-11-03,30.99,16.86,23.07,0.0,27.43,3.7778017762868146,3.5237670066438334
2003-11-04,31.91,18.04,23.48,0.0,25.8,4.046918767145273,3.2220386947673663
2003-11-05,31.3,13.87,21.28,0.0,35.92,3.7328636462796574,4.4122241267366356
2003-11-06,31.71,15.06,23.04,0.0,32.19,3.8856438763649086,3.3908153246768133
2003-11-07,31.71,16.65,23.54,0.0,22.7,4.070597521816331,3.2413530826752592
2003-11-08,30.87,13.45,21.59,0.0,28.33,3.802265940131715,4.218890491353335
2003-11-09,31.16,13.78,20.33,0.0,33.18,3.8816924837729894,4.380780269424199
2003-11-10,30.17,11.54,19.29,0.0,28.11,3.708474069637366,4.676358625764295
2003-11-11,29.99,13.69,21.44,0.0,18.5,3.8068159903306795,2.7246073815599603
2003-11-12,28.39,11.16,19.45,0.0,24.19,3.365916950271683,3.4408842736681327
2003-11-13,26.49,11.72,17.74,0.0,33.33,2.8206648516834107,3.102278020034555
2003-11-14,23.23,13.79,17.13,0.0,45.55,1.9758387876717798,2.4738867489060854
2003-11-15,27.79,12.66,19.14,0.0,43.51,2.861036755260063,2.90590884810114
2003-11-16,28.28,14.02,20.23,1.38,40.84,2.9324670149400958,3.6461815179698887
2003-11-17,26.81,14.78,19.15,2.86,51.87,2.4624830348946434,4.032608710210715
2003-11-18,26.0,11.37,17.45,0.01,45.59,2.5412841946287408,2.445345571791151
2003-11-19,25.98,10.19,16.45,0.0,40.04,2.6717726561925206,4.0466008895862196
2003-11-20,25.82,8.27,15.54,0.0,35.36,2.7501197730080635,3.8383362808081984
2003-11-21,26.43,7.9,15.95,0.0,34.89,2.8981592983592916,3.8598146003991123
2003-11-22,26.46,11.99,16.76,0.0,26.9,2.980159845450301,3.4547567748585024
2003-11-23,26.06,9.93,17.06,0.0,26.19,2.9042004647848287,2.842324384249415
2003-11-24,25.99,10.94,16.69,0.0,27.46,2.8701921874384047,3.6237983098194992
2003-11-25,27.43,7.3,15.41,0.0,28.98,3.2155168634767968,4.502264603740603
2003-11-26,26.7,7.73,16.35,0.0,22.09,3.128670936889512,3.6268574498562907
2003-11-27,25.98,8.96,15.98,0.0,26.18,2.911687342114139,3.1019920939505976
2003-11-28,24.72,9.68,15.53,0.0,27.44,2.668536720114583,2.8146212104260258
2003-11-29,24.65,9.14,15.05,0.0,28.33,2.6511424212522763,2.8799661973120503
2003-11-30,24.04,8.89,14.67,0.0,26.97,2.5727825388569037,3.0863498203361033
2003-12-01,25.28,7.07,14.8,0.0,25.96,2.81924222240017,3.550793875666988
2003-12-02,26.9,10.3,16.57,0.0,22.51,3.1473001356397794,3.1821317743967725
2003-12-03,23.83,9.53,15.53,0.0,27.3,2.494879575247331,3.1192226113737984
2003-12-04,26.87,11.99,17.49,0.0,31.46,2.9428226010470055,3.385796540621272
2003-12-05,27.07,11.54,17.31,0.0,33.2,2.9607104610670514,3.3044032620863115
2003-12-06,27.82,9.53,17.01,0.0,31.76,3.1851224786824504,4.898851658222903
2003-12-07,27.62,9.16,17.93,0.0,28.63,3.165377695152231,3.789322752170616
2003-12-08,27.71,11.13,18.51,0.0,31.36,3.0859334365186317,3.9588415215072073
2003-12-09,27.13,11.97,18.12,0.03,54.29,2.5379833647735,4.640374890190086
2003-12-10,26.08,11.73,18.16,0.13,62.74,2.160062909431586,2.7535042732152557
2003-12-11,26.84,13.62,18.91,0.0,48.92,2.5397417166714797,2.176847265871192
2003-12-12,24.76,11.9,17.75,1.27,60.94,1.952026402629581,2.8919174420343263
2003-12-13,25.75,14.31,18.8,0.93,56.54,2.128649937361117,4.074379134602996
2003-12-14,25.59,11.22,17.31,0.97,61.97,2.1350893802638318,2.374729174671871
2003-12-15,23.65,13.6,17.28,5.39,66.77,1.6350387554516823,1.7031288207337107
2003-12-16,21.91,10.79,15.61,0.02,69.01,1.4610802037269222,1.9218902234975823
2003-12-17,21.68,8.76,14.23,0.0,60.95,1.6387490363268977,2.269456570189684
2003-12-18,21.32,9.73,15.0,0.0,55.83,1.6108686204374223,1.7332715779261547
2003-12-19,22.22,9.73,15.16,0.0,60.65,1.6770463278042156,1.7081495560756013
2003-12-20,22.33,8.76,14.61,0.0,59.12,1.7644117606629355,2.1413278901107957
2003-12-21,22.75,8.51,14.31,0.0,47.67,2.0390625827015914,2.3779604379567396
2003-12-22,22.05,9.96,14.96,0.0,38.39,2.0313505181169207,1.540914724242375
2003-12-23,20.54,6.59,12.94,0.0,43.72,1.797397765289392,1.9829238020054196
2003-12-24,21.41,6.2,12.67,0.0,48.99,1.8670946061108395,2.642185064987491
2003-12-25,21.18,6.27,12.95,0.0,44.77,1.9109117887027116,2.251856038784198
2003-12-26,17.37,7.82,12.05,0.0,41.53,1.4125396670451174,1.763297290822852
2003-12-27,19.95,7.45,12.58,0.08,47.56,1.6590231321469902,2.253304450634701
2003-12-28,20.02,4.97,11.14,0.0,50.36,1.7214298947141793,2.693092291102166
2003-12-29,20.65,3.78,11.12,0.0,42.28,1.924696131841638,2.6581267474566532
2003-12-30,21.2,7.18,13.19,0.0,31.46,2.0675502831739268,2.1398466545713535
2003-12-31,21.76,7.97,14.08,0.0,28.25,2.171027865868573,1.902006975012704
2004-01-01,21.3,5.25,12.46,0.0,35.81,2.042480855947096,2.443496296675877
2004-01-02,20.71,5.97,11.44,0.0,42.61,1.895391909835906,2.2463419211180806
2004-01-03,19.1,5.19,10.42,0.0,51.4,1.6139831664951274,2.25660644989114
2004-01-04,17.18,3.55,9.16,0.0,48.31,1.43874721969065,2.294875194148504
2004-01-05,17.74,6.36,10.36,0.0,39.66,1.5459549663210541,1.8213570663258947
2004-01-06,20.87,5.94,12.04,0.0,44.38,1.8817216602890472,2.9536044843144342
2004-01-07,22.11,4.58,11.89,0.0,50.61,2.036537843563325,3.155191307855007
2004-01-08,22.49,4.86,12.46,0.0,39.07,2.2168579335704313,3.2992479470987877
2004-01-09,23.48,7.23,13.55,0.0,42.17,2.2754403293444616,3.6694702033445172
2004-01-10,23.42,8.44,15.27,0.0,45.89,2.1323984716764803,2.3363569490801614
2004-01-11,24.75,10.8,16.3,0.0,42.87,2.3685052652486194,2.892691597828702
2004-01-12,25.7,10.37,16.8,0.0,39.49,2.6066812223173383,2.5784229445437146
2004-01-13,22.98,8.41,15.23,0.0,47.49,2.025387698660563,2.285366463399207
2004-01-14,26.23,8.79,15.97,0.0,42.13,2.7138011260783514,3.5313500281539136
2004-01-15,26.74,10.4,17.79,0.0,36.53,2.8324837720683704,2.936250501411352
2004-01-16,25.16,12.25,17.38,0.0,36.44,2.502488706481797,2.9526033548950497
2004-01-17,24.43,11.31,16.05,0.98,54.17,2.120200408686116,3.711419295244674
2004-01-18,21.48,9.82,13.94,0.19,59.0,1.6717750577665282,1.8110585797682264
2004-01-19,20.98,8.48,13.89,0.0,54.36,1.6820679989852567,2.245531904996797
2004-01-20,22.04,8.69,14.71,0.01,43.38,1.9641965349781882,2.0545866820741736
2004-01-21,14.3,10.28,12.24,7.81,76.09,0.5550312344585469,1.3090700016885537
2004-01-22,15.87,9.17,12.04,11.38,87.68,0.5793889297841208,1.4111972860164441
2004-01-23,19.4,7.79,12.75,1.63,75.87,1.1822521143033498,1.6580646808858759
2004-01-24,19.63,6.18,11.48,0.0,66.6,1.4482277172778786,2.332755043713785
2004-01-25,19.35,7.35,12.12,0.0,52.46,1.5346193070865355,2.178509789713107
2004-01-26,19.9,6.77,12.33,0.0,48.15,1.6642875677136124,2.4490823002838766
2004-01-27,20.93,5.39,12.22,0.0,48.86,1.8167738658537367,2.6543250201393183
2004-01-28,18.77,5.09,11.73,0.0,47.97,1.5363360172528506,2.3102720448571175
2004-01-29,20.08,6.05,12.69,0.14,46.66,1.6997823966520613,2.1452448130878428
2004-01-30,17.44,5.82,11.06,8.8,79.3,0.9676365204759494,1.4610972802453683
2004-01-31,15.74,7.61,10.94,0.27,77.65,0.7987663738411939,1.4097362082666223
2004-02-01,18.53,5.59,11.05,0.0,65.78,1.319948612959033,2.383224381283561
2004-02-02,20.74,3.48,10.75,0.0,51.32,1.8667628419675288,3.3614122322790774
2004-02-03,21.71,2.82,11.02,0.0,41.81,2.1049979909563494,3.6002882098499853
2004-02-04,23.05,5.12,13.25,0.0,35.7,2.326854680091996,3.3931009223294546
2004-02-05,22.67,9.27,14.38,0.0,32.83,2.246018255800278,2.839521612308717
2004-02-06,24.21,4.77,13.13,0.0,39.68,2.48765249250309,4.04832450895979
2004-02-07,24.28,4.48,13.65,0.0,37.97,2.508194950081185,3.677000875900252
2004-02-08,24.89,7.73,15.66,0.01,31.87,2.622397490662124,2.8092630780538723
2004-02-09,25.54,10.76,16.37,4.49,50.89,2.4405162663310653,4.701694497300094
2004-02-10,21.82,9.31,14.26,0.07,68.61,1.569029233644899,2.251375354208688
2004-02-11,25.66,7.93,15.55,0.06,56.01,2.3824105710806434,3.179810697607537
2004-02-12,26.68,8.29,16.08,0.0,45.55,2.7492137526598124,4.003234539597497
2004-02-13,26.57,11.41,17.15,0.0,38.48,2.78276668264718,3.5105031686058212
2004-02-14,25.99,9.3,15.95,0.0,40.24,2.693204813888002,4.144010546494521
2004-02-15,27.77,7.79,16.64,0.0,41.46,3.0137984358652297,4.362439881969895
2004-02-16,28.53,10.49,18.55,0.0,35.33,3.202052564679232,3.689522029971267
2004-02-17,28.36,11.79,18.51,0.0,38.07,3.1026604871741013,4.507953816274965
2004-02-18,28.46,12.16,18.89,0.0,40.36,3.081605748866912,5.015125356830299
2004-02-19,28.3,10.17,17.92,0.0,45.32,3.0064903817644577,3.6062428399181705
2004-02-20,28.16,10.61,17.78,0.0,37.11,3.1547775084310876,4.9210336414008715
2004-02-21,29.35,10.11,18.42,0.0,37.46,3.37007277098205,4.33279798050999
2004-02-22,29.83,11.8,19.37,0.0,36.77,3.4403275152917305,5.671361726995277
2004-02-23,29.6,9.23,18.32,0.0,37.7,3.4585208338899625,5.239668179583174
2004-02-24,31.27,10.34,19.53,0.0,31.43,3.940109656176368,5.494018762437167
2004-02-25,32.16,11.28,21.43,0.0,27.6,4.178636824151598,4.75387636197029
2004-02-26,32.49,15.14,23.57,0.0,24.18,4.248646893920534,3.950430345596303
2004-02-27,32.37,13.72,22.7,0.0,28.78,4.1206701744204945,4.953049343556109
2004-02-28,32.22,14.56,21.7,0.0,32.98,4.049962546022818,4.341531757147845
2004-02-29,30.25,12.22,20.06,0.0,31.02,3.6611972898566565,5.246435780973613
2004-03-01,29.95,10.91,19.26,0.0,32.0,3.6254253052284096,5.996269511368693
2004-03-02,31.21,9.74,19.41,0.0,29.09,3.9940653147109435,5.872357080958956
2004-03-03,31.8,10.58,20.06,0.0,27.21,4.1668224063811525,6.128915439806684
2004-03-04,31.9,11.37,21.18,0.0,23.0,4.236515400734392,4.994280783756286
2004-03-05,32.61,15.4,22.16,0.0,21.96,4.396076645714827,5.429594262448945
2004-03-06,32.91,11.56,21.83,0.0,25.06,4.430777064060154,6.603075910366184
2004-03-07,36.24,11.83,23.55,0.0,19.9,5.539472703409226,6.219698391260821
2004-03-08,34.46,16.38,24.06,0.0,19.91,4.9268727282345575,6.748065916413457
2004-03-09,31.79,14.07,21.97,0.0,31.3,3.94194957741226,5.592475283648471
2004-03-10,33.33,15.2,23.41,0.0,30.24,4.340036391369067,4.293108321318632
2004-03-11,34.53,15.21,24.26,0.0,29.19,4.6859306512138215,4.824240873718226
2004-03-12,34.89,17.17,25.13,0.0,26.92,4.798497614022664,5.2818672050740005
2004-03-13,37.36,17.13,26.19,0.0,25.68,5.641674822738288,6.3729625713768945
2004-03-14,37.3,18.2,26.65,0.0,24.69,5.605118369889813,6.233503720710232
2004-03-15,38.47,17.73,27.57,0.0,22.64,6.055308674822927,7.105114978958893
2004-03-16,39.47,18.07,27.96,0.0,21.79,6.47120194633537,7.069276891556674
2004-03-17,39.65,18.14,28.36,0.0,17.35,6.67843077806937,6.773732346155641
2004-03-18,39.26,19.96,28.86,0.0,16.23,6.499421862099365,6.453675733898833
2004-03-19,37.97,20.69,28.26,0.0,20.61,5.899235360195524,7.091578510561057
2004-03-20,38.89,17.85,28.22,0.0,15.82,6.462852160381675,8.077331624629108
2004-03-21,39.68,22.13,30.67,0.0,12.51,6.722558208135954,4.845280088133781
2004-03-22,39.21,21.29,29.77,0.0,15.65,6.4545160765134355,7.335392499991074
2004-03-23,36.85,19.23,27.8,0.0,14.12,5.759454337886298,6.131882535417529
2004-03-24,35.79,18.1,26.11,0.0,11.83,5.496466636681512,7.626550715857473
2004-03-25,34.81,15.44,24.82,0.0,13.35,5.178117431154954,5.8571805054808275
2004-03-26,34.55,16.5,25.39,0.0,14.5,5.049531994233828,6.08065628322856
2004-03-27,35.0,17.67,26.1,0.0,12.73,5.214750318395862,5.10582910167579
2004-03-28,36.27,16.8,26.13,0.0,14.92,5.561098288169349,6.583054065061965
2004-03-29,38.01,16.94,27.28,0.0,13.34,6.194524694028934,7.684062977908904
2004-03-30,38.23,18.84,28.31,0.0,10.46,6.329141802326798,6.73059648072002
2004-03-31,38.22,18.86,29.16,0.0,10.54,6.3000658987219955,6.344482527986722
2004-04-01,34.3,21.62,27.6,0.0,12.47,4.960617296517304,5.334731535992934
2004-04-02,39.31,20.62,29.66,0.0,12.73,6.621220366105279,5.408765041069464
2004-04-03,39.89,20.38,29.69,0.0,14.37,6.778743917242974,7.260586976013105
2004-04-04,39.18,20.94,29.65,0.0,17.24,6.390656834420959,6.970973646161326
2004-04-05,40.61,20.93,31.1,0.0,17.33,6.901452014307939,7.412965242307779
2004-04-06,40.68,22.66,31.58,0.0,14.23,7.030085873156101,5.431000694304007
2004-04-07,41.44,22.94,32.19,0.0,14.09,7.327401934117858,5.343819124224954
2004-04-08,41.67,24.98,33.35,0.0,13.18,7.412918998937023,5.261231140333013
2004-04-09,41.2,24.33,32.75,0.14,16.7,7.102257668204062,6.8314259121903556
2004-04-10,41.21,24.14,32.14,0.07,18.57,7.0690298996112535,6.527410645056717
2004-04-11,42.31,22.22,31.95,0.0,12.54,7.8001304573319485,7.771588354430607
2004-04-12,42.23,24.16,32.63,0.0,10.37,7.827246012439595,8.709223507574084
2004-04-13,41.92,22.63,32.41,0.0,11.34,7.637929768085105,7.270180149297884
2004-04-14,42.03,23.67,32.63,0.0,14.6,7.543715370279758,6.803709830072435
2004-04-15,42.67,22.69,32.92,0.0,9.3,8.096913377419472,8.420098470880145
2004-04-16,43.18,24.96,34.63,0.0,10.63,8.14531051239055,8.134581074804238
2004-04-17,40.66,25.19,33.06,0.0,17.08,6.821177935404801,8.640212356190231
2004-04-18,41.17,24.4,32.5,0.0,20.72,6.906507472490383,8.357688923284938
2004-04-19,42.64,23.58,33.02,0.0,16.17,7.73211209506503,7.641820553536544
2004-04-20,40.64,27.58,32.95,0.01,15.61,6.885973670029189,6.865244721090101
2004-04-21,40.92,24.75,32.69,0.01,22.03,6.7202220365429985,6.66849947202348
2004-04-22,39.12,24.96,32.03,0.43,22.4,6.031329551190814,6.5109223229233795
2004-04-23,37.59,24.11,30.68,0.71,23.53,5.48633967125575,7.779898321656146
2004-04-24,37.06,22.65,29.86,0.0,21.24,5.469410109272538,6.040714284150761
2004-04-25,39.28,21.56,31.07,0.0,23.12,6.135256557017268,6.221888990351881
2004-04-26,39.61,22.83,32.08,0.0,21.32,6.26765115237023,6.642166177871717
2004-04-27,41.79,24.96,33.61,0.0,20.49,7.103628415040185,7.572337172403933
2004-04-28,41.21,25.25,33.21,1.99,22.2,6.827936283428457,9.89597931026997
2004-04-29,38.11,24.27,31.72,3.58,25.23,5.6038520852397635,5.741079413700815
2004-04-30,28.21,17.41,22.89,24.41,67.58,1.9611297698893235,4.2893243916630395
2004-05-01,32.83,16.58,24.31,0.19,46.18,3.7403589717536905,5.552568285384271
2004-05-02,34.1,17.66,25.4,0.0,33.46,4.373605759105397,7.252022106477976
2004-05-03,37.23,17.07,27.33,0.0,31.72,5.346475604451393,7.6397508416877224
2004-05-04,38.49,20.85,29.47,0.0,26.95,5.839659469040102,7.697279216043615
2004-05-05,39.4,22.59,31.2,0.0,20.63,6.298302923165417,7.274940163850759
2004-05-06,41.73,23.55,33.1,0.0,18.69,7.2297542081966775,6.862058644308856
2004-05-07,41.91,25.29,33.54,0.0,18.92,7.276320616160152,8.24469422306094
2004-05-08,42.35,23.64,33.44,0.0,21.96,7.342155320826887,7.514801771513819
2004-05-09,43.15,24.1,33.52,0.0,26.85,7.488468090402997,7.569979031772627
2004-05-10,43.52,26.06,34.4,0.0,21.76,7.883047312153007,9.711778943480214
2004-05-11,44.6,24.21,34.59,0.0,18.68,8.488269906775999,10.269116539133801
2004-05-12,44.16,26.03,35.04,0.0,25.9,7.822787262366125,11.533070122501801
2004-05-13,44.9,28.26,36.15,0.0,28.89,8.001905338015852,10.902300943717524
2004-05-14,45.87,26.46,36.79,0.0,20.58,8.832930273334057,10.802085664820183
2004-05-15,45.85,29.45,38.09,0.0,21.67,8.632437623528988,9.885987838470369
2004-05-16,45.35,31.04,38.46,0.0,22.68,8.28862936595837,9.302233598209533
2004-05-17,45.94,32.45,38.43,0.0,16.44,8.990695253559975,10.65123845639228
2004-05-18,46.09,28.91,37.72,0.0,14.4,9.23516495907703,11.493796544743386
2004-05-19,46.74,29.24,38.3,0.0,11.78,9.75018165477344,11.449545857389358
2004-05-20,45.87,27.39,36.82,0.0,13.01,9.237241062031933,9.745515362464376
2004-05-21,46.51,27.83,37.34,0.0,11.65,9.63970986969826,10.752311163267484
2004-05-22,45.85,28.67,37.79,0.0,14.45,9.133954681145871,11.009196161292143
2004-05-23,42.16,27.93,35.32,0.21,24.21,6.944022399571063,10.834752098054635
2004-05-24,36.66,23.8,30.82,19.43,45.81,4.261964258609396,7.81026054919864
2004-05-25,39.92,25.22,33.2,0.0,32.89,5.806810761052567,6.7950688312899254
2004-05-26,39.56,27.02,33.33,8.41,38.63,5.3686180637488325,7.39585542631553
2004-05-27,40.64,27.23,34.03,4.29,37.19,5.800996260424698,5.2586518199883745
2004-05-28,40.12,26.47,33.39,1.68,39.25,5.569491988858099,6.376931791728939
2004-05-29,40.77,26.33,33.58,0.0,32.29,6.141280309786067,8.162648710520944
2004-05-30,42.92,26.29,35.33,0.0,26.87,7.178680839977155,7.326091476908233
2004-05-31,44.56,28.75,36.73,0.0,29.27,7.699393080329112,8.671265130623773
2004-06-01,43.44,29.22,35.81,0.02,26.86,7.385594628119826,8.793396130825016
2004-06-02,43.22,28.15,35.83,0.05,26.18,7.341271146691778,7.4610457585245875
2004-06-03,43.18,28.9,36.48,0.43,22.14,7.47401148793386,6.717933153742057
2004-06-04,45.33,30.13,37.75,0.07,20.08,8.547640254242863,8.159013331502901
2004-06-05,45.16,28.87,36.86,0.5,21.29,8.476580646657919,9.44656700367401
2004-06-06,44.39,29.26,36.62,0.01,20.88,8.113600373276519,8.804642766563756
2004-06-07,39.89,28.4,33.82,5.43,31.63,5.724518066531948,6.695878912638377
2004-06-08,40.48,27.41,33.92,1.43,34.79,5.817755736497249,7.367767385735878
2004-06-09,37.62,26.46,31.45,4.93,45.01,4.5261716779591215,6.707855924118473
2004-06-10,39.29,25.05,32.94,0.0,38.36,5.32642653461421,6.726587211187796
2004-06-11,41.91,28.03,35.76,0.0,29.15,6.542894758877676,6.375409527306572
2004-06-12,42.84,29.19,36.61,0.0,27.36,6.962898491492277,6.8768493307706375
2004-06-13,43.26,30.33,37.09,0.0,25.47,7.228026693645484,9.197186047053096
2004-06-14,41.04,30.07,35.57,2.31,39.55,5.561061157084941,9.501279341648655
2004-06-15,40.2,30.52,35.71,0.08,38.64,5.246209809301909,7.461339740958927
2004-06-16,43.84,31.44,38.11,0.18,31.28,7.02789671539592,6.8916521567888225
2004-06-17,42.01,30.81,36.48,6.6,43.08,5.66072950237212,8.702583283600186
2004-06-18,39.72,30.11,34.2,8.64,49.87,4.65597894641016,8.328352530581984
2004-06-19,41.89,28.84,35.26,1.32,48.43,5.599799433091233,7.100369087023541
2004-06-20,41.06,30.78,35.26,9.19,48.33,5.132775705584553,7.648752857018871
2004-06-21,42.35,30.65,36.02,1.86,42.97,5.939272688490577,7.731700238900236
2004-06-22,43.43,30.04,36.54,0.19,36.01,6.822600412592994,6.2020709520026776
2004-06-23,40.97,30.58,35.73,0.03,36.57,5.698950005206001,8.330270583618574
2004-06-24,41.63,30.41,35.41,5.31,41.33,5.803451450535999,5.4370986940816906
2004-06-25,38.04,28.06,32.92,12.5,53.28,4.090329172292296,5.988204690859976
2004-06-26,40.17,28.63,34.39,0.24,44.9,5.124607260640502,5.908154581885875
2004-06-27,40.47,28.68,34.33,0.0,39.32,5.550999778398271,7.280221212774786
2004-06-28,41.7,27.71,34.83,0.0,36.76,6.16820894258189,8.054190919947798
2004-06-29,43.71,27.98,36.15,0.0,33.56,7.089913315141403,9.647953815624822
2004-06-30,44.68,29.37,36.86,0.0,33.04,7.5606437835782,10.309200255869051
2004-07-01,45.13,29.52,37.33,0.0,30.73,7.844637430832467,9.742481863064183
2004-07-02,45.23,30.39,37.63,0.04,28.85,7.934247441393937,10.583345090379355
2004-07-03,44.67,31.53,38.18,0.14,28.58,7.6085649631812915,7.840689430286784
2004-07-04,43.69,30.88,37.3,0.2,33.63,6.930024921037619,7.932632740441847
2004-07-05,42.89,30.83,37.07,0.9,38.31,6.286367136184117,8.685257091457947
2004-07-06,44.71,32.65,38.39,0.29,34.17,7.262220139851424,8.849061843275033
2004-07-07,45.26,31.13,38.9,0.09,34.04,7.552043786100972,8.1791342167147
2004-07-08,41.28,32.93,37.05,7.3,38.55,5.501472375022285,8.45436517869292
2004-07-09,39.61,30.73,35.01,4.17,45.11,4.73514707138769,6.7973730305358755
2004-07-10,40.59,30.21,35.35,0.1,43.8,5.181167363003328,6.891021048049329
2004-07-11,40.98,31.63,36.13,3.58,39.03,5.491472486264873,7.532487150338582
2004-07-12,43.49,30.04,36.61,0.87,33.43,6.965275330207531,7.476085991765596
2004-07-13,42.79,29.95,36.02,3.35,38.35,6.426263598841263,7.261263546309411
2004-07-14,42.36,29.69,35.94,0.17,38.59,6.208111225848593,6.8798550074770715
2004-07-15,43.13,31.3,36.97,2.55,38.61,6.374492837916866,6.994500320070048
2004-07-16,38.87,30.87,34.7,12.06,50.09,4.23044884598495,5.726681978545573
2004-07-17,40.76,29.07,34.56,4.89,47.49,5.186519669002445,7.183264715957192
2004-07-18,41.84,27.99,35.1,0.06,37.06,6.223046086081224,7.956268524118672
2004-07-19,41.68,28.7,35.13,0.47,36.9,6.092229996158592,6.853463731207773
2004-07-20,42.01,29.59,35.56,0.1,34.67,6.298442500833835,6.994268507956987
2004-07-21,43.58,30.42,36.35,0.01,31.99,7.095379457032843,7.934951001206124
2004-07-22,42.77,30.54,36.62,0.05,34.23,6.521282182292705,6.768443640936266
2004-07-23,41.32,30.47,35.68,0.0,32.84,6.089927512701858,6.542119439952547
2004-07-24,43.55,28.64,36.38,0.01,32.25,7.068754912543594,7.501007972041144
2004-07-25,42.51,30.01,36.72,0.13,36.76,6.268627187985594,6.836846690580125
2004-07-26,42.79,30.99,36.86,0.3,38.9,6.25018470066923,7.926088205864617
2004-07-27,43.04,30.42,37.09,0.13,40.59,6.244496093260465,7.186985248770552
2004-07-28,42.25,31.38,36.58,0.03,40.03,5.944249493372335,7.879266873343257
2004-07-29,38.85,30.21,33.88,8.11,53.01,4.176506024545336,7.946238470825193
2004-07-30,39.63,29.18,33.84,0.15,51.39,4.614746529392974,7.640728580322557
2004-07-31,38.79,28.51,33.44,0.55,50.98,4.354886275435145,5.5802973775550875
2004-08-01,37.42,29.44,32.92,5.64,54.21,3.7548366204637573,6.73349925596967
2004-08-02,31.04,26.53,28.76,43.03,77.82,1.4410295592343663,2.4637894550463764
2004-08-03,32.91,25.78,29.14,21.81,76.85,1.9484972931365099,2.186676074961887
2004-08-04,36.42,27.02,31.55,0.26,65.08,3.183746637416033,5.663601047610665
2004-08-05,37.41,27.53,32.52,0.12,60.51,3.5155361918117287,6.338323857155254
2004-08-06,35.84,26.42,30.97,0.32,62.46,3.151847935887278,6.811021900270429
2004-08-07,37.8,27.06,32.29,0.6,61.86,3.6509318279705747,6.53307467215563
2004-08-08,37.64,28.37,32.44,2.83,64.22,3.4569890054260046,6.028325226393316
2004-08-09,35.5,27.68,30.97,1.35,68.38,2.7834625908737074,5.704486906351709
2004-08-10,37.28,26.76,31.88,0.08,60.72,3.6106116001486157,6.272032187275937
2004-08-11,37.04,27.15,31.68,7.09,62.86,3.4483287679197274,6.221102979214786
2004-08-12,33.95,26.81,29.65,5.86,71.77,2.3614980760938296,5.662476116644182
2004-08-13,34.37,26.67,30.49,5.04,67.56,2.5273108549957506,5.458485532638021
2004-08-14,37.64,26.34,32.06,0.71,61.6,3.6601395489295663,5.572065960475167
2004-08-15,39.46,27.82,33.92,0.14,55.96,4.3377857735614125,5.840329563750266
2004-08-16,38.11,27.66,32.4,6.28,64.01,3.6515692345514137,5.8002108079192
2004-08-17,31.87,26.57,29.1,14.77,79.25,1.5484037947030909,3.6003676177929362
2004-08-18,32.96,26.47,29.49,4.12,76.21,1.9165392588768455,4.626827173575412
2004-08-19,35.82,26.25,31.24,6.58,64.58,3.026928465147457,4.362859083445355
2004-08-20,33.88,26.87,29.71,1.94,67.43,2.501458647594833,4.767029968180295
2004-08-21,38.68,25.57,32.05,0.03,56.7,4.326606246694357,5.566069293525164
2004-08-22,36.89,25.83,31.3,1.37,59.39,3.6126626238061736,6.024655455828438
2004-08-23,34.42,25.46,29.84,12.66,71.52,2.512549944517253,5.355201129257957
2004-08-24,33.4,25.93,28.83,11.2,77.55,2.120565107174865,4.049244488751345
2004-08-25,31.41,24.8,28.12,11.5,79.6,1.6020491255260545,3.6229954346972906
2004-08-26,35.7,25.09,30.07,1.67,70.34,2.9413864507083733,5.5947675298032555
2004-08-27,37.97,25.07,31.47,0.0,60.58,3.9797411055665237,5.7876949361791326
2004-08-28,39.24,24.93,31.71,0.0,51.62,4.857087511706098,5.791856011615503
2004-08-29,38.99,24.68,31.48,0.0,51.47,4.776577370208531,5.773142850076417
2004-08-30,39.54,24.65,31.84,0.0,49.03,5.082875911754977,5.829025792727222
2004-08-31,39.72,24.48,31.73,0.02,43.94,5.375903410938866,6.161290921577896
2004-09-01,38.47,23.35,30.91,0.0,44.32,4.949812006741305,5.43948637809606
2004-09-02,38.59,23.91,30.8,0.0,45.84,4.959481444557407,6.018437298990368
2004-09-03,39.88,23.59,31.56,0.0,42.38,5.534533255501986,6.65997400887067
2004-09-04,39.93,23.28,31.29,0.0,38.81,5.7065038599710896,6.689212646244645
2004-09-05,40.04,22.82,31.49,0.0,37.39,5.793783810615377,6.543587530758177
2004-09-06,40.06,23.39,31.76,0.0,37.79,5.748012278632981,6.041061289909377
2004-09-07,40.73,24.85,33.01,0.0,37.06,5.951082452628413,5.914396233184211
2004-09-08,41.87,24.17,32.84,0.0,33.46,6.662898992536887,6.305752961500851
2004-09-09,40.88,23.53,31.88,0.0,31.95,6.335281144648221,6.806218472018241
2004-09-10,39.98,23.17,31.35,0.0,38.73,5.71760331265704,5.503897303331553
2004-09-11,39.64,24.47,32.1,0.0,41.11,5.399489779477141,5.553716169950894
2004-09-12,39.53,25.89,32.67,0.01,42.9,5.186543565041751,5.261016029815969
2004-09-13,39.84,26.85,33.45,0.02,41.8,5.2463649341048235,5.530981346740677
2004-09-14,38.86,27.64,33.42,0.16,41.79,4.8516305969921945,5.7313402510568405
2004-09-15,39.93,28.18,33.25,1.7,44.59,5.204988941780918,5.098626920237485
2004-09-16,37.01,24.74,30.43,0.8,56.4,3.94573588724601,5.622679881435042
2004-09-17,37.88,25.59,31.6,0.03,51.21,4.319234628177362,5.46866154214924
2004-09-18,37.79,25.49,31.41,0.0,47.89,4.437402250607725,5.040766216197178
2004-09-19,37.75,25.42,31.23,0.0,46.67,4.503957903120845,5.071459821143567
2004-09-20,38.14,24.54,31.03,0.33,44.21,4.785920662111873,5.732079236954407
2004-09-21,36.82,23.72,30.02,1.11,56.61,3.9211945596457083,6.072632899107343
2004-09-22,36.65,23.94,30.2,0.07,54.0,3.994174828819173,5.389395680435907
2004-09-23,37.6,22.59,29.58,1.64,50.12,4.59365265784776,5.362227471527454
2004-09-24,38.43,22.94,29.65,0.0,35.46,5.451846825334304,6.0291442452893245
2004-09-25,38.43,22.94,29.71,0.0,33.41,5.499574941569636,5.3559979322488935
2004-09-26,38.74,23.05,29.88,0.0,31.88,5.672259948129555,6.163698407900236
2004-09-27,39.02,23.13,30.2,0.0,30.16,5.836883287596065,6.039629858982745
2004-09-28,38.71,22.16,30.28,0.0,31.42,5.635506461803836,4.884268283644413
2004-09-29,38.38,23.97,30.66,2.11,39.22,5.137371957277658,4.7504022996484165
2004-09-30,37.32,23.15,29.54,0.43,36.23,5.008134531744163,5.340296161022933
2004-10-01,38.45,23.0,29.76,0.01,35.1,5.404403608153621,5.702723227029484
2004-10-02,28.17,21.83,24.82,4.75,62.99,1.881005458153164,3.292816275195465
2004-10-03,29.54,20.73,25.12,8.65,72.27,1.882359309709107,2.2673557144429646
2004-10-04,35.15,22.78,27.92,0.0,53.39,3.7549440995520076,4.456465373822598
2004-10-05,35.66,20.59,28.11,0.0,37.19,4.522704050426914,4.462909163506714
2004-10-06,36.15,21.17,28.68,0.0,37.71,4.582872286871879,4.216986329481304
2004-10-07,36.98,21.76,28.88,0.0,36.2,4.951774210114834,4.908077766473759
2004-10-08,36.67,19.29,27.62,0.0,35.11,4.994521628729906,5.1159621446999255
2004-10-09,36.3,21.06,28.21,0.19,39.39,4.62205715880075,6.361111990130325
2004-10-10,32.88,22.3,26.24,3.62,64.35,2.8585947807271967,5.143502300775857
2004-10-11,30.04,19.79,23.89,6.75,73.23,2.1376611176967444,3.1154242466365694
2004-10-12,30.63,17.01,22.94,0.39,50.86,3.1060409415461843,3.4512381759827706
2004-10-13,31.03,18.84,23.78,0.0,45.59,3.253253795411476,3.9891418876580325
2004-10-14,30.81,16.21,23.09,0.01,42.0,3.349338156139643,4.278795938386318
2004-10-15,32.2,18.72,24.42,0.06,34.65,3.8103534345569625,4.315374963285635
2004-10-16,32.46,18.31,24.62,0.0,30.83,3.9871653970398446,3.876546220919428
2004-10-17,32.71,16.64,23.78,0.0,36.25,3.9579954586960047,4.215278351249126
2004-10-18,33.11,17.82,24.71,0.0,35.33,4.042079978020958,3.855402227780248
2004-10-19,33.44,17.39,24.69,0.0,36.29,4.111026336364116,3.7028014595103653
2004-10-20,33.42,17.31,24.75,0.0,36.09,4.099540627726888,3.68226603693162
2004-10-21,32.16,18.66,24.16,0.36,40.31,3.6568356537833617,3.915057341570909
2004-10-22,32.91,16.45,24.12,0.0,35.03,4.040164768111838,4.558752956813623
2004-10-23,32.46,17.31,24.91,0.0,24.56,4.166013353839756,3.735057558712041
2004-10-24,32.03,16.89,24.04,0.0,25.99,4.038812438790098,3.492145348936326
2004-10-25,31.14,15.73,23.31,0.0,31.68,3.6909059224505336,3.3751650971470313
2004-10-26,29.82,15.73,22.18,0.0,36.97,3.2682219770238783,3.369943160392612
2004-10-27,30.47,16.43,22.37,0.0,37.58,3.4106631806219707,3.2828884126566305
2004-10-28,30.23,15.34,21.87,0.0,36.36,3.415414704100794,3.2727451414800166
2004-10-29,28.76,15.19,21.15,2.45,41.05,2.977796268781226,3.047514865270687
2004-10-30,28.52,15.56,20.9,0.0,38.82,2.9863688902428716,3.413378944233532
2004-10-31,29.39,14.97,20.93,0.0,33.42,3.333144427296586,3.699225036634273
2004-11-01,28.97,14.67,20.68,0.0,29.4,3.326223815535333,3.7043310235079288
2004-11-02,30.03,14.25,21.24,0.0,28.64,3.580273384022578,3.733890449321004
2004-11-03,30.12,14.17,21.22,0.0,28.01,3.6151740783643884,4.241833924122593
2004-11-04,30.34,12.94,21.28,0.0,25.94,3.738878547788556,4.033952779506299
2004-11-05,30.56,15.27,22.23,0.0,22.74,3.816430363316124,3.4366908898183905
2004-11-06,29.5,13.19,20.29,0.0,30.36,3.460467324360833,3.6931468984546223
2004-11-07,30.44,15.44,21.14,0.0,26.51,3.7484864876726096,4.018465346822676
2004-11-08,29.7,15.61,21.69,0.0,21.65,3.6388774359544587,3.073610768486572
2004-11-09,30.23,15.07,21.41,0.0,20.82,3.8068044898891906,3.8236030497633906
2004-11-10,30.3,14.77,21.89,0.0,18.19,3.8711812485695822,3.240895102530543
2004-11-11,30.07,11.45,20.86,0.0,21.88,3.774873308131773,3.136981513817265
2004-11-12,29.23,12.54,20.66,0.0,23.07,3.5360969062884697,3.018224075726598
2004-11-13,30.08,14.17,20.45,0.0,25.12,3.6927349948603307,3.6126124359875673
2004-11-14,29.99,13.66,20.41,0.0,26.58,3.645650613339366,4.118438707412138
2004-11-15,30.87,15.26,21.22,0.0,27.67,3.797031041198524,4.037404971453579
2004-11-16,30.44,15.28,22.01,0.0,26.74,3.6793006568368174,3.3991453341251736
2004-11-17,28.82,17.94,21.65,0.0,26.39,3.2989092417250174,2.7087636908334423
2004-11-18,30.61,16.5,21.83,0.0,25.84,3.757192669587246,3.7519899720142975
2004-11-19,30.72,15.0,21.22,0.0,27.02,3.7760499434916794,4.152896086942441
2004-11-20,31.1,15.31,22.3,0.0,27.07,3.8280933374552566,3.3562580574712446
2004-11-21,31.11,16.22,23.35,0.0,25.54,3.8181861850538823,3.0670956624614503
2004-11-22,31.03,15.98,21.76,0.0,32.9,3.6966896073441218,3.9653184876221617
2004-11-23,29.0,12.44,19.93,0.0,47.67,2.978078837619452,3.3027157212392493
2004-11-24,27.29,13.54,19.58,0.0,52.93,2.47683786898293,2.549980099335061
2004-11-25,27.39,13.96,19.86,0.0,56.9,2.379710330935498,2.9525112916826286
2004-11-26,27.14,14.52,20.46,0.0,51.08,2.4247705064634695,2.4413176827193004
2004-11-27,27.38,14.49,19.6,0.0,45.89,2.672270876012708,3.029884971814958
2004-11-28,26.77,11.65,18.21,0.0,40.89,2.711663392377839,3.1938503046262623
2004-11-29,27.24,15.05,20.26,0.0,36.17,2.7717469148171743,2.7776603842232226
2004-11-30,23.65,14.02,18.48,0.47,49.4,1.899118868548099,2.8023352649745417
2004-12-01,26.25,13.64,19.03,0.41,46.86,2.415753897626092,2.6111385029768845
2004-12-02,26.42,12.7,18.48,0.09,47.26,2.4937295291122488,2.5936785305559056
2004-12-03,26.98,12.48,18.24,0.0,35.78,2.8427923787968066,3.2729690058897725
2004-12-04,26.53,11.75,17.94,0.0,35.7,2.787416520326222,4.066687950936238
2004-12-05,26.06,11.35,17.23,0.0,33.67,2.767453181239144,4.003685198901569
2004-12-06,26.89,9.51,17.0,0.0,27.55,3.047628684418128,3.7431551754844516
2004-12-07,25.57,12.22,17.02,0.0,23.36,2.844759323238546,2.454455736168632
2004-12-08,25.33,9.82,15.55,0.0,29.95,2.751454057858842,2.9698888347931316
2004-12-09,25.29,9.83,15.78,0.0,21.99,2.8516716959252246,3.725514290566365
2004-12-10,27.51,10.72,17.48,0.0,18.04,3.3249802694382886,3.6157372013187747
2004-12-11,26.8,10.04,17.97,0.0,22.42,3.088917595438856,2.503494591523919
2004-12-12,27.43,11.62,18.22,0.0,24.78,3.1670159058759184,2.9477881686696956
2004-12-13,27.35,11.96,17.65,0.0,27.0,3.121477287358714,3.7161606237526223
2004-12-14,27.33,10.21,17.08,0.0,29.93,3.086487272383816,3.7070012899757034
2004-12-15,28.9,9.77,17.83,0.0,31.88,3.3832485266965646,4.247402360995977
2004-12-16,29.22,10.31,18.18,0.0,30.86,3.465803216278731,4.356755616430279
2004-12-17,28.01,12.97,19.4,0.0,27.86,3.186716024769792,2.6704358774023675
2004-12-18,26.87,10.7,18.72,0.0,31.37,2.917138397719527,2.398304905129014
2004-12-19,27.17,10.66,17.44,0.64,33.13,2.9898090175172856,4.316703752791907
2004-12-20,19.69,7.54,13.13,1.92,59.18,1.452635001041164,1.7424812782079382
2004-12-21,20.9,8.73,13.67,0.0,59.06,1.598849984784994,1.8664272141639202
2004-12-22,21.75,8.53,13.91,0.0,56.52,1.7449051024245328,2.0489394885942938
2004-12-23,22.16,8.03,13.71,0.0,49.72,1.9447621921133647,2.0305634252518425
2004-12-24,21.68,9.36,13.61,0.0,44.09,1.9478448686939778,2.112455414385672
2004-12-25,20.09,5.77,11.8,0.0,48.02,1.7275281302315504,2.7489158305443104
2004-12-26,20.37,3.68,10.43,0.0,36.98,1.9816389903318146,3.629827465348336
2004-12-27,21.4,3.08,11.83,0.0,25.09,2.2292192257662964,2.6566843393634274
2004-12-28,22.74,6.14,13.47,0.0,21.6,2.451472856651733,2.4802856888674585
2004-12-29,23.81,8.78,14.43,0.0,26.04,2.5402568706943645,3.095293870025523
2004-12-30,20.5,10.87,14.98,0.12,34.29,1.8401281327124623,2.3685489500905925
2004-12-31,20.38,11.1,15.09,10.88,64.18,1.3122857605506693,2.6952398005299276
2005-01-01,21.31,7.19,13.26,0.34,61.84,1.673346729049722,2.43930051173163
2005-01-02,20.84,6.89,12.28,0.01,54.43,1.7292868048398615,2.236537948050028
2005-01-03,19.88,6.92,11.66,0.0,56.01,1.5875867966933201,2.3168220703586933
2005-01-04,20.53,5.74,11.91,0.0,55.97,1.6801083660725151,2.513042480269019
2005-01-05,19.92,4.86,11.76,0.0,55.23,1.6114324244132003,2.246428939820014
2005-01-06,21.26,5.55,11.87,0.0,48.71,1.891776586586654,2.683059988793801
2005-01-07,22.07,4.52,11.71,0.0,46.54,2.067164980712966,3.026814303463247
2005-01-08,22.55,4.87,13.25,0.0,43.85,2.1252921253280523,2.598567430686026
2005-01-09,22.05,8.92,14.4,0.0,36.49,2.0804863674143035,2.3572234884801007
2005-01-10,22.02,7.9,13.03,0.02,44.7,2.004064354287596,2.6646027018499425
2005-01-11,21.94,6.68,12.46,0.0,46.76,1.9972089020918053,2.5177864285961125
2005-01-12,21.53,5.22,11.65,0.0,39.73,2.07473209485311,2.862913446668985
2005-01-13,22.77,5.71,12.54,0.0,33.99,2.3234633766885473,3.10621084691003
2005-01-14,23.06,6.39,13.12,0.0,39.37,2.2626406204915144,3.209719354246302
2005-01-15,22.28,8.29,13.69,0.0,42.59,2.0682914344270267,2.974067819407052
2005-01-16,22.75,7.52,14.39,0.09,43.29,2.10862803159446,2.39762213863979
2005-01-17,18.61,8.89,12.75,0.48,54.85,1.3731775107390192,2.4347466549278627
2005-01-18,19.88,4.25,11.44,0.0,37.17,1.844344716791724,2.552611610710238
2005-01-19,19.69,4.82,11.05,0.0,39.41,1.8008586817579517,2.8201794109474214
2005-01-20,20.9,3.79,11.75,0.0,37.27,2.0081914116282036,2.911292743497796
2005-01-21,16.7,8.22,11.08,1.56,49.53,1.2836952038773042,1.895589740719343
2005-01-22,14.71,6.77,9.13,11.22,83.37,0.720374154830223,1.5322581920867528
2005-01-23,15.76,5.17,9.4,0.0,76.34,0.9213285102835358,1.4214467081726399
2005-01-24,16.51,5.46,9.99,0.09,69.28,1.052430044898512,1.5865883740478492
2005-01-25,19.05,5.91,11.31,0.0,68.67,1.3374111971872766,2.3268082863779904
2005-01-26,22.44,4.95,12.97,0.0,54.42,1.9828150697424838,2.5674935979280096
2005-01-27,21.24,5.59,13.27,10.03,55.2,1.7270955664707959,2.5606834946956574
2005-01-28,19.03,7.49,12.26,5.15,74.84,1.1753166953742862,1.9842167316071742
2005-01-29,19.94,5.27,11.6,0.0,62.33,1.538963455060894,2.3906913307435573
2005-01-30,20.28,4.96,11.71,0.0,54.53,1.6628016448805119,2.4214318512729887
2005-01-31,21.69,5.81,12.4,0.0,49.47,1.9194461793608149,2.8016299026658578
2005-02-01,20.76,6.41,12.07,0.0,53.34,1.7363049646744604,2.638506639924738
2005-02-02,22.23,4.57,12.2,0.0,43.56,2.123805215768864,3.0864892219523656
2005-02-03,21.07,7.17,12.93,0.0,37.07,1.9780656732526476,2.3526726732898746
2005-02-04,22.23,7.18,13.35,0.0,40.67,2.0974406750120727,2.9650374151297823
2005-02-05,18.09,7.32,11.57,3.6,60.18,1.2900619169333725,2.0442270711996073
2005-02-06,11.99,7.67,9.94,9.33,92.86,0.2651607763721935,0.8718245843874948
2005-02-07,21.02,8.65,14.53,3.23,74.5,1.3058336677743068,2.1607176259981333
2005-02-08,20.97,10.11,15.24,8.05,77.59,1.1740686078235913,1.9151860903760318
2005-02-09,21.27,12.03,15.63,7.59,81.42,1.0998810958274468,1.8508859194029676
2005-02-10,24.07,11.78,16.5,2.19,72.68,1.670617177382436,2.2481269252046214
2005-02-11,25.64,11.48,17.77,0.08,62.15,2.0999451262093416,3.488810617524063
2005-02-12,26.82,11.37,18.29,0.01,61.58,2.2974291280213186,3.171292437862772
2005-02-13,26.0,11.94,17.9,0.02,58.46,2.2379631351474245,3.59172789036198
2005-02-14,17.58,12.27,14.21,0.85,75.04,0.7960652026707746,1.8581583810229712
2005-02-15,20.88,10.84,15.2,7.18,82.69,1.0531684885164743,1.536176686218388
2005-02-16,22.12,7.87,14.91,0.0,62.18,1.6832750409753077,2.708180451193802
2005-02-17,22.93,7.53,14.69,0.0,50.21,2.013592682377217,3.1001735718675674
2005-02-18,21.59,8.67,14.06,2.69,56.17,1.7362458951672988,2.633441091130787
2005-02-19,19.93,4.95,11.57,3.69,58.27,1.5853287657199966,2.7376225111773387
2005-02-20,19.34,3.97,10.71,0.17,53.12,1.623338155845651,3.416638750004642
2005-02-21,20.47,3.6,11.18,0.0,51.04,1.782011579695767,3.664622174102932
2005-02-22,22.43,4.84,13.11,0.01,51.56,1.9951450232161745,3.1374436359090665
2005-02-23,21.03,8.28,13.55,0.05,50.86,1.7407885959432403,2.8387011685822223
2005-02-24,25.52,9.47,15.95,0.0,46.8,2.484367124546273,3.759347928023409
2005-02-25,25.73,8.84,16.13,0.0,47.83,2.4988976176322666,4.122426859099986
2005-02-26,26.27,8.56,16.59,0.0,50.24,2.522855063390153,4.132574141497601
2005-02-27,26.04,11.48,17.21,0.01,45.44,2.5376351488006135,3.5293798543782304
2005-02-28,24.88,11.25,17.75,0.02,52.32,2.1169029393849934,3.0764490473397124
2005-03-01,24.92,14.67,18.49,0.67,63.89,1.8242104074992336,2.529665819781724
2005-03-02,26.69,12.19,18.51,0.23,68.11,2.1286750623743362,3.153844489318153
2005-03-03,31.51,14.15,22.17,0.02,53.25,3.3473273976458517,4.417892675032775
2005-03-04,30.38,17.63,22.46,0.8,50.11,3.0289399223280453,4.632495412036957
2005-03-05,25.02,15.19,19.4,1.63,68.67,1.6590229227656033,3.409762882646839
2005-03-06,30.26,14.0,21.85,0.0,57.23,2.924407248522564,3.8561153376792747
2005-03-07,29.57,16.39,22.38,0.0,49.24,2.8647199668009273,3.5281546023116075
2005-03-08,31.59,16.56,23.44,1.02,47.34,3.362376489606866,4.66828509615533
2005-03-09,21.89,16.99,18.96,13.13,80.1,0.8809812357175828,1.983893303401488
2005-03-10,24.93,14.2,19.12,0.23,72.67,1.611154464698065,2.9330687498471053
2005-03-11,28.15,12.93,20.19,0.0,60.06,2.4774952260127607,4.149315631819438
2005-03-12,30.09,14.92,21.47,0.08,49.74,3.082382316370161,4.728655069625713
2005-03-13,31.14,14.56,22.43,0.0,46.15,3.35540768402271,4.283654996746179
2005-03-14,31.5,16.43,23.57,0.0,47.62,3.3032341791307944,4.276538669880283
2005-03-15,33.36,18.97,25.31,0.0,48.46,3.6562639659821503,4.660900709946183
2005-03-16,35.2,18.76,26.4,0.0,48.04,4.142700463635132,4.770739552451119
2005-03-17,34.36,19.52,26.29,0.0,47.55,3.8813612257489596,4.077066332109393
2005-03-18,33.73,19.06,25.23,5.02,50.0,3.729258542093227,3.8172478611144673
2005-03-19,32.41,16.58,24.75,2.1,50.64,3.4137124591348176,4.544762312853
2005-03-20,31.52,18.56,24.19,1.01,54.79,3.050365448349079,4.859571827820746
2005-03-21,29.2,17.17,22.09,18.8,67.44,2.3102914742842087,3.666052821671589
2005-03-22,28.43,15.08,21.09,0.07,60.82,2.495085234034912,4.066923691181987
2005-03-23,29.27,13.47,20.88,0.16,55.63,2.801427635594775,4.870176215462305
2005-03-24,29.93,13.92,21.55,0.0,53.84,2.957188951813659,5.108994785545262
2005-03-25,29.52,14.25,21.3,0.53,50.12,2.9505607649497922,5.183194742522437
2005-03-26,31.31,12.98,21.79,0.89,50.97,3.3543677913052425,5.672012314256024
2005-03-27,33.64,16.91,24.57,0.21,45.58,3.9138788739101207,5.139349598798853
2005-03-28,33.42,17.15,24.23,0.0,41.4,4.023344992173775,5.669767418728317
2005-03-29,32.36,15.11,23.22,0.0,39.95,3.864179086951983,5.902108723279763
2005-03-30,31.9,14.88,22.67,0.0,35.09,3.8635457996157117,6.283115059155187
2005-03-31,32.32,12.96,22.06,0.0,37.91,3.9770068609909437,6.429299393130615
2005-04-01,34.12,13.67,23.67,0.0,33.44,4.538776260335084,6.399024105916689
2005-04-02,34.55,15.45,24.31,0.0,31.4,4.6554877081495425,6.200425168106747
2005-04-03,35.63,16.87,25.31,0.0,31.25,4.92821471958219,6.9961219381022515
2005-04-04,36.45,16.64,26.29,0.0,32.03,5.123283619089694,6.261399999918113
2005-04-05,38.37,18.73,27.89,0.0,27.74,5.852078116121744,6.8188670004234275
2005-04-06,38.17,18.2,26.88,0.0,28.02,5.851797966128344,9.71310488538103
2005-04-07,37.39,19.33,27.11,0.0,22.79,5.6547938778407945,10.430652648733547
2005-04-08,33.74,14.14,23.32,0.0,18.13,4.807277317709314,7.54996797667321
2005-04-09,31.59,12.05,21.26,0.0,19.38,4.234978037119979,7.014309272393426
2005-04-10,30.31,11.91,20.81,0.0,29.24,3.6961894798627597,5.781126507786004
2005-04-11,31.22,12.82,21.48,0.0,28.38,3.922633699917884,6.429792967884003
2005-04-12,33.3,12.56,22.78,0.0,27.69,4.467654452585541,7.3482689870785585
2005-04-13,36.49,15.63,25.98,0.0,27.56,5.319175018668993,7.175679023996087
2005-04-14,37.03,18.29,28.4,0.0,23.03,5.533204597337777,5.608617548576457
2005-04-15,37.98,19.41,27.98,0.0,24.94,5.793974411166885,6.085265291904308
2005-04-16,37.04,18.39,27.39,0.0,27.31,5.4228633428950745,7.498968110326749
2005-04-17,37.1,18.29,27.46,0.0,25.68,5.495239495833314,7.796720986960867
2005-04-18,38.4,19.31,28.7,0.0,23.26,5.984312195451421,7.4596342499718435
2005-04-19,39.81,21.28,29.77,0.0,18.36,6.636443471827002,6.9598317523452895
2005-04-20,38.1,20.13,28.68,0.0,20.38,5.957039389846519,6.201804225792401
2005-04-21,39.16,20.93,29.88,0.0,23.39,6.1739370107126685,6.893103340677065
2005-04-22,37.77,22.8,30.53,0.01,29.06,5.3846275692297985,5.411702602662411
2005-04-23,37.29,24.26,30.36,0.0,27.69,5.237362710064081,4.34976853935617
2005-04-24,36.51,23.73,29.48,0.34,33.9,4.779883366496995,6.296448467580362
2005-04-25,37.64,23.43,30.44,0.32,36.19,5.040722234466354,6.415281601542051
2005-04-26,37.56,22.26,29.55,2.84,37.89,5.034435568287306,7.382887129239006
2005-04-27,36.53,20.16,28.33,5.6,38.38,4.7856829476068565,5.1945423203324985
2005-04-28,35.7,19.99,27.86,0.9,38.61,4.542489544480617,6.733713299745079
2005-04-29,36.65,20.24,28.38,0.0,30.57,5.092144411249855,5.9615865110150175
2005-04-30,38.03,21.06,29.95,0.0,28.41,5.530167670610209,6.1613017786034705
2005-05-01,37.11,24.18,30.6,0.21,32.61,4.92833410162284,6.423411015944379
2005-05-02,33.36,25.3,29.23,0.18,37.36,3.6279731778363837,6.616065510796647
2005-05-03,34.84,23.08,29.16,1.65,40.68,3.9941478231512857,4.506883272775055
2005-05-04,35.84,24.24,29.83,0.01,35.65,4.449998624874602,6.80987820433862
2005-05-05,37.35,22.61,30.19,0.0,35.42,4.961108257949722,7.527530957208561
2005-05-06,40.16,25.85,32.83,0.0,28.6,6.086239467551614,7.435285298921529
2005-05-07,42.02,25.55,34.33,0.08,24.86,6.9672138706213955,7.172240036838024
2005-05-08,39.75,26.96,32.84,6.59,32.67,5.752480808244256,7.642739207056222
2005-05-09,38.71,25.01,31.59,0.27,35.28,5.375761424885978,8.422680582849534
2005-05-10,38.19,22.14,30.26,0.0,29.73,5.586277280485136,8.019325911128096
2005-05-11,40.34,22.03,31.35,0.0,20.46,6.7089960802109125,8.222294953966921
2005-05-12,41.25,23.1,32.51,0.0,14.88,7.232656302135846,7.820095781191384
2005-05-13,42.34,24.67,33.59,0.0,13.25,7.716357766242284,8.297260904087485
2005-05-14,41.54,23.93,33.01,0.0,15.01,7.331327812548632,8.669667905685275
2005-05-15,41.93,24.11,33.27,0.0,13.97,7.509293993837256,9.56973148282909
2005-05-16,43.31,24.74,34.5,0.0,13.63,8.09259505045244,7.8660694121245704
2005-05-17,44.24,26.71,35.73,0.0,13.68,8.479800610329082,8.01815420835209
2005-05-18,44.56,27.4,35.75,0.19,13.68,8.630719844523238,9.135210216571732
2005-05-19,43.53,26.48,35.36,0.0,14.77,8.102296005435528,8.381931226257922
2005-05-20,43.32,26.82,35.43,0.0,13.16,8.092213960446822,8.925755584478662
2005-05-21,43.47,27.36,35.73,0.0,15.47,8.03117591184007,8.449577136187727
2005-05-22,40.52,27.96,33.63,0.0,22.69,6.455197065214241,8.0028203884336
2005-05-23,42.09,27.21,34.51,0.0,21.79,7.11432395494667,9.653500017113572
2005-05-24,42.3,26.5,34.66,0.0,16.96,7.458571934550339,8.892222475193472
2005-05-25,43.38,27.46,35.2,0.0,12.13,8.156538683355263,7.8812286020716655
2005-05-26,42.88,26.67,35.3,0.73,15.66,7.745679959784763,8.537600869264084
2005-05-27,41.02,28.72,34.59,0.05,16.96,6.930701440803528,7.964855392067284
2005-05-28,42.7,25.92,34.85,0.0,14.83,7.732340897754648,11.675813681041044
2005-05-29,42.34,27.11,35.28,0.0,17.96,7.38455188767232,9.604297644256661
2005-05-30,42.47,27.83,35.35,0.24,20.94,7.262471926813401,8.522512810368733
2005-05-31,41.86,28.68,35.03,0.0,20.18,7.0594820137600856,11.96432427050083
2005-06-01,43.09,26.41,35.25,0.0,15.83,7.828399963742064,10.646386991940496
2005-06-02,44.47,28.05,36.85,0.05,14.49,8.452051339778091,9.179563420463321
2005-06-03,44.9,28.58,37.53,0.02,15.56,8.573317189737372,9.742472598824747
2005-06-04,46.32,30.7,38.63,0.0,12.92,9.404629283619638,9.056049749835882
2005-06-05,46.98,30.94,38.95,0.0,11.73,9.822503128727778,9.205573488683566
2005-06-06,45.89,30.21,38.68,0.12,13.71,9.124683759478874,8.209192203753707
2005-06-07,42.4,28.53,34.92,0.67,26.43,6.992298310307673,9.30420977726303
2005-06-08,43.17,25.94,35.44,0.0,28.47,7.352296936061313,6.26690691295265
2005-06-09,44.45,30.46,37.48,0.0,18.91,8.132104992419327,8.581522165361331
2005-06-10,42.6,28.11,35.56,4.62,23.2,7.201355386086112,8.847440707379416
2005-06-11,43.46,28.36,36.11,0.0,21.49,7.661618973777909,8.599231471467244
2005-06-12,42.12,28.23,35.5,0.01,17.73,7.286804280800093,9.80842013259235
2005-06-13,43.4,29.64,36.28,0.0,17.61,7.80716402926163,9.328968039502739
2005-06-14,42.64,27.53,35.47,0.0,23.39,7.206397349821244,8.792420664279984
2005-06-15,44.05,29.82,37.18,0.0,17.93,8.043997576310135,8.530257334535884
2005-06-16,45.6,29.49,37.96,0.0,16.49,8.868494363606537,11.087232364826574
2005-06-17,45.54,30.66,38.34,0.0,17.42,8.736652923682328,11.329231010948956
2005-06-18,46.19,31.04,38.92,0.06,17.01,9.054235736318319,11.086432924591145
2005-06-19,46.84,31.58,39.38,0.69,19.06,9.234234598729433,10.467622401882457
2005-06-20,48.13,32.7,40.69,0.0,16.96,10.030964634111712,9.41633804143549
2005-06-21,47.8,32.32,40.31,0.34,19.25,9.726785177734435,9.442276539630887
2005-06-22,48.03,32.85,40.94,0.02,20.08,9.694596426609317,9.098332904107869
2005-06-23,49.01,34.75,42.01,0.04,20.16,10.173243011699503,10.50584270846633
2005-06-24,47.25,34.94,41.32,0.01,24.15,8.904077505955549,10.393918241682899
2005-06-25,43.24,33.81,38.59,15.74,37.03,6.308283093872843,8.737051794890657
2005-06-26,41.79,31.84,36.32,4.91,48.57,5.280747828685701,7.7688826559365
2005-06-27,43.94,30.39,37.27,1.52,45.56,6.36811313238457,7.878880221780413
2005-06-28,40.32,31.23,35.93,15.55,48.3,4.726701413533911,7.172477869688142
2005-06-29,38.37,30.33,33.75,7.12,58.26,3.7691568885233058,5.258955988935027
2005-06-30,36.69,29.57,33.26,17.93,62.57,3.0150431704091383,6.126754508990567
2005-07-01,38.64,29.46,33.67,20.02,58.92,3.86100238027817,3.9099916897550266
2005-07-02,38.89,28.51,33.69,4.44,55.95,4.122105959155702,5.632181377752639
2005-07-03,37.74,28.71,33.28,10.34,55.07,3.80328655488155,4.582301421246675
2005-07-04,40.02,27.36,33.9,2.17,48.49,4.9762953343947265,4.8622264313002885
2005-07-05,35.1,27.16,30.78,10.97,61.14,2.9937434127322335,7.191948017431368
2005-07-06,32.1,26.11,28.73,16.06,73.04,1.927787220082544,4.29966947519686
2005-07-07,30.5,24.59,27.19,23.39,81.28,1.4550096827785128,2.9908093927203807
2005-07-08,36.6,25.46,30.91,4.24,70.11,3.1049535133460644,6.235106334408363
2005-07-09,38.49,27.72,33.5,0.17,62.01,3.7036805588652713,6.401852823814808
2005-07-10,40.37,30.18,35.22,0.06,53.19,4.6004978980542015,6.434743894511195
2005-07-11,39.4,28.45,33.41,2.41,62.34,4.05730037686059,7.019256750262477
2005-07-12,33.66,27.06,30.2,2.32,74.39,2.068550148649834,4.51641191508803
2005-07-13,34.07,26.76,30.56,1.38,69.29,2.354318270315706,4.6785137352961375
2005-07-14,32.52,26.88,29.6,0.52,73.74,1.8654866372692869,4.977409998028073
2005-07-15,34.23,26.55,30.13,0.07,69.69,2.450091992162291,5.1807780210725936
2005-07-16,36.52,26.67,31.56,0.02,62.49,3.299771220346701,5.772685197540908
2005-07-17,37.58,26.61,32.31,0.54,60.11,3.6782120940445617,5.953890600212386
2005-07-18,35.76,27.24,31.48,5.03,62.23,3.058867343451023,5.820277370753799
2005-07-19,39.75,27.78,33.74,0.25,56.87,4.415358218023799,6.280137755968931
2005-07-20,41.43,29.65,35.45,1.57,51.2,5.126697349331516,7.045849215766232
2005-07-21,40.67,29.48,35.1,0.54,48.96,4.978128992138208,6.051485305850555
2005-07-22,41.58,30.47,35.91,0.28,47.24,5.348311728875734,6.661047528908679
2005-07-23,41.5,30.39,35.71,0.45,47.48,5.3372478885342485,6.554616598683122
2005-07-24,40.38,30.03,34.93,0.05,46.86,4.98376647751032,6.034950606534236
2005-07-25,41.65,28.52,35.51,0.01,44.82,5.610852231489826,6.023391981059369
2005-07-26,40.05,28.54,34.25,0.2,53.7,4.617977513737259,7.857913224680858
2005-07-27,39.67,28.69,33.83,0.66,54.17,4.524597576370823,7.158939399299969
2005-07-28,38.95,28.47,33.62,0.17,54.08,4.247137671860184,6.171862361456839
2005-07-29,37.35,29.4,33.18,13.98,58.25,3.50338479291393,6.097036866551502
2005-07-30,38.65,28.81,33.37,3.93,56.28,4.098963179009765,5.734093298643549
2005-07-31,39.89,28.32,34.13,0.74,55.13,4.51283410431754,6.115761840316853
2005-08-01,39.36,29.53,34.39,0.64,54.13,4.297824209535464,5.457681004354405
2005-08-02,38.76,28.96,34.17,1.8,56.16,3.983605359942474,6.094994642970176
2005-08-03,39.19,29.4,34.46,3.72,54.96,4.146562187098501,5.935138015971301
2005-08-04,40.42,29.21,34.94,0.48,54.29,4.6240277496880475,5.700253470538377
2005-08-05,39.29,29.54,35.02,17.52,54.49,4.127858282133432,5.499568640287916
2005-08-06,37.32,29.72,33.5,7.29,60.64,3.3122006955612036,4.639136366225617
2005-08-07,37.86,28.4,32.98,3.39,57.96,3.7619331485815164,5.737796406733585
2005-08-08,36.95,26.49,31.34,1.03,59.9,3.626679982286824,5.635640414652657
2005-08-09,38.31,27.51,32.93,0.08,50.73,4.2739461499911675,6.125373983324731
2005-08-10,39.77,27.08,33.43,0.0,46.71,4.976193100535877,7.238086181845584
2005-08-11,40.21,28.25,34.42,0.09,43.28,5.176139762623673,7.580264255159235
2005-08-12,40.71,29.46,35.16,0.08,42.44,5.344090730760369,6.963046028993631
2005-08-13,40.48,30.28,35.22,0.16,44.63,5.097662132087992,6.761758813657444
2005-08-14,42.07,29.82,35.65,0.0,43.24,5.819000106214922,7.097354117756222
2005-08-15,41.78,30.31,35.85,0.22,40.17,5.822243706593527,6.913750095508779
2005-08-16,39.84,29.9,34.22,6.59,50.3,4.691497253345247,4.776001550370552
2005-08-17,38.53,28.71,33.98,1.99,52.37,4.1373916342810695,4.927715268454301
2005-08-18,40.51,29.29,34.78,0.34,46.91,5.0715250754385135,6.261647280708776
2005-08-19,41.01,29.85,35.12,0.13,43.78,5.411675028265046,6.61103959700181
2005-08-20,38.26,30.11,33.64,0.32,47.1,4.2948993356399825,6.173615266110122
2005-08-21,41.22,29.16,35.03,0.01,42.3,5.606215008800892,6.4222536613160655
2005-08-22,41.55,30.07,35.03,1.23,39.17,5.928786138715342,6.648296880282696
2005-08-23,42.35,27.45,34.8,0.09,37.3,6.43396200639571,7.484655474881618
2005-08-24,41.98,27.74,34.77,0.18,33.64,6.414587568762423,8.296563496229194
2005-08-25,41.83,26.96,34.38,0.11,35.29,6.31815263166035,7.4879748188763395
2005-08-26,41.38,27.11,34.31,0.13,36.52,6.053670900811987,6.5774609604127425
2005-08-27,41.55,28.24,34.9,0.01,36.41,6.074271150019184,5.781384243039655
2005-08-28,41.37,27.4,34.12,0.05,35.24,6.160230503118052,7.13581561839403
2005-08-29,40.45,26.82,33.35,0.0,38.23,5.68789325010052,7.2678551956822135
2005-08-30,41.36,26.24,33.46,0.0,34.46,6.274971216269604,7.993026967653368
2005-08-31,41.27,26.07,33.41,0.0,33.26,6.284841658581932,7.772058461260643
2005-09-01,41.44,25.89,33.72,0.0,33.51,6.2988665473194985,7.059281780954826
2005-09-02,42.5,26.07,34.26,0.01,29.11,6.98340281099213,6.881783332786112
2005-09-03,42.82,26.81,34.83,0.04,30.51,6.9828697278807415,5.66039910164524
2005-09-04,42.32,26.97,34.32,0.01,36.0,6.5992304638031865,6.409927173683431
2005-09-05,42.28,26.91,34.32,0.07,45.37,6.128413464832764,6.744093933166864
2005-09-06,42.16,28.31,34.83,0.03,46.71,5.881646982606983,7.641403453280266
2005-09-07,37.0,28.39,32.54,0.0,53.84,3.7025393098738473,6.870909143082273
2005-09-08,36.91,28.05,32.17,9.8,60.75,3.403950428521862,5.358884203390677
2005-09-09,34.34,27.98,30.83,12.28,68.23,2.4261084707417364,1.8568474321503845
2005-09-10,30.26,25.28,27.54,11.85,77.11,1.5007128395480853,3.457184681326464
2005-09-11,37.12,25.21,30.76,3.78,61.29,3.7858423667010492,5.040289815489581
2005-09-12,33.64,25.99,29.48,16.65,63.19,2.647572228961734,2.602461982684962
2005-09-13,33.2,24.96,28.02,9.11,67.64,2.581457040787884,3.9721274556286703
2005-09-14,27.04,23.29,25.09,11.26,80.0,1.031181127910033,2.754605921344052
2005-09-15,34.69,23.27,28.62,1.52,67.81,2.9751616914379837,4.355311977034007
2005-09-16,37.26,24.37,30.5,0.64,57.39,3.974798257858498,5.396429601411921
2005-09-17,35.35,24.36,29.04,10.3,65.81,3.182035304656186,5.074515587323713
2005-09-18,33.89,22.62,28.07,10.81,70.69,2.709768494248111,3.957628253999925
2005-09-19,36.48,23.74,30.25,0.0,59.2,3.6622195875197883,4.986004136605057
2005-09-20,38.11,24.66,31.48,0.0,50.76,4.447604024436721,5.022386364827884
2005-09-21,37.84,25.1,31.35,0.02,55.06,4.1440932120657195,5.202822323328491
2005-09-22,34.76,26.47,30.36,3.21,66.91,2.7032035091536093,3.9766819784896033
2005-09-23,34.48,25.44,29.67,5.32,66.5,2.773689459819393,4.725251247162784
2005-09-24,33.21,23.02,27.49,3.53,70.61,2.571980422522779,3.7006882539391124
2005-09-25,36.1,21.09,28.67,0.05,54.3,3.982504925394041,5.294883971156788
2005-09-26,36.4,22.78,29.75,0.01,48.2,4.15932429526827,4.676561410149675
2005-09-27,37.12,23.14,29.99,0.01,45.69,4.487178558247262,4.991942659707418
2005-09-28,36.49,23.59,29.9,0.02,45.86,4.238514266440314,5.150364052926453
2005-09-29,37.32,22.76,30.04,0.0,41.91,4.7144830752247255,5.407675921432739
2005-09-30,37.0,21.96,29.23,0.03,39.93,4.750384990122971,4.817367082982002
2005-10-01,36.89,22.7,29.34,0.0,35.63,4.874029936260355,4.828729992387563
2005-10-02,37.13,20.3,28.55,0.0,36.98,5.003173606868259,4.529949998816766
2005-10-03,37.63,20.02,28.53,0.0,37.7,5.165737199002788,4.827094469178319
2005-10-04,36.98,20.41,27.89,0.0,39.43,4.924414180519005,5.143939856123491
2005-10-05,36.45,20.84,28.08,0.0,38.78,4.706000496970514,4.8238508618263385
2005-10-06,36.46,21.81,28.73,0.0,39.11,4.641205028329459,5.075206252787793
2005-10-07,37.36,21.14,28.84,0.0,36.02,5.069518008694951,4.6888109412890895
2005-10-08,36.68,20.3,28.03,0.0,36.78,4.897399600723174,4.440732912572005
2005-10-09,36.5,20.84,28.08,0.0,33.68,4.9264752617345895,4.941895522913523
2005-10-10,35.71,20.16,27.64,0.03,35.38,4.630627314891969,4.595953816300589
2005-10-11,35.84,19.75,26.95,0.0,43.83,4.450944287286851,4.789682068665167
2005-10-12,34.83,22.3,26.97,1.09,42.11,4.1526350597722725,4.533383031775345
2005-10-13,34.95,20.7,26.8,0.0,39.96,4.27424248146727,4.360682579766338
2005-10-14,34.42,19.99,26.47,0.0,41.16,4.104021666124962,4.012210709215481
2005-10-15,33.74,18.98,26.05,0.0,38.49,4.037626126338061,3.644741037060462
2005-10-16,34.05,18.12,25.25,0.0,44.46,4.007345739640799,4.355447753271743
2005-10-17,33.51,19.42,25.71,0.0,38.12,3.9924111423095963,3.6527537966655412
2005-10-18,33.22,17.95,24.6,0.0,41.67,3.885012119411926,3.9624615441955218
2005-10-19,33.06,17.57,24.35,0.0,35.72,4.030704288245093,4.165611072225579
2005-10-20,32.56,15.63,23.59,0.02,38.1,3.9198210154056934,4.17026164030864
2005-10-21,32.6,15.13,22.99,0.0,40.2,3.9376500814042,4.144466697631748
2005-10-22,33.4,17.44,23.81,0.0,29.62,4.360140478037155,4.708067458688748
2005-10-23,32.99,17.97,24.2,0.0,25.3,4.313054342474038,3.560951393762328
2005-10-24,31.74,14.03,22.18,0.0,36.22,3.798327578581379,3.879802098517766
2005-10-25,32.38,14.61,22.88,0.0,45.15,3.7674029880785,4.138838055813855
2005-10-26,33.35,16.36,23.88,0.0,37.95,4.09579819793033,3.7288120442485955
2005-10-27,33.25,18.48,24.06,0.0,32.24,4.209126749176903,4.1126113375563484
2005-10-28,31.86,16.65,23.05,0.0,29.89,3.933870108924729,3.945374880825296
2005-10-29,31.89,17.5,22.92,0.0,29.81,3.9512467909130966,4.197425889743999
2005-10-30,32.67,14.22,23.15,0.0,25.17,4.311703163061567,3.9186402684254125
2005-10-31,30.69,13.24,21.14,0.0,32.95,3.659364099041543,4.132843724572143
2005-11-01,30.05,13.43,20.46,0.0,45.43,3.2464902288325623,4.347589824893569
2005-11-02,29.67,13.92,20.66,0.0,48.71,3.0543096749226555,4.0936484092597105
2005-11-03,30.08,15.38,21.33,0.44,48.69,3.1137374728501737,3.2731390220823844
2005-11-04,29.48,16.62,21.45,1.61,39.72,3.157480332021999,3.2592095049211935
2005-11-05,28.87,15.21,20.21,0.0,34.99,3.204911764022246,4.051576637514844
2005-11-06,28.55,12.85,19.18,0.0,34.68,3.1889177794238464,4.182084818387307
2005-11-07,27.9,11.56,18.56,0.0,37.85,2.9958976131661283,3.80274198486121
2005-11-08,28.99,15.11,20.29,0.0,31.71,3.293671688389346,3.6279222612821047
2005-11-09,29.25,14.06,19.69,0.0,32.12,3.3762469215937463,4.067649464439774
2005-11-10,29.7,15.29,20.76,0.0,32.07,3.427757751929845,3.494759414413388
2005-11-11,29.89,15.96,21.81,0.01,30.58,3.4660972699924453,3.0021230068553995
2005-11-12,30.67,15.88,21.45,0.01,33.33,3.613188496708186,3.8391125982378993
2005-11-13,30.49,13.18,20.3,0.0,35.3,3.6076304268629555,5.225693505835454
2005-11-14,29.78,12.53,19.78,0.0,28.92,3.5935303462812858,4.931971216888662
2005-11-15,28.96,12.59,19.52,0.0,26.61,3.4320005333483237,4.566890101999096
2005-11-16,28.74,12.08,18.7,0.0,25.89,3.441441269521446,4.459664195986013
2005-11-17,28.02,9.78,17.16,0.0,21.93,3.4190571662989164,4.76315682147198
2005-11-18,28.11,8.07,17.93,0.0,17.87,3.4762998688114632,3.885538340277715
2005-11-19,28.98,12.42,18.72,0.0,18.74,3.6254985384764833,3.5671823964802027
2005-11-20,29.08,13.66,19.39,0.0,17.04,3.6659439905998314,3.7267070462331495
2005-11-21,30.26,14.1,19.76,0.0,17.86,3.9185942782453704,3.828763496367394
2005-11-22,29.08,13.79,19.59,0.0,21.42,3.5603067344526376,3.7096444717225077
2005-11-23,29.02,13.46,19.69,0.0,25.51,3.4541197761020825,3.7817200573487924
2005-11-24,28.74,13.83,19.59,0.0,27.49,3.359961287289483,3.710810891051675
2005-11-25,27.43,13.46,19.16,0.0,23.89,3.155202598068797,2.990656192892366
2005-11-26,26.36,13.52,18.5,0.0,26.2,2.9046676566435305,2.658779469412584
2005-11-27,26.69,11.55,17.4,0.3,29.9,2.9440004279980316,3.07774251181454
2005-11-28,26.14,11.97,17.59,1.39,38.56,2.6622243793310956,3.470435835684446
2005-11-29,26.14,11.93,17.5,0.0,38.55,2.662742773182408,3.5102986540108554
2005-11-30,24.3,8.82,14.93,0.0,28.56,2.5838115293275634,3.549848665452794
2005-12-01,24.0,6.34,13.55,0.0,23.41,2.6408508595020765,3.6028553785418853
2005-12-02,24.15,5.89,13.41,0.0,26.14,2.6312723382038765,3.670229500444503
2005-12-03,23.95,6.78,13.66,0.0,24.83,2.6088503483771968,3.5315548494580384
2005-12-04,24.59,6.56,13.71,0.0,22.89,2.755822539731012,3.9423686901104413
2005-12-05,26.01,5.99,14.43,0.0,21.17,3.0385804157836978,4.088760309387544
2005-12-06,26.14,10.09,16.55,0.0,19.52,3.035204939295187,3.004932122703389
2005-12-07,26.91,11.2,17.36,0.0,20.76,3.1499885579115787,2.8835569198638122
2005-12-08,26.44,11.22,17.29,0.0,20.87,3.0529952821065276,3.2316553531984913
2005-12-09,25.77,11.71,17.19,0.0,21.48,2.9074538492659303,2.8284497583671926
2005-12-10,25.73,7.45,15.15,0.0,20.75,2.9787125598254383,3.5797231161145593
2005-12-11,24.46,9.22,15.18,0.0,14.82,2.8097386643874045,2.67169448311375
2005-12-12,23.24,9.29,14.16,0.0,17.47,2.5677010514050034,2.5995975241462563
2005-12-13,22.23,6.38,12.27,0.0,19.47,2.4070838097951577,3.5964811396742338
2005-12-14,24.06,3.99,12.22,0.0,18.91,2.740812181122355,3.9380021834963417
2005-12-15,23.25,5.4,12.66,0.0,17.12,2.605583320149002,3.283658049198027
2005-12-16,23.83,8.54,13.41,0.0,16.21,2.7039896386626885,3.131462989011401
2005-12-17,23.46,5.97,12.48,0.0,16.69,2.6464776967612753,2.9081440635605937
2005-12-18,23.56,6.2,12.56,0.0,17.4,2.655594159932306,3.468817024785794
2005-12-19,23.04,7.57,13.37,0.0,17.59,2.54622457926253,2.6147894430796206
2005-12-20,21.2,5.39,12.6,0.0,32.15,2.069919850666638,2.3100487423718126
2005-12-21,22.75,10.35,14.44,0.0,36.69,2.200732324531684,1.9266253339925434
2005-12-22,22.49,9.38,14.4,0.0,42.32,2.0705341016053653,1.803138046148611
2005-12-23,22.02,6.9,12.97,0.0,43.96,2.0425512979893052,1.9115779521637466
2005-12-24,21.44,6.93,11.88,0.0,54.35,1.9016211626154456,2.198103416769253
2005-12-25,21.92,4.26,11.56,0.0,29.97,2.2649426757450644,3.2994023886508783
2005-12-26,22.62,6.13,13.4,0.0,20.79,2.435833486973215,2.8621228590528562
2005-12-27,23.28,10.87,16.13,0.0,17.25,2.5395669365072457,2.4253629365208536
2005-12-28,23.36,6.82,13.81,0.0,26.73,2.465126513094764,2.6743184350384452
2005-12-29,22.35,9.98,14.51,0.0,25.82,2.2835089053704536,2.397143208406411
2005-12-30,22.15,8.79,14.45,0.0,28.02,2.2244344670704486,2.188159118250848
2005-12-31,21.26,7.38,13.63,0.0,35.59,2.004258287974549,2.197392542582936
2006-01-01,23.81,8.79,14.53,0.11,43.47,2.26927011059034,3.954820126680555
2006-01-02,20.19,9.67,13.28,5.66,62.26,1.4462396457275695,1.9751095721021625
2006-01-03,18.56,7.35,11.86,0.0,67.33,1.255077090287624,1.8354064883280716
2006-01-04,18.7,3.66,9.87,0.0,54.6,1.5559506560676089,2.3268497949849882
2006-01-05,19.58,2.59,9.26,0.0,41.59,1.8463247007793904,3.076153017729353
2006-01-06,18.78,0.45,8.03,0.0,36.12,1.8102315333379104,3.091633833039769
2006-01-07,19.64,1.08,8.54,0.0,34.37,1.9352564088140358,2.925551419094212
2006-01-08,20.43,1.32,9.08,0.0,32.1,2.054702861813583,2.8375606830827946
2006-01-09,17.77,2.98,9.7,0.0,32.85,1.6541290458734448,2.203580212390706
2006-01-10,20.22,5.1,11.07,0.0,30.81,1.9871848945218322,2.714070536092876
2006-01-11,23.15,3.12,11.42,0.0,29.74,2.470032346251306,3.3518098485773264
2006-01-12,23.81,5.0,12.72,0.0,31.41,2.5211417289244835,3.2576863157300284
2006-01-13,24.88,6.33,13.97,0.0,30.39,2.7031114582879687,3.3677767549538147
2006-01-14,24.96,8.32,14.88,0.0,28.96,2.7004759855402285,3.3710538746217478
2006-01-15,22.75,9.79,14.92,0.14,32.17,2.2406055959312274,3.472321233307439
2006-01-16,21.14,11.01,14.96,1.54,55.82,1.6312784768964166,2.7891103877506302
2006-01-17,15.06,9.75,11.87,0.81,75.14,0.6836424253984617,1.1797670151617432
2006-01-18,21.01,11.22,14.52,0.0,55.77,1.5834188160502385,1.829831543906609
2006-01-19,22.12,7.87,13.47,0.0,38.78,2.128457614836242,3.6426191128736307
2006-01-20,22.22,5.74,12.59,0.0,32.68,2.2354915355057625,3.3977611091080484
2006-01-21,20.89,4.57,11.34,0.0,39.64,1.975852302915577,3.3648533621749497
2006-01-22,21.01,6.78,11.79,0.0,31.86,2.0827738219138796,3.355626375098515
2006-01-23,20.54,4.0,10.89,0.0,28.54,2.0664471956833785,3.234664627515633
2006-01-24,21.75,3.1,11.29,0.0,33.42,2.1912918975092426,3.4411643633404156
2006-01-25,22.41,4.36,12.2,0.0,30.77,2.3183844211781532,3.449646770149356
2006-01-26,22.42,5.98,12.47,0.0,26.46,2.3507476664505464,3.470769757183348
2006-01-27,24.23,4.84,13.32,0.0,28.45,2.6324139357057854,3.7612127210096524
2006-01-28,20.25,8.86,13.35,0.0,31.62,1.9041236326240993,2.904994480443441
2006-01-29,23.98,8.56,14.7,0.0,42.89,2.3136087159777823,3.0674969240040255
2006-01-30,27.75,8.4,16.85,0.0,42.82,3.0246479683105596,3.525530529988233
2006-01-31,29.69,10.86,18.82,0.0,28.48,3.623363597704443,3.694221654556483
2006-02-01,26.92,12.76,18.76,0.0,25.65,3.0255096453156223,3.9042155000000514
2006-02-02,28.04,8.7,17.17,0.0,32.81,3.2096410240632918,4.420589526112658
2006-02-03,28.76,9.73,17.84,0.0,35.49,3.29042106190801,4.801492987404515
2006-02-04,29.08,7.85,16.93,0.0,29.56,3.5371599674309095,4.820020067945606
2006-02-05,29.58,8.55,18.63,0.0,21.11,3.739237350070214,4.30172378831346
2006-02-06,29.32,12.1,20.0,0.0,17.87,3.6795164738722326,3.7384874266421932
2006-02-07,28.14,14.16,19.51,0.0,19.24,3.3899956984345505,3.3202012180674085
2006-02-08,28.54,14.88,20.15,0.0,20.91,3.4205726429835708,4.037192136571854
2006-02-09,30.09,12.28,19.59,0.0,23.42,3.7676619361252004,4.046343804613587
2006-02-10,29.64,13.51,19.77,0.0,28.23,3.535133521087954,4.258334687228994
2006-02-11,30.84,13.62,21.63,0.0,23.49,3.891536020823545,3.6387924636585525
2006-02-12,32.01,13.05,22.17,0.0,22.86,4.1897110390293255,3.908230571334084
2006-02-13,31.81,16.75,22.4,0.0,24.7,4.070116037477488,4.100647244363552
2006-02-14,29.89,17.4,21.86,0.0,27.74,3.515258018758986,4.02542178574122
2006-02-15,30.13,14.22,21.66,0.0,28.39,3.5792011597883207,3.3779034458974473
2006-02-16,31.74,13.78,21.93,0.0,33.21,3.8812128827413037,3.850322869885377
2006-02-17,32.3,14.62,22.43,0.0,31.95,4.0152450262859025,4.920254177639621
2006-02-18,30.2,16.5,22.5,0.0,36.07,3.3451563690465997,4.124167087546511
2006-02-19,31.28,16.51,23.03,0.0,41.07,3.465347862493539,4.3326236923746695
2006-02-20,32.42,17.61,23.55,0.0,37.57,3.825615645122744,4.259309757579905
2006-02-21,31.62,16.27,22.95,0.0,25.16,3.974788915978548,5.186626680761912
2006-02-22,32.97,16.92,23.94,0.03,27.37,4.248184663589531,4.800709922346976
2006-02-23,33.11,16.71,23.95,0.01,26.91,4.30564960510068,5.173620001763706
2006-02-24,33.29,15.38,23.46,0.0,27.86,4.358541031102728,5.042409685272752
2006-02-25,31.26,16.17,23.53,0.39,28.82,3.7777630294230056,3.887425989592527
2006-02-26,31.04,15.39,22.45,0.45,47.64,3.345432406492717,3.998001801744639
2006-02-27,29.94,14.66,21.15,1.22,43.26,3.276408784617826,4.985055279109592
2006-02-28,29.95,11.58,19.79,0.0,31.6,3.621443867061753,5.39938428262893
2006-03-01,31.2,10.87,20.4,0.0,21.29,4.103905031964882,5.174955926823106
2006-03-02,31.87,15.54,21.82,0.0,16.94,4.311715320663324,4.48678349655466
2006-03-03,31.95,13.55,22.08,0.0,19.1,4.271120304821104,4.689687367640787
2006-03-04,32.53,15.23,22.59,0.0,18.59,4.426688047622821,4.547785315643818
2006-03-05,31.99,13.96,22.26,0.0,19.86,4.255474054853096,5.331014441391829
2006-03-06,31.91,16.28,23.2,0.52,21.65,4.146436498525243,4.541973122668813
2006-03-07,32.57,15.18,23.23,0.05,29.61,4.1310879887616565,5.190141010019956
2006-03-08,33.29,15.24,23.98,0.03,26.18,4.410939372920323,4.806525844601647
2006-03-09,31.53,18.26,23.92,0.35,36.2,3.600932974365911,3.7914656447139823
2006-03-10,24.26,16.71,19.74,11.07,65.22,1.5612082639915967,2.2587989090507437
2006-03-11,25.3,16.04,19.96,1.87,71.15,1.6303676089917605,3.0691653604235567
2006-03-12,28.17,14.17,21.32,0.02,54.27,2.520417198962675,3.5299745187051306
2006-03-13,26.71,16.34,21.16,0.03,48.7,2.3161095137162047,2.8702402136352974
2006-03-14,23.11,15.85,18.35,12.99,77.12,1.228541354399513,1.8262294979307288
2006-03-15,24.58,14.42,18.65,2.47,71.31,1.6265247224423864,3.117311278369575
2006-03-16,28.42,12.33,19.69,0.0,53.11,2.8027788986116704,4.455904903043866
2006-03-17,28.86,11.55,19.45,0.0,41.65,3.1185741633933635,5.385283611555468
2006-03-18,29.38,11.6,19.49,0.0,38.56,3.305513235403427,4.993201035148353
2006-03-19,30.93,13.29,21.56,0.0,39.65,3.557583015328321,4.90715504751451
2006-03-20,30.31,16.15,22.41,0.02,40.66,3.3047874414379903,4.134349695603578
2006-03-21,30.49,13.43,21.27,0.0,45.55,3.3156059586947104,5.947252810619741
2006-03-22,31.18,12.46,21.65,0.0,38.93,3.66164168813413,6.057191763918406
2006-03-23,33.9,16.5,24.18,0.08,31.84,4.413743418219078,5.73493392777441
2006-03-24,34.12,16.73,24.58,0.58,34.07,4.413300720102135,5.427020572372082
2006-03-25,31.0,14.28,22.2,0.0,45.57,3.3660681379799975,5.293608192277183
2006-03-26,30.25,16.39,22.59,6.7,47.18,3.10805154624667,4.586694967812566
2006-03-27,30.74,14.35,21.94,1.17,46.69,3.342003606053125,5.170297079702406
2006-03-28,29.85,15.03,21.76,1.11,46.6,3.0915617645991293,4.94618837844724
2006-03-29,32.92,13.42,22.59,0.0,36.94,4.11625147592067,6.258775659318442
2006-03-30,33.73,14.22,24.49,0.0,33.5,4.30664479174928,6.08413308654312
2006-03-31,35.42,20.8,27.25,0.0,26.15,4.879165203446584,5.166753673398069
2006-04-01,36.54,18.31,27.76,0.0,25.99,5.27104227737606,5.726283786449535
2006-04-02,36.69,19.06,27.13,0.0,28.16,5.260740698000261,5.658973621188096
2006-04-03,36.03,18.94,26.81,0.03,28.84,5.051314907152011,6.236463587189679
2006-04-04,36.55,18.44,27.02,0.0,24.95,5.328075467403784,7.6469452987866715
2006-04-05,38.38,17.81,27.74,0.0,26.1,5.926239953477738,8.282660387729933
2006-04-06,40.47,20.48,30.03,0.0,22.43,6.712936117025338,7.224916346256529
2006-04-07,40.33,21.71,30.18,0.0,18.95,6.801690677193711,7.678702226508701
2006-04-08,37.57,21.58,28.85,0.0,17.98,5.811755014139701,4.98525686721489
2006-04-09,37.54,23.88,29.37,0.06,22.21,5.597917847166676,9.164357949896196
2006-04-10,35.34,18.87,27.02,0.0,32.17,4.737621580058397,7.2876162013690085
2006-04-11,36.27,16.39,26.4,0.0,14.95,5.579402855617585,7.056918031365596
2006-04-12,34.6,15.86,24.73,0.0,12.15,5.175979536114154,8.469004351186673
2006-04-13,35.71,15.34,25.12,0.0,11.02,5.542516169485625,7.2849887336701045
2006-04-14,37.06,17.34,26.63,0.0,10.95,5.951750278274043,6.950337795193816
2006-04-15,37.82,18.58,28.81,0.0,11.04,6.164282802919475,6.264740638540958
2006-04-16,37.52,22.54,29.58,0.0,15.68,5.848363438002179,6.490084328933014
2006-04-17,36.92,19.4,28.28,0.0,20.61,5.536817230220239,7.155496222247605
2006-04-18,36.64,20.68,28.64,0.04,16.8,5.560002983947681,6.634649691727946
2006-04-19,36.47,19.89,28.08,0.16,29.76,5.089929998443164,7.592625350464852
2006-04-20,37.29,20.52,29.16,0.0,21.42,5.554454516690747,6.745660598038093
2006-04-21,36.04,22.44,29.38,0.0,21.73,5.095043440928139,5.6033869583128775
2006-04-22,39.68,23.01,31.24,0.0,20.79,6.378438536624519,6.939146382017193
2006-04-23,41.4,23.89,32.39,0.19,19.2,7.0951616929631225,6.61511843641425
2006-04-24,40.99,23.97,32.39,0.19,17.43,7.007345357610514,6.628512692295919
2006-04-25,42.88,25.59,33.87,0.0,15.11,7.831640950456405,7.564110952644667
2006-04-26,43.66,24.1,34.17,0.0,15.9,8.150259982944782,8.045216703663156
2006-04-27,44.45,24.98,34.88,0.0,14.62,8.549411919291003,10.114957478195063
2006-04-28,44.48,25.81,35.23,0.4,13.45,8.594226233062471,8.583219437020844
2006-04-29,43.21,26.88,35.04,0.1,16.6,7.852565559898227,7.384348219369116
2006-04-30,42.93,27.08,34.98,0.0,18.23,7.625328638764817,7.742912697664127
2006-05-01,43.34,25.58,34.53,0.0,16.43,7.969199955947149,8.137793463870095
2006-05-02,42.1,27.21,34.48,0.1,19.26,7.249176258137393,6.231559937187424
2006-05-03,41.4,25.69,33.78,0.0,19.27,6.983347981164574,9.155310501601274
2006-05-04,43.16,28.88,35.92,0.0,14.82,7.880769055672385,7.56731596440154
2006-05-05,46.06,28.88,37.7,0.0,11.01,9.436469758729384,6.583030891587415
2006-05-06,45.96,27.7,37.58,0.0,11.95,9.337558663092329,7.143933694841367
2006-05-07,46.16,27.27,37.34,0.0,13.98,9.336079558505492,8.802863494346933
2006-05-08,45.38,28.35,37.26,0.03,18.38,8.646321628301287,8.97538647171697
2006-05-09,43.68,28.51,36.55,2.22,20.98,7.741589344668552,5.947539591882477
2006-05-10,44.19,28.6,36.61,0.0,21.2,7.983702808253144,7.932586744950226
2006-05-11,44.89,28.29,37.53,0.03,16.43,8.536823753064931,7.247676599858158
2006-05-12,45.76,28.76,37.71,0.01,16.3,8.99337765301267,8.77100724153696
2006-05-13,46.38,27.85,37.81,0.0,14.02,9.42165468154647,7.544620193142309
2006-05-14,46.52,29.31,38.13,0.1,15.94,9.357414890228933,8.577862519215103
2006-05-15,45.61,30.1,38.08,0.38,20.42,8.580550894938613,8.589827518633406
2006-05-16,46.21,30.72,37.82,1.0,27.23,8.551207939326542,11.125924713635571
2006-05-17,40.03,28.26,34.16,2.45,35.21,5.5668035702700935,8.735683479427173
2006-05-18,41.76,29.68,35.75,0.17,29.87,6.40610510569292,7.284297730282777
2006-05-19,42.4,29.73,36.18,0.08,27.7,6.759633127469079,6.56431966064623
2006-05-20,40.08,30.62,34.82,4.52,34.29,5.579519849729782,6.842687426483201
2006-05-21,42.11,27.98,35.27,1.13,34.1,6.459289619600882,7.408754038650758
2006-05-22,42.14,30.28,35.93,0.67,38.56,6.114955344490671,8.756038669608404
2006-05-23,41.13,28.77,35.14,2.87,39.88,5.729609179222868,7.1944810509923744
2006-05-24,42.59,29.19,36.36,0.0,30.72,6.671635963102753,6.989691936156546
2006-05-25,44.58,30.71,37.9,0.05,26.83,7.709062100249256,7.907963904263087
2006-05-26,42.47,29.07,36.18,8.56,36.09,6.383294920224975,7.359582320777351
2006-05-27,45.72,29.09,37.88,0.01,25.92,8.462765994773601,8.88087508318798
2006-05-28,45.36,28.7,37.08,0.17,25.71,8.263531986411685,10.160984446959413
2006-05-29,43.82,29.37,37.04,0.98,29.45,7.25046004118918,9.739815203011501
2006-05-30,44.33,31.63,38.33,0.0,23.96,7.753529813714835,6.767561746653444
2006-05-31,45.39,31.53,38.69,0.0,19.75,8.487852861319857,8.480576576800757
2006-06-01,43.71,30.26,37.06,3.17,23.33,7.595087327836244,7.38870163941287
2006-06-02,42.3,29.41,35.96,0.0,23.38,7.0180878523366,5.9916166863111515
2006-06-03,40.29,29.5,34.71,0.05,33.64,5.7077792049287845,8.977157897213573
2006-06-04,41.33,27.42,34.94,0.69,36.09,6.060111330981243,7.9679291547013085
2006-06-05,40.88,30.43,35.13,0.09,29.04,6.125864135003146,8.035631419118978
2006-06-06,42.7,30.24,36.25,0.0,22.16,7.237275200704839,8.822434769305843
2006-06-07,43.55,30.37,36.75,0.0,18.96,7.764004608699369,8.974608776941611
2006-06-08,43.84,28.58,36.49,0.0,16.23,8.110131184661292,8.784329028156112
2006-06-09,45.0,28.22,36.98,0.0,14.13,8.758860543017338,10.24208353443432
2006-06-10,45.72,28.83,37.36,0.0,10.37,9.326837423984514,10.658873947797105
2006-06-11,45.75,28.37,37.53,0.0,13.27,9.17761063741685,10.434759850835565
2006-06-12,44.87,29.09,37.11,0.19,16.38,8.531103533950084,11.188956857100019
2006-06-13,43.06,28.72,35.94,3.74,23.07,7.42546747786757,7.874351768860337
2006-06-14,40.91,28.5,34.97,0.06,34.25,5.942274157741167,8.339840182292141
2006-06-15,42.32,29.62,35.93,1.51,29.91,6.671573680453081,8.102719298996911
2006-06-16,40.07,29.96,34.79,7.64,36.96,5.429545459051013,4.0367730064781115
2006-06-17,37.05,24.75,31.16,6.63,48.33,4.179425642476428,5.855027610910148
2006-06-18,39.78,25.77,32.72,0.0,36.37,5.624426444379768,7.626122562739143
2006-06-19,35.96,25.67,30.64,8.49,42.96,4.10968483724737,5.024845866974662
2006-06-20,40.02,25.13,33.1,0.01,36.67,5.663807362269814,6.990201012787
2006-06-21,41.16,26.86,34.69,0.05,34.62,6.07388646258212,6.772168992202239
2006-06-22,42.96,30.1,36.51,0.01,29.05,6.952122276099345,7.189127013425218
2006-06-23,41.74,30.41,36.18,0.23,34.09,6.087636808525476,6.745164256372753
2006-06-24,39.67,31.59,35.34,8.5,46.53,4.628620679136819,6.913012794902488
2006-06-25,40.28,29.62,35.06,4.02,46.99,4.946969311800042,7.253860886744997
2006-06-26,38.73,30.15,34.41,5.43,52.16,4.110087759562687,7.17964889436046
2006-06-27,38.0,30.16,34.12,7.78,53.44,3.8271928959065313,5.364648473737678
2006-06-28,39.08,29.29,34.31,2.78,52.7,4.269371790292103,6.501720048937567
2006-06-29,37.68,30.24,34.09,9.29,52.96,3.726933370030748,4.4679976683861815
2006-06-30,38.61,28.56,33.54,0.21,53.5,4.1586589699257175,6.587372615331122
2006-07-01,41.71,28.89,35.44,0.01,46.12,5.546310717662152,7.534781059966161
2006-07-02,43.29,31.25,37.3,0.05,38.2,6.484449160317541,6.426277781429146
2006-07-03,44.28,31.02,37.71,0.23,37.93,6.873218804809079,8.134310672414575
2006-07-04,44.55,30.98,38.13,0.03,38.66,6.943848524099377,7.574207041350642
2006-07-05,41.85,32.05,37.01,0.04,41.36,5.5873549930951105,8.914332027889957
2006-07-06,41.91,32.83,37.2,0.0,41.28,5.591137983852587,7.945062033348852
2006-07-07,43.03,32.1,38.11,0.0,38.91,6.129205749040187,7.523516144551154
2006-07-08,42.43,34.43,38.44,0.01,40.03,5.691684363551407,7.529849910923314
2006-07-09,39.67,30.47,35.65,18.01,53.0,4.241399886677774,5.842672259247532
2006-07-10,35.35,28.05,31.57,6.55,68.16,2.6318858692789635,4.233243085944744
2006-07-11,36.79,27.83,31.7,4.49,62.7,3.3529176650762498,5.278360456114185
2006-07-12,37.25,27.59,32.3,11.04,61.9,3.4319193359506355,5.741105826739748
2006-07-13,33.49,28.33,30.56,26.22,72.59,2.004169889185719,4.689576545067667
2006-07-14,35.7,27.24,31.11,2.31,64.18,3.015719173922832,4.439111305254191
2006-07-15,40.12,27.27,33.43,0.0,51.86,4.889709656820017,6.764461181900118
2006-07-16,41.01,27.78,34.09,0.04,47.94,5.38813689273945,7.269951462624378
2006-07-17,40.84,27.5,34.09,0.06,44.0,5.529907556365509,6.900162403107231
2006-07-18,40.75,27.13,34.16,1.12,49.63,5.147020998459434,6.857541251144512
2006-07-19,39.46,29.03,34.15,0.84,53.28,4.4403820761138535,6.864262512782671
2006-07-20,38.37,28.92,33.63,0.23,54.91,3.986181408089864,6.566857141709897
2006-07-21,40.63,28.68,34.43,0.02,51.64,4.9325797820348605,8.4877424003748
2006-07-22,39.73,28.69,34.1,0.02,50.18,4.659860261121761,8.143457196388518
2006-07-23,36.93,27.92,32.07,0.85,57.64,3.559902733677202,6.405551909458666
2006-07-24,36.61,28.51,32.53,9.11,60.96,3.2156598979240885,5.496064074236612
2006-07-25,36.67,28.71,32.49,7.41,62.58,3.153819928464304,4.872536383305194
2006-07-26,32.73,26.62,30.0,21.58,75.34,1.7961109911748303,2.5445914223854804
2006-07-27,33.01,25.7,28.67,18.52,77.85,2.0148535343132745,5.266997754701766
2006-07-28,34.35,25.47,29.61,2.53,71.37,2.5195349218993948,6.2263395968754915
2006-07-29,34.13,26.04,30.26,0.17,67.77,2.49878825303926,5.375495518112001
2006-07-30,37.45,27.14,32.5,9.34,60.4,3.5659799633819915,6.498679294660322
2006-07-31,36.01,27.23,30.65,0.06,63.8,3.226934058094219,5.1991468059776205
2006-08-01,38.65,26.5,32.14,0.06,60.49,4.0517340095693335,7.211970588794037
2006-08-02,36.18,27.37,31.31,0.37,66.64,3.012421609773832,6.8191837932424875
2006-08-03,35.98,27.02,31.38,0.06,64.22,3.0528784495188717,5.634410231118526
2006-08-04,35.43,26.54,30.64,0.63,67.34,2.8516818722167323,4.823515680927135
2006-08-05,34.82,26.12,29.77,1.73,69.09,2.740508246862389,5.702616463966839
2006-08-06,36.06,25.19,30.42,4.76,66.9,3.156239624750326,6.444916079725481
2006-08-07,34.21,26.12,29.96,8.06,70.8,2.4494014727555027,4.977220761724764
2006-08-08,36.3,25.69,30.96,0.03,64.67,3.2249478109496716,6.196229766058842
2006-08-09,37.39,26.58,32.0,0.02,60.54,3.635389210277086,5.917341497537222
2006-08-10,36.58,27.52,32.22,0.44,59.75,3.3266432398555885,5.8153840671429755
2006-08-11,38.86,27.73,32.96,0.03,58.55,4.114328209893831,6.725170256147147
2006-08-12,36.64,27.49,31.95,0.0,61.73,3.2902682300728228,6.4793163337565405
2006-08-13,37.86,27.69,32.96,0.02,59.61,3.6757492298975323,5.9320357173572695
2006-08-14,38.13,28.67,33.24,4.54,58.58,3.774192051403065,5.521760380301119
2006-08-15,36.7,27.24,32.06,2.36,63.07,3.2512018120676,5.500306797377588
2006-08-16,37.29,28.16,32.5,0.01,59.87,3.5120622039112983,6.007253997180689
2006-08-17,39.47,28.97,33.86,0.52,54.79,4.3924915469459735,5.75750154887087
2006-08-18,41.37,28.83,34.57,0.14,50.4,5.346553610497233,5.973664750346826
2006-08-19,38.66,28.42,33.09,0.09,56.48,4.084185613873581,7.345059230612852
2006-08-20,37.3,27.62,32.18,0.02,61.84,3.482544962171919,7.272667282285523
2006-08-21,38.46,27.97,32.99,0.0,56.03,4.0673894821299506,6.758858241710711
2006-08-22,39.1,28.13,33.57,0.2,53.76,4.333146975282698,6.578403386146455
2006-08-23,36.47,28.55,32.26,0.99,57.66,3.3520788667476107,4.937271566989931
2006-08-24,38.65,28.6,33.31,6.56,55.19,4.125638813873328,5.9158290344734334
2006-08-25,39.55,28.08,33.64,3.57,54.4,4.469991865649208,6.565769437214555
2006-08-26,38.95,28.98,33.79,0.6,53.39,4.233870355909174,7.174959613979516
2006-08-27,35.77,28.46,32.26,20.75,58.65,3.070562417761696,5.890502406250097
2006-08-28,35.49,26.68,30.74,3.69,64.23,3.0078452476160846,4.820809158459198
2006-08-29,36.32,26.62,31.53,0.67,57.78,3.454887301213397,4.9940338088145975
2006-08-30,36.75,26.28,31.3,1.62,57.87,3.627022628443268,5.5960652166908185
2006-08-31,33.81,25.21,29.01,3.7,65.36,2.7066607104295066,3.7906321308881297
2006-09-01,30.98,23.78,27.12,32.33,78.78,1.689914700928389,4.0044955913245905
2006-09-02,29.45,23.69,26.16,38.09,85.73,1.2207309724283353,2.4823632921188907
2006-09-03,33.52,23.18,27.71,6.05,77.52,2.3777834613594218,4.567903136547609
2006-09-04,33.5,22.27,27.46,0.0,75.75,2.4835599558583454,4.594967270002419
2006-09-05,34.91,23.12,29.02,0.0,69.37,2.9119166331316335,4.714870811961269
2006-09-06,35.33,24.76,29.83,0.07,69.15,2.9046952103885815,4.865268109987206
2006-09-07,35.97,25.9,30.5,0.38,68.28,3.0356949680570207,4.965095357238512
2006-09-08,35.54,25.58,30.61,0.16,67.28,2.921488268201331,4.8562269632547705
2006-09-09,36.06,25.69,30.72,0.09,67.02,3.0789804248448736,5.33702166191007
2006-09-10,35.62,25.98,30.4,0.02,67.81,2.948780347982452,5.48583094630607
2006-09-11,35.83,25.76,30.57,0.0,65.13,3.1017578528605876,5.511322500259559
2006-09-12,36.48,26.22,30.87,0.02,61.54,3.4633731959729146,5.06996209870984
2006-09-13,36.76,24.91,30.37,0.4,60.53,3.695533182859546,4.647103046380279
2006-09-14,35.73,25.68,29.96,0.23,61.25,3.3496912284515625,4.767313210809003
2006-09-15,35.76,24.94,29.98,0.72,61.2,3.3685574038947035,4.6681804423899536
2006-09-16,36.57,24.14,29.92,0.11,60.68,3.6877904670354575,5.356549974510631
2006-09-17,37.03,24.51,30.27,0.0,62.69,3.7080761151901327,5.323053822257869
2006-09-18,37.18,24.75,30.61,0.0,61.14,3.7862644697835184,5.093565742461739
2006-09-19,37.81,25.4,31.29,0.0,55.83,4.140891913556127,5.157637094585162
2006-09-20,37.88,25.35,31.09,0.22,53.69,4.285259099905214,5.265392166580848
2006-09-21,37.13,25.0,30.41,0.22,55.13,4.0412076631808835,5.194167921772467
2006-09-22,36.0,24.1,29.22,1.87,54.9,3.8205398029956705,4.796299035532666
2006-09-23,36.28,22.06,28.44,0.06,52.79,4.134096258472839,5.69490038228542
2006-09-24,35.8,21.49,27.78,0.0,48.48,4.195856425504155,5.78115989801832
2006-09-25,36.57,21.67,27.95,0.0,48.86,4.446908080215659,5.804384362084928
2006-09-26,36.87,21.51,28.21,0.0,48.08,4.522977080369678,5.574832017834548
2006-09-27,37.12,22.3,28.69,0.0,47.45,4.568427032022994,5.73441827985055
2006-09-28,37.46,22.57,28.64,0.0,42.42,4.886280159004319,5.63387308114743
2006-09-29,36.32,21.66,27.93,0.0,43.13,4.514693966064458,5.517573775987463
2006-09-30,37.49,21.02,28.34,0.0,42.77,4.963036267704646,5.234767118973779
2006-10-01,38.05,21.31,28.67,0.0,40.01,5.214958751191457,5.1409507467585245
2006-10-02,37.45,21.96,28.67,0.0,39.77,5.0006449926884615,5.1575149724810325
2006-10-03,38.28,22.15,29.17,0.0,38.67,5.290455031884954,5.690213133022222
2006-10-04,37.94,23.24,29.64,0.0,40.26,5.028394379559919,5.535723527064921
2006-10-05,39.27,22.81,29.26,0.0,39.55,5.655345029137943,5.858154725544997
2006-10-06,38.79,20.56,28.86,0.0,37.63,5.537068719689419,5.469462895084723
2006-10-07,38.47,22.32,28.96,0.0,35.15,5.499619400788098,5.4108036623335805
2006-10-08,37.39,22.61,29.0,0.0,39.2,4.899771039349032,4.976341130651119
2006-10-09,37.34,23.16,29.04,0.0,42.14,4.791273552857314,5.186823292001797
2006-10-10,36.9,22.86,28.82,0.0,43.84,4.622295709663255,5.1945908796286115
2006-10-11,36.75,21.33,28.57,0.0,43.69,4.625183107024584,5.331819416998543
2006-10-12,37.0,22.11,29.23,0.04,40.74,4.7343912323959465,4.546554579964791
2006-10-13,36.19,23.49,29.02,2.82,43.85,4.316440385359473,4.291365374214182
2006-10-14,33.77,23.05,27.63,0.14,50.31,3.4517309842206942,4.7860101171914495
2006-10-15,34.88,20.52,26.84,0.0,47.61,4.0167285053544095,5.046816493187986
2006-10-16,34.88,19.96,26.6,0.0,44.25,4.12551003827019,4.884225120291176
2006-10-17,35.12,21.79,27.2,0.0,43.63,4.151498760997105,4.513075272182924
2006-10-18,35.35,20.95,27.59,0.0,42.03,4.2569820685465185,3.958712699133565
2006-10-19,35.2,21.77,27.3,3.26,44.64,4.161698511575857,5.759961402697403
2006-10-20,24.2,18.48,21.35,11.44,72.87,1.184144815483999,2.9535431982810874
2006-10-21,30.63,17.91,23.25,0.03,53.6,2.946480510405282,3.129648776282743
2006-10-22,30.41,17.97,23.62,0.01,52.19,2.876206215892294,3.853514677385798
2006-10-23,30.87,18.36,23.84,0.0,55.69,2.8649892044995227,3.804909118354249
2006-10-24,28.9,18.08,23.24,0.0,58.02,2.3808674471467945,3.3642891724129784
2006-10-25,31.16,17.94,23.88,0.0,53.54,3.024108974501633,3.686131966988293
2006-10-26,31.69,18.0,23.91,0.0,53.57,3.1733623468499372,3.629362564333699
2006-10-27,31.62,18.73,24.14,0.0,47.41,3.2885289045703816,3.2447248345044724
2006-10-28,31.34,18.53,23.85,0.0,46.93,3.2517846951198806,3.227133470072628
2006-10-29,31.68,18.46,23.73,0.0,46.95,3.356753537571559,4.1813297123479805
2006-10-30,31.58,17.4,23.24,0.0,48.66,3.340803393642454,3.866913078954965
2006-10-31,31.45,18.63,24.01,0.0,48.29,3.2202256599712205,3.4022683323367415
2006-11-01,31.61,18.33,23.93,0.0,47.11,3.306525462063567,3.205216338828083
2006-11-02,30.82,19.1,23.67,0.0,50.08,3.034919422958505,3.1968081949162293
2006-11-03,30.38,18.85,23.15,0.0,52.52,2.892648479796459,3.579382545386992
2006-11-04,30.78,17.11,22.92,0.0,54.87,2.9928494134898607,3.6024343178286955
2006-11-05,30.71,18.46,22.63,0.0,49.95,3.108850924802318,3.5289791126315477
2006-11-06,31.01,17.93,23.17,0.0,48.86,3.1754394239669383,2.85899030134059
2006-11-07,31.46,17.85,23.42,0.0,44.74,3.4072902797348505,3.0280786080404116
2006-11-08,31.63,15.48,22.27,0.0,44.93,3.5365815629207757,3.394819656791593
2006-11-09,30.62,15.52,21.8,0.0,46.39,3.2575227377429226,3.327476440684924
2006-11-10,30.27,15.1,21.71,0.0,48.17,3.1210001031651897,3.197711350609159
2006-11-11,31.37,16.6,22.63,0.0,47.13,3.3560139582415704,3.317692402108617
2006-11-12,30.13,18.28,22.55,0.01,49.25,2.9880413758974287,3.417139142584763
2006-11-13,28.98,16.68,21.52,0.0,51.85,2.721981665696265,3.201059771587783
2006-11-14,29.6,14.74,20.89,0.0,46.36,3.0739128242389286,3.766594402575482
2006-11-15,29.46,14.54,20.82,0.0,38.03,3.246554400717096,4.254761582067077
2006-11-16,29.11,13.17,20.08,0.01,42.66,3.086999811591194,4.040523680831529
2006-11-17,28.71,14.67,20.57,1.11,49.77,2.7979353279160595,3.881667761413591
2006-11-18,26.4,15.16,18.99,0.34,66.25,2.040107137030917,2.609009455611303
2006-11-19,27.82,13.36,19.54,0.02,54.27,2.6078537297100026,3.886801735374266
2006-11-20,28.17,12.63,19.25,0.0,49.08,2.806670312877131,4.211184354307396
2006-11-21,28.42,11.95,19.4,0.01,45.45,2.916668090783672,3.5663336339272425
2006-11-22,24.48,15.27,18.66,6.16,52.64,1.9596146823193081,2.64215281854091
2006-11-23,25.83,12.15,17.87,0.04,55.92,2.2462390952317555,3.107040816007675
2006-11-24,24.83,11.39,16.59,0.0,45.77,2.3367802486440232,3.1947131865249534
2006-11-25,24.34,8.4,15.04,0.0,38.49,2.443390111148519,3.4288108601708207
2006-11-26,24.2,6.7,14.24,0.0,39.87,2.4322876597121366,3.632553555184033
2006-11-27,23.03,9.36,15.03,0.0,36.2,2.2345889399549286,2.6260984146156243
2006-11-28,23.65,9.86,14.89,0.0,35.06,2.3709106832856195,2.973667744280315
2006-11-29,24.32,8.5,14.8,0.0,39.87,2.4147228865294648,3.49875767536072
2006-11-30,24.19,7.74,14.57,0.0,43.95,2.350907355961019,3.7858958541720424
2006-12-01,24.47,7.96,14.78,0.0,41.38,2.4251154272358333,3.3888354939240246
2006-12-02,24.28,7.93,14.64,0.0,38.68,2.4420545401021156,3.5427426490871587
2006-12-03,25.01,10.35,16.21,0.02,40.02,2.487408955942178,3.6073493360378786
2006-12-04,20.47,12.7,15.81,4.08,67.33,1.2165636101054493,1.5555160450893362
2006-12-05,19.5,13.63,15.79,3.45,78.35,0.869855655849537,1.7864971006025772
2006-12-06,23.76,12.07,16.67,0.0,64.78,1.772032497280983,2.211106155126002
2006-12-07,22.12,7.9,13.9,0.0,59.77,1.7688550935369167,2.3043393351623527
2006-12-08,22.27,6.98,13.75,0.0,50.97,1.9251360076124906,2.366719561716981
2006-12-09,22.94,9.15,15.06,0.0,48.3,2.0030102017325992,2.1398604145243474
2006-12-10,21.41,11.62,15.23,2.11,46.04,1.7757309373515087,2.1967650481728196
2006-12-11,20.01,8.29,12.84,0.0,60.45,1.483123777743947,1.9753450168575808
2006-12-12,20.36,7.18,12.24,0.0,64.77,1.5155402163263196,2.100265137821564
2006-12-13,21.15,6.05,12.14,0.0,54.77,1.7957396545665922,2.6424574978326807
2006-12-14,23.48,5.92,12.87,0.0,44.5,2.2974962104859586,3.5700024648628217
2006-12-15,23.46,5.23,12.92,0.0,44.54,2.289657950318423,3.2301085977549375
2006-12-16,24.5,7.1,14.33,0.0,41.4,2.4503839440110107,3.621685062857334
2006-12-17,25.61,6.96,14.32,0.0,48.66,2.5663515910810437,3.5017725131062063
2006-12-18,24.47,6.3,14.38,0.0,43.36,2.429295859775843,2.9584996288023357
2006-12-19,24.04,9.2,15.12,0.0,37.69,2.3789541707647386,2.8071429362327187
2006-12-20,21.96,9.6,13.88,0.0,45.47,1.9463619359397062,3.4521967462510768
2006-12-21,22.39,8.26,14.22,0.0,62.87,1.7240016537487137,2.251489199410607
2006-12-22,23.02,8.81,14.29,0.0,65.09,1.8089138333821493,2.5474943372838164
2006-12-23,22.82,6.52,13.32,0.0,56.17,1.9994461523849343,2.2579914517986683
2006-12-24,23.13,7.51,13.61,0.0,45.05,2.1729967229640725,2.673191753711029
2006-12-25,23.13,6.32,13.55,0.47,42.6,2.2291985051253733,2.7222026548752574
2006-12-26,15.08,8.77,11.5,1.93,70.96,0.7647013878145872,1.5971982516234637
2006-12-27,21.01,6.22,12.31,0.0,69.48,1.5508312975425076,2.5721182615780056
2006-12-28,20.74,4.14,11.55,0.0,56.08,1.7682424906193352,2.64883395172927
2006-12-29,20.82,8.42,13.04,0.0,43.06,1.8416914766857335,2.108540433210004
2006-12-30,19.88,7.35,12.23,0.0,43.25,1.7277217734525951,2.065848299694987
2006-12-31,19.75,7.95,12.14,0.0,43.23,1.7121179685904813,1.9209197271967224
2007-01-01,19.58,5.82,11.29,0.0,52.03,1.6157563507886303,2.1995614373645247
2007-01-02,20.98,4.58,11.15,0.0,57.19,1.786349555945784,2.740417343031369
2007-01-03,19.99,3.29,9.98,0.0,48.86,1.7936025714097366,2.878847941648519
2007-01-04,19.77,1.97,9.38,0.0,42.24,1.857393508972943,2.7406062839928302
2007-01-05,19.41,1.72,9.23,0.0,36.38,1.8687425033153713,2.910515145081435
2007-01-06,18.64,2.31,8.69,0.0,38.22,1.746462492320113,2.680200062275843
2007-01-07,17.38,0.45,7.74,0.0,45.81,1.5377599211722104,2.512999666291757
2007-01-08,18.61,1.46,9.81,0.0,38.37,1.720430567622236,2.123294606180922
2007-01-09,20.7,5.37,11.33,0.0,34.33,2.0077279231709744,2.219564313370196
2007-01-10,18.63,4.85,9.69,0.0,41.1,1.682206454996007,2.6205223093675025
2007-01-11,20.57,2.19,10.14,0.0,43.98,1.9243439295658658,2.7839579230695723
2007-01-12,20.54,4.09,10.87,0.0,42.65,1.9142787664434344,2.5124729378667636
2007-01-13,20.42,4.55,11.15,0.0,39.71,1.9220750826232147,2.9456673069046095
2007-01-14,20.12,5.12,11.06,0.0,36.48,1.9109350339556737,2.8030395897870806
2007-01-15,22.16,5.26,12.03,0.0,39.33,2.156685984993281,3.032823674776666
2007-01-16,23.12,5.12,12.48,0.0,35.89,2.3554073945380054,3.270548655423976
2007-01-17,23.1,5.81,12.84,0.0,37.02,2.3239065329200823,3.282925690954046
2007-01-18,21.15,6.12,12.84,0.0,41.97,1.9232327545641854,2.587183208230123
2007-01-19,22.72,6.77,13.37,0.0,40.34,2.183106602344984,2.965157815424646
2007-01-20,20.92,5.07,11.78,0.0,53.13,1.8162032650273283,2.6982004524234005
2007-01-21,22.21,3.77,11.53,0.0,43.28,2.143484311569054,3.209559247940229
2007-01-22,22.93,2.79,11.18,0.0,39.33,2.356471484525462,3.3850587944977923
2007-01-23,23.1,4.1,12.61,0.0,31.47,2.419476098984373,2.9562391722174306
2007-01-24,23.31,6.28,13.21,0.0,30.56,2.4397694752492054,3.185899550014365
2007-01-25,26.42,6.71,15.5,0.0,30.25,2.968467666337553,3.925838247070281
2007-01-26,28.58,8.97,17.71,0.0,38.22,3.2063537699699114,3.4659306106143135
2007-01-27,27.84,10.57,18.29,0.0,31.16,3.1503113704628567,3.507441375805991
2007-01-28,27.15,12.56,18.22,0.0,28.47,3.0299169509420034,2.8283100169625053
2007-01-29,28.37,12.18,18.96,0.03,33.25,3.1764360464477486,3.013462871980102
2007-01-30,27.77,14.38,19.21,1.39,45.46,2.7636271371949497,3.3155515194719043
2007-01-31,26.81,10.95,17.4,0.09,46.74,2.679911694270146,3.8757219808995034
2007-02-01,27.73,8.16,17.42,0.0,40.6,3.0187969968923203,3.691565410002198
2007-02-02,27.65,12.55,18.26,0.0,33.14,3.056288158325124,2.7749159014367137
2007-02-03,25.93,11.36,17.53,0.0,34.94,2.6993281663134145,2.8372828300209068
2007-02-04,27.14,11.33,17.64,0.0,34.06,2.9631755053399815,3.7066516372767166
2007-02-05,26.68,9.43,17.8,0.01,44.42,2.6542566004553865,3.2149610191267874
2007-02-06,26.38,12.75,18.41,0.24,51.83,2.3909437210173192,2.9732550958621706
2007-02-07,26.92,13.88,19.22,0.0,47.28,2.5550077822232335,2.8760964741548776
2007-02-08,25.33,11.0,18.16,1.0,59.6,2.099472657829396,2.4921125019720227
2007-02-09,23.25,14.46,17.04,1.43,59.92,1.7187932599162188,2.681384890248211
2007-02-10,16.36,13.5,14.64,27.1,88.42,0.38706845736750584,1.156308468543492
2007-02-11,17.56,11.08,13.79,37.33,88.92,0.6169882459045872,1.6558237792788673
2007-02-12,17.61,9.11,13.0,8.67,90.1,0.673017175668911,1.3993158879594763
2007-02-13,16.65,11.13,13.53,5.4,86.25,0.5666618780804706,0.8972509777550347
2007-02-14,18.37,8.77,13.05,0.11,76.3,1.0033979693551631,1.4035659475308877
2007-02-15,17.16,6.85,12.38,0.19,74.82,0.9092855365539207,1.672471923642835
2007-02-16,20.77,9.42,14.11,0.0,66.09,1.4216699933603352,2.449618483278737
2007-02-17,22.03,9.13,14.38,0.0,63.55,1.6599071573998485,2.7943299191488813
2007-02-18,23.44,8.18,14.82,0.15,61.25,1.9224286345656652,2.241288616960803
2007-02-19,22.89,8.61,14.36,0.89,62.76,1.8174705627140177,3.369202642779532
2007-02-20,24.28,6.67,14.58,0.0,57.34,2.1681943997854356,3.719386797671925
2007-02-21,26.41,9.72,16.55,0.01,53.52,2.5080183380951837,3.615846856804723
2007-02-22,25.96,9.68,16.58,0.01,57.27,2.3391907963939724,4.107482788700205
2007-02-23,24.47,8.85,16.35,0.0,49.66,2.2185066263502313,3.743264543214907
2007-02-24,26.49,9.81,17.8,0.0,41.81,2.6832472012204027,3.371945775059308
2007-02-25,25.49,12.26,18.05,0.04,53.51,2.2317095667518823,2.528587953694871
2007-02-26,25.68,10.55,17.97,0.15,55.19,2.259466338631772,3.1539587936015514
2007-02-27,25.64,12.12,18.18,3.1,59.98,2.0797760821476157,2.7958021204792494
2007-02-28,18.39,10.98,15.08,8.3,88.51,0.6055801162762442,1.2830454681129726
2007-03-01,23.3,9.77,15.23,0.08,71.16,1.6892847908814657,3.1640184851323534
2007-03-02,24.48,8.82,15.86,0.0,59.16,2.0848286565904615,3.9112229059191987
2007-03-03,25.57,10.61,17.26,0.0,48.15,2.3849471404204605,3.713730138614784
2007-03-04,26.76,10.27,17.63,0.0,50.38,2.5751452508568997,4.180922450851404
2007-03-05,26.64,10.72,17.29,0.0,51.39,2.542591951685141,4.839410318295672
2007-03-06,26.1,8.0,16.3,0.0,48.4,2.5856755003828207,4.730090075060091
2007-03-07,27.87,9.36,17.68,0.0,43.22,2.9751654809048205,4.894988335792751
2007-03-08,29.1,12.45,19.77,0.0,35.9,3.2668049255512703,4.362086206879812
2007-03-09,29.23,11.31,19.5,0.15,39.83,3.2356059046333088,5.081351196490541
2007-03-10,22.08,12.88,16.45,2.45,59.46,1.559731141460785,3.5530584385529544
2007-03-11,25.08,12.92,18.55,0.65,58.22,1.9890772307965072,2.627158785158656
2007-03-12,20.62,14.68,16.88,22.41,87.41,0.7536166548825374,1.9127132679785694
2007-03-13,23.86,12.48,17.02,2.33,73.7,1.5974507960325808,2.8001960264286265
2007-03-14,23.69,9.67,15.98,0.01,62.38,1.887803084131268,4.107544223234416
2007-03-15,24.5,8.09,15.82,0.0,59.78,2.083063013507405,4.350836645230961
2007-03-16,27.33,9.51,17.71,0.0,56.4,2.594620269707401,4.644125348935441
2007-03-17,29.25,11.98,20.33,0.0,56.19,2.795044235461859,4.779260947957996
2007-03-18,32.54,14.6,23.2,0.0,50.7,3.5635692548438493,4.53125346938875
2007-03-19,31.95,17.68,24.48,0.21,48.97,3.309864789164375,4.464825466770261
2007-03-20,32.19,18.19,24.4,1.26,58.79,3.111666633507001,5.340036445719338
2007-03-21,30.86,16.25,23.26,2.74,59.19,2.936454103086459,4.760847901400423
2007-03-22,30.51,15.41,22.19,2.0,57.88,2.9578658085435965,4.8338447986120565
2007-03-23,30.98,14.9,21.97,0.0,48.44,3.3525373725495458,5.732353490799303
2007-03-24,30.39,13.1,21.26,0.0,44.23,3.343908756296165,5.442548218615212
2007-03-25,30.79,13.76,21.35,0.0,44.35,3.4475732162171004,6.092614908886605
2007-03-26,32.86,12.86,22.28,0.0,45.73,3.9252969681195813,6.174773437868155
2007-03-27,34.3,16.3,24.33,0.0,42.09,4.246661965368007,6.449396493407649
2007-03-28,36.19,17.77,25.74,0.0,41.39,4.767823363743253,6.079138106205514
2007-03-29,37.16,18.15,27.03,0.0,38.78,5.0667522392824695,5.921644072914699
2007-03-30,37.9,19.81,28.41,0.0,37.09,5.288471716382399,5.576218212481422
2007-03-31,37.55,19.78,28.28,0.0,36.45,5.207345502345276,6.311965534108337
2007-04-01,36.93,18.25,26.79,0.0,38.2,5.060310281647528,7.621615962681174
2007-04-02,34.08,16.19,24.74,0.0,37.8,4.3955182683428955,7.115954162168819
2007-04-03,35.34,15.89,24.86,0.0,34.05,4.8427921467048805,8.19804749588627
2007-04-04,36.41,15.52,25.7,0.0,36.88,5.0299196665961645,7.282249763829112
2007-04-05,37.25,19.09,27.22,0.0,37.5,5.16693705358815,7.149913936276748
2007-04-06,36.95,19.54,27.88,0.14,35.43,5.063116440452747,7.154090376394947
2007-04-07,36.78,21.68,28.79,0.86,36.84,4.856445168179503,6.680896134189741
2007-04-08,37.36,20.91,28.23,0.0,33.17,5.259346578761236,6.607981246992323
2007-04-09,36.73,19.59,27.54,0.0,32.15,5.124156046514788,7.502780570062464
2007-04-10,39.23,19.21,28.7,0.0,31.02,6.003291617215427,7.5871114181208865
2007-04-11,39.72,23.31,30.27,0.0,26.62,6.253337999409378,6.7275597360530766
2007-04-12,40.52,21.65,30.41,0.0,27.13,6.584060238125961,6.665573889575318
2007-04-13,40.85,22.46,31.42,0.0,25.21,6.661713556820991,6.551202525560333
2007-04-14,41.55,22.35,31.37,0.0,25.39,6.967474645580882,7.352332506620025
2007-04-15,42.36,24.77,32.33,0.0,28.44,7.146126586749369,6.613554627255063
2007-04-16,42.43,23.96,33.13,0.0,29.39,7.036171417283411,6.724320714859527
2007-04-17,42.39,26.6,34.44,0.07,26.12,7.060946702852588,4.760853801008058
2007-04-18,40.23,25.23,32.56,1.68,33.98,5.898756736547621,6.383707957529308
2007-04-19,39.02,23.84,31.21,4.45,41.52,5.257062438638298,6.955674931840396
2007-04-20,39.77,24.6,31.67,0.0,35.91,5.7351868436574325,6.560445147534138
2007-04-21,40.2,23.63,32.04,1.12,33.35,5.999391414335893,6.7043464617263435
2007-04-22,41.65,24.71,33.08,0.0,26.01,6.885726767769657,7.085025800496003
2007-04-23,41.27,23.5,32.43,0.0,23.21,6.893313344642502,6.868854359863831
2007-04-24,41.23,23.1,32.16,0.0,22.54,6.92489385406501,7.656940969652294
2007-04-25,42.21,24.69,32.68,0.0,18.79,7.455156199563458,7.318762013794415
2007-04-26,42.41,23.89,33.01,0.0,20.63,7.449837614446171,7.778118180262444
2007-04-27,43.64,26.31,34.11,0.0,16.92,8.142096722464254,7.9491969420633914
2007-04-28,43.02,24.41,34.02,0.0,14.79,7.9529946344550675,6.277214875243499
2007-04-29,43.76,26.32,34.59,0.0,13.29,8.306224113755652,6.771481169892582
2007-04-30,44.53,25.61,35.26,0.0,15.49,8.539445473087973,7.717286578770189
2007-05-01,45.25,26.8,36.43,0.0,17.5,8.730345516731106,7.425679282491458
2007-05-02,42.66,27.31,34.93,0.0,19.8,7.427119421367546,9.391173442373182
2007-05-03,43.28,27.96,35.21,0.17,22.23,7.5934458104601115,8.06850020198376
2007-05-04,42.76,27.05,35.06,1.81,24.19,7.2648331508439785,7.402817365947546
2007-05-05,42.47,27.1,34.84,1.67,27.59,6.971136279016278,7.560566167459342
2007-05-06,43.26,27.6,35.48,0.0,24.01,7.471531312126935,7.07119307120802
2007-05-07,43.4,27.33,35.49,0.42,19.85,7.765393351528,8.01908876736988
2007-05-08,43.22,27.37,35.4,0.0,24.72,7.393866713487432,8.349059455985522
2007-05-09,42.42,28.18,35.36,1.07,24.9,7.024609956151416,8.581953883025793
2007-05-10,43.13,27.65,35.48,0.83,23.17,7.463777550482392,8.062736412041154
2007-05-11,41.59,26.4,34.03,1.77,21.35,6.975810933463354,8.593734576240163
2007-05-12,41.35,27.38,34.24,0.1,21.82,6.813974894388944,6.781076929540434
2007-05-13,41.59,25.74,34.09,0.0,24.86,6.766928347896787,8.009914714754721
2007-05-14,43.83,27.56,36.12,0.0,24.49,7.658296068920141,7.692659334077002
2007-05-15,46.1,29.51,38.32,0.0,19.02,8.929577422630354,9.65334186658898
2007-05-16,45.54,30.99,38.58,0.02,19.87,8.563305882397497,8.786402723739302
2007-05-17,43.76,27.63,36.14,0.07,26.58,7.545159379355274,9.905272606957263
2007-05-18,44.73,28.56,37.56,0.02,21.6,8.144478217091175,6.96079243018061
2007-05-19,44.85,30.48,37.7,1.99,21.8,8.188224176502096,7.822117215305909
2007-05-20,42.06,31.65,36.21,2.64,24.31,6.81485488039995,6.835222680320481
2007-05-21,42.64,27.82,35.41,0.1,22.26,7.370310566764285,8.769709804710462
2007-05-22,41.92,28.53,34.9,1.05,24.95,6.901606024020401,8.598202598911577
2007-05-23,42.91,26.57,34.64,0.05,19.82,7.610244124336888,8.247420965537133
2007-05-24,42.2,27.24,34.69,0.0,14.45,7.580357149216884,8.141611576072897
2007-05-25,42.3,28.95,35.42,0.56,12.57,7.644346879303623,6.989734975349673
2007-05-26,39.34,26.23,32.45,0.69,22.82,6.081889762349661,10.065491432237033
2007-05-27,39.24,24.38,32.11,0.02,27.0,5.872884085017271,7.520157378966138
2007-05-28,39.75,25.93,33.19,0.0,22.01,6.21169535009637,7.971688437290652
2007-05-29,40.45,25.74,33.34,0.0,21.68,6.505452336692049,9.132038489946291
2007-05-30,41.23,26.71,34.3,0.0,21.56,6.749553705063194,8.350272315778797
2007-05-31,42.62,28.68,35.6,0.08,20.48,7.332547447382797,7.917317404208942
2007-06-01,44.13,28.2,36.66,0.0,18.55,8.077436979049766,9.655523484066629
2007-06-02,45.52,29.55,37.72,0.0,15.76,8.865682064636212,8.935484377780808
2007-06-03,45.33,30.35,37.76,0.0,16.77,8.691652909861286,8.301671418941407
2007-06-04,44.31,29.66,36.86,0.0,18.17,8.17046681731244,9.35945257862549
2007-06-05,43.85,28.53,36.72,0.0,20.02,7.839420805383481,10.59588124114645
2007-06-06,45.33,30.15,38.36,0.01,25.04,8.148724385283618,11.443251699825359
2007-06-07,46.4,31.58,39.4,0.0,19.62,9.029505320950783,11.992838230455211
2007-06-08,47.69,32.02,39.91,0.0,17.95,9.784631116363547,12.33804101339189
2007-06-09,49.96,31.09,41.34,0.0,16.22,11.16033552786236,13.031898762751327
2007-06-10,49.35,34.39,42.29,0.0,17.9,10.5359810586304,13.578956055834801
2007-06-11,49.22,33.53,42.06,0.0,18.95,10.404013626902127,11.021768876795836
2007-06-12,48.49,35.04,42.03,0.42,23.3,9.587719749040033,9.134401613135411
2007-06-13,46.46,36.15,41.06,0.72,23.54,8.53732844533087,6.321621830285258
2007-06-14,47.37,35.99,41.36,5.19,25.92,8.843636434221784,7.629507063158686
2007-06-15,40.67,29.83,35.55,9.32,43.79,5.18646623178801,6.293670375345217
2007-06-16,36.64,27.36,32.64,22.17,57.84,3.368766817516165,5.254378189426745
2007-06-17,36.76,28.85,33.16,22.09,57.29,3.342772790062205,3.5128043535121485
2007-06-18,39.78,28.23,33.93,1.13,47.9,4.874954573482886,6.718653165974284
2007-06-19,39.12,28.9,33.99,4.27,42.93,4.825493239988239,5.523663579213869
2007-06-20,39.51,28.85,34.37,0.68,45.64,4.833821946091283,6.064249125337266
2007-06-21,40.31,29.33,34.85,1.37,42.47,5.245513370138356,6.725091782631542
2007-06-22,41.44,28.98,35.36,0.0,43.36,5.596326058448236,7.62245089503602
2007-06-23,38.24,30.29,34.27,3.14,51.3,3.9922393810064993,8.119660502222134
2007-06-24,40.98,28.95,35.06,0.01,47.04,5.213062284237657,9.080424872187521
2007-06-25,40.01,29.91,34.95,6.08,49.5,4.6901539370989695,8.121241247870099
2007-06-26,39.92,28.65,34.39,1.96,51.75,4.646643794118393,6.463161979808633
2007-06-27,41.27,29.85,35.42,0.03,47.79,5.25700999662461,7.981607311635346
2007-06-28,39.99,30.76,35.65,10.05,50.1,4.5280807274581445,5.832631346443081
2007-06-29,37.07,29.51,33.39,9.63,60.72,3.2479483961025233,4.782274669250839
2007-06-30,38.54,30.43,34.36,0.69,52.83,4.026476836891043,6.411217564440978
2007-07-01,39.61,30.09,34.97,2.87,50.09,4.488147689996934,5.051013988762102
2007-07-02,40.13,29.79,34.82,0.15,50.16,4.711194222030381,8.589971653353343
2007-07-03,38.0,30.02,33.27,3.52,56.59,3.7863025162951827,5.949728519049897
2007-07-04,36.64,28.04,32.34,0.85,60.47,3.3006155013149976,5.47794370012236
2007-07-05,40.12,27.95,34.59,0.4,52.01,4.680734088812397,6.573156223169582
2007-07-06,42.09,30.09,36.13,0.13,46.69,5.5922575090414,6.702436138704459
2007-07-07,42.44,29.82,36.16,0.76,45.64,5.8212490168999285,7.234010227362489
2007-07-08,36.62,30.06,33.15,1.4,53.79,3.451796722550757,6.208953857793552
2007-07-09,40.44,27.96,34.01,0.97,46.26,5.2178374935417375,5.991018644136271
2007-07-10,39.82,29.21,34.67,0.79,49.78,4.640197181782614,6.702250290385467
2007-07-11,41.68,29.93,35.98,0.62,45.79,5.442263373657229,6.904345402959103
2007-07-12,42.0,30.56,36.41,0.64,46.57,5.471712615108572,7.560694171570974
2007-07-13,40.53,31.53,36.34,7.77,48.17,4.74634096685771,6.492851071909447
2007-07-14,40.46,29.83,35.62,3.05,48.33,4.844336583507772,5.595915664621951
2007-07-15,39.48,30.27,34.71,2.13,47.88,4.59979190963467,4.476846398252628
2007-07-16,41.45,29.36,35.63,0.89,43.4,5.591742057010203,6.400545504703717
2007-07-17,42.56,30.59,36.49,0.0,37.41,6.293383152128961,6.604457497145578
2007-07-18,42.83,30.45,36.49,1.93,40.56,6.216285136869782,7.354380743671798
2007-07-19,43.18,31.71,37.34,0.01,37.96,6.427244032680081,8.739430966466655
2007-07-20,41.87,31.92,36.8,0.02,34.57,6.051725051850918,9.530254310970887
2007-07-21,39.91,32.11,35.5,3.0,44.11,4.834912957910316,6.67062706157285
2007-07-22,38.89,30.66,34.49,1.22,48.83,4.3447889086082,5.789100141082153
2007-07-23,38.07,28.32,33.33,1.65,53.83,3.9930231890090835,6.541975997012381
2007-07-24,38.56,29.28,34.04,4.54,51.45,4.159807456163291,6.127475591477181
2007-07-25,40.91,29.61,35.15,0.33,47.49,5.1607579919659035,7.465341627761733
2007-07-26,43.54,30.08,36.68,0.05,40.68,6.496485613510159,8.474750132857077
2007-07-27,42.85,30.42,36.32,0.17,40.83,6.209211863842049,7.49820097165358
2007-07-28,38.61,29.25,33.44,5.7,52.8,4.197645532916992,6.158546017249788
2007-07-29,40.9,28.1,34.5,1.77,53.44,5.007913881725626,6.5163243657266054
2007-07-30,41.39,30.36,36.04,0.16,44.49,5.387924018731347,5.816562117128923
2007-07-31,42.39,31.01,36.64,0.18,42.15,5.8875330730688615,6.957961543008782
2007-08-01,41.38,30.6,35.81,2.57,45.58,5.344413302494784,7.334548785896776
2007-08-02,38.5,29.25,33.43,17.39,55.97,3.9948389811398672,6.429081269637584
2007-08-03,36.87,27.53,31.82,3.39,61.2,3.4363398538835623,6.003467470989887
2007-08-04,33.94,27.35,30.56,7.33,63.72,2.545997373471793,5.649824714386918
2007-08-05,33.78,27.49,30.17,1.19,65.47,2.4771348408925906,4.656935398572228
2007-08-06,34.15,27.43,30.41,9.43,72.07,2.2596601623257055,4.1266427925905464
2007-08-07,37.71,28.09,32.34,4.28,62.35,3.639973700556914,5.797583055088677
2007-08-08,39.37,28.05,33.74,0.21,54.36,4.365976135251027,6.699468142705602
2007-08-09,38.67,28.13,33.29,0.0,58.21,4.007739062481483,7.071629423443914
2007-08-10,40.32,28.17,34.39,0.04,55.4,4.643237425131886,5.949372271021489
2007-08-11,41.47,30.55,35.89,0.01,49.37,5.169050729291492,6.170639666831923
2007-08-12,40.25,30.97,35.26,3.47,49.73,4.717263651957964,7.189065044724674
2007-08-13,40.2,30.23,34.59,6.1,54.93,4.522223282515258,6.965516370969978
2007-08-14,39.11,30.4,34.54,1.04,54.31,4.15125656376932,5.608864450516164
2007-08-15,39.72,29.92,34.63,0.03,50.3,4.567035604505195,6.14822184766484
2007-08-16,39.79,29.81,34.81,1.54,48.71,4.6704099052153865,6.383635459326283
2007-08-17,41.34,28.9,34.94,0.14,43.4,5.605106982429843,7.544580866206245
2007-08-18,41.16,29.16,35.05,0.01,43.17,5.554445848339991,6.455416207299747
2007-08-19,39.3,27.98,33.11,8.42,52.19,4.619373260217058,5.724747745148817
2007-08-20,36.0,26.13,30.78,2.6,64.31,3.203804271384609,6.211887345353685
2007-08-21,37.52,26.53,31.9,0.0,55.62,3.9168665692941373,6.308222144842419
2007-08-22,37.88,27.31,32.32,1.08,55.81,3.954033131068518,6.511540062378968
2007-08-23,35.3,27.67,31.61,7.48,64.11,2.805315335455948,4.672790879694104
2007-08-24,37.44,26.59,32.31,2.37,59.05,3.6695759715215592,5.196280547947769
2007-08-25,39.72,28.48,34.05,3.2,52.03,4.5834012347602755,5.9483565469380935
2007-08-26,40.38,28.46,34.47,0.96,49.97,4.936667878573855,6.11886693201801
2007-08-27,40.44,29.42,34.28,3.2,48.57,5.035699243040694,6.623777648501341
2007-08-28,39.74,27.93,33.49,1.18,53.53,4.660554496272368,5.923493627489736
2007-08-29,38.62,27.53,32.69,0.1,55.43,4.24619134146582,7.1169610412922015
2007-08-30,38.92,26.6,32.84,0.01,53.83,4.429846755906091,6.288889064914117
2007-08-31,38.38,27.84,32.78,1.74,56.39,4.075975357604049,6.3912526613076155
2007-09-01,39.37,27.29,32.96,1.29,54.74,4.551382232871047,5.834285284543884
2007-09-02,37.86,27.61,32.73,0.12,53.84,3.9961954561807067,6.1016931612202026
2007-09-03,40.06,28.46,34.08,0.02,49.36,4.903045486473573,5.651110230456953
2007-09-04,40.65,28.13,34.37,0.28,47.28,5.218872508929494,5.672351266712023
2007-09-05,39.37,27.94,33.26,9.38,51.66,4.624600949166428,5.599157055037334
2007-09-06,36.03,26.46,30.83,8.02,61.02,3.327729799340949,4.276183728897754
2007-09-07,31.88,25.46,28.67,2.84,68.38,2.0625383638313917,3.8425027975705257
2007-09-08,37.87,24.71,31.34,0.07,54.35,4.231350540930761,4.765477613514633
2007-09-09,38.37,26.23,32.21,0.43,49.39,4.501413906312298,5.177189859283785
2007-09-10,36.77,27.21,31.78,8.47,51.16,3.8641344390444674,4.913687488416355
2007-09-11,36.61,26.66,31.13,0.73,53.02,3.8289556705658074,5.347255164775
2007-09-12,35.32,25.85,30.39,5.74,54.73,3.4091059423846537,5.076633289041825
2007-09-13,37.03,26.47,31.39,1.58,50.33,4.06841632390711,4.145801829186027
2007-09-14,38.09,25.68,31.66,0.1,47.35,4.5511800240046965,5.101388906753356
2007-09-15,38.39,25.28,31.67,0.0,48.16,4.634632794208276,4.700326243878646
2007-09-16,38.33,24.72,31.65,0.0,51.62,4.47136537698404,5.054814833244351
2007-09-17,38.02,25.73,32.08,0.0,52.9,4.227709492142285,4.981036034901742
2007-09-18,38.86,27.56,32.81,0.0,47.87,4.641037451274297,4.829747751688123
2007-09-19,38.96,27.17,33.15,0.01,45.62,4.762572692801058,4.37736960331482
2007-09-20,37.38,26.56,31.7,1.47,53.59,3.9852809405923364,5.1071711532761555
2007-09-21,38.52,26.07,32.15,0.04,51.1,4.486586803574076,4.507848077651881
2007-09-22,36.62,26.08,31.4,8.67,56.77,3.6314632046766513,3.8004970587630127
2007-09-23,36.61,24.98,30.53,1.77,54.62,3.875862905392889,4.801966855630605
2007-09-24,37.12,24.87,30.5,0.57,49.88,4.253252416569884,3.552026919254907
2007-09-25,36.98,24.71,30.8,0.2,47.91,4.24770684748486,4.700755112367294
2007-09-26,36.34,25.09,30.69,0.07,48.55,4.024794903154769,5.117084938010837
2007-09-27,36.44,23.12,29.72,0.0,44.65,4.4045895323578454,4.471516494130384
2007-09-28,35.76,24.24,29.33,0.01,34.9,4.500825674121531,4.575575708178713
2007-09-29,36.77,23.7,29.11,0.04,36.41,4.822482327489933,5.295837217312565
2007-09-30,36.82,21.09,27.68,0.0,35.75,5.007634961713592,6.277826734354239
2007-10-01,36.81,19.53,27.42,0.0,31.99,5.2027929527386565,5.936514945648709
2007-10-02,36.81,20.57,29.03,0.0,23.44,5.35176350338848,4.272687869617012
2007-10-03,36.93,18.87,28.1,0.0,26.53,5.3382391978301555,5.017843713257572
2007-10-04,36.81,19.0,27.63,0.0,31.8,5.17409708890784,4.644025755247823
2007-10-05,36.4,20.24,27.44,0.0,27.63,5.16183823682369,4.926020774557337
2007-10-06,35.77,20.74,26.65,0.0,27.86,4.986176037461634,5.757806130910638
2007-10-07,35.77,18.64,26.34,0.0,29.13,4.956907133831138,5.9810250832859495
2007-10-08,36.0,18.97,26.23,0.0,26.59,5.154806175574803,5.560942530780246
2007-10-09,35.48,17.92,25.94,0.0,24.65,5.023840168644273,5.6533672053702215
2007-10-10,35.36,19.02,26.12,0.0,22.72,5.051308617226595,4.947370120778258
2007-10-11,35.04,18.77,25.97,0.0,22.83,4.937521713904649,5.009492125699773
2007-10-12,35.34,18.33,26.03,0.0,22.51,5.042034036303283,5.100321229084819
2007-10-13,35.58,19.17,26.19,0.0,22.36,5.104844718871223,4.514242304979526
2007-10-14,35.35,19.44,26.77,0.0,21.5,5.049129910767025,3.755983615687448
2007-10-15,34.61,20.11,26.28,0.0,24.22,4.72250672375487,3.8449670443958706
2007-10-16,33.86,18.27,25.47,0.02,30.89,4.382837368961178,3.7961388096584487
2007-10-17,32.73,16.75,24.36,2.55,51.81,3.580316667922923,3.747707472149909
2007-10-18,32.71,18.63,24.55,0.0,41.94,3.7454061295499903,4.146919854008728
2007-10-19,33.45,20.35,25.61,0.0,31.01,4.203804583001222,3.75944520568841
2007-10-20,34.0,19.39,26.18,0.0,25.54,4.537502117375564,3.5046983357274866
2007-10-21,35.29,18.56,26.68,0.0,21.16,5.061448142646378,3.8382517892615096
2007-10-22,34.54,17.78,25.67,0.0,20.91,4.840524320714956,3.6867219342364765
2007-10-23,33.16,18.54,24.94,0.0,27.06,4.257616146274118,4.194522613116767
2007-10-24,33.79,17.45,25.13,0.0,25.47,4.494758832485788,4.131360383698364
2007-10-25,34.42,19.41,25.01,0.0,30.34,4.534761426105306,4.170522010104201
2007-10-26,34.9,19.22,25.81,0.0,29.81,4.691584176611286,4.497013380619551
2007-10-27,35.23,18.59,25.27,0.0,27.96,4.858109573070745,4.9857665185472655
2007-10-28,34.71,17.15,25.02,0.0,27.08,4.778636371473571,5.119774550095392
2007-10-29,34.7,18.2,24.91,0.0,19.58,4.96610541560679,4.969708653831986
2007-10-30,34.36,15.7,23.98,0.0,20.72,4.870213999641195,4.758838164410716
2007-10-31,33.7,16.63,24.11,0.0,21.61,4.639102403007266,4.600815664416244
2007-11-01,33.77,16.59,24.29,0.0,19.16,4.71743460951018,4.06170522463586
2007-11-02,33.67,17.77,24.62,0.0,16.15,4.754174137752382,3.70340008493518
2007-11-03,32.63,15.15,23.97,0.0,15.57,4.4974477592314495,3.519793295161769
2007-11-04,32.1,12.59,22.12,0.0,27.07,4.203455887367874,3.7940925259931975
2007-11-05,32.28,17.56,23.73,0.0,18.07,4.333541445760688,4.336602477875897
2007-11-06,32.56,14.08,22.48,0.0,29.04,4.189470456627877,4.052815260214454
2007-11-07,31.44,14.17,21.79,0.0,46.36,3.5174132557724835,4.352716043543483
2007-11-08,31.73,15.95,22.34,0.01,46.71,3.5166875112377936,3.841068568398517
2007-11-09,30.19,14.72,22.24,0.01,49.05,3.098905540009489,3.096629589285617
2007-11-10,30.66,15.39,22.92,0.0,38.33,3.4038126579197203,2.7791251913878003
2007-11-11,30.32,17.55,22.34,0.0,33.71,3.4595551338260817,3.0170988557058163
2007-11-12,29.31,15.33,21.01,0.0,33.5,3.2828747815479575,3.428538286636636
2007-11-13,28.86,16.27,21.03,0.0,35.27,3.127504640668235,3.2701182406316174
2007-11-14,28.58,15.87,20.77,0.0,38.23,3.0100055012610887,2.9635241862544284
2007-11-15,29.65,14.43,20.64,0.0,37.83,3.2978154166323703,3.1449138752686094
2007-11-16,29.35,14.22,20.74,0.0,38.54,3.1860666980174477,3.897359288852501
2007-11-17,29.41,12.91,19.77,0.0,34.55,3.390863158499382,4.091084197903035
2007-11-18,29.0,14.01,20.37,0.0,21.79,3.5193310244753278,2.89643952436166
2007-11-19,28.02,10.6,18.27,0.0,32.97,3.167731366479484,3.100001861831259
2007-11-20,28.1,12.62,18.48,0.0,29.1,3.2182120293931087,4.125466734057752
2007-11-21,29.45,10.96,19.62,0.0,26.99,3.5576998732853973,3.5664220512425375
2007-11-22,29.79,13.47,19.99,0.0,23.44,3.6683167919213857,3.427744905956026
2007-11-23,28.54,13.51,19.96,0.0,23.3,3.376898830515738,3.2393469693719306
2007-11-24,28.45,15.43,20.38,0.0,23.73,3.3340642266003533,2.9614887433593777
2007-11-25,28.29,14.88,19.49,0.0,24.85,3.309353682113166,2.8691721229344145
2007-11-26,26.64,12.42,19.18,0.0,26.83,2.9208897306877373,2.466410894203322
2007-11-27,27.13,13.55,18.67,0.0,26.89,3.044967034178576,2.992901168210796
2007-11-28,27.04,13.0,18.87,0.0,26.45,3.014654816506619,2.8755340960087277
2007-11-29,27.79,12.93,19.24,0.53,28.72,3.1267038541624754,3.3276712699572344
2007-11-30,24.83,11.12,16.82,3.12,45.21,2.3069954535221657,2.931899014467379
2007-12-01,24.97,12.62,18.02,0.0,41.17,2.3436942517954527,2.732406607154697
2007-12-02,25.73,12.53,17.96,0.13,36.81,2.583097186392427,3.197308699726501
2007-12-03,23.84,10.17,15.71,0.0,42.58,2.2385521634597616,3.278912019697998
2007-12-04,23.56,8.89,14.82,0.0,44.21,2.2153806869906734,2.9095731276372967
2007-12-05,23.71,9.65,15.33,0.0,37.35,2.3242328870799605,2.8101078590228528
2007-12-06,23.91,9.75,15.49,0.0,32.62,2.4258057163833575,2.8292147233646703
2007-12-07,23.03,11.36,16.02,0.0,30.01,2.2879097137625974,2.7337841884363145
2007-12-08,22.82,8.53,14.53,0.0,33.65,2.246489120342189,2.9097413526216562
2007-12-09,21.08,10.07,14.0,0.0,38.21,1.912473156950809,2.5168492436150705
2007-12-10,21.13,10.31,13.82,2.86,55.87,1.6798323260084826,2.245156084299268
2007-12-11,20.55,9.62,14.18,0.14,64.78,1.4322626642472995,1.8054928412826927
2007-12-12,21.32,10.5,14.28,0.02,57.79,1.6229864609312807,1.8586348011700133
2007-12-13,20.98,9.04,14.04,0.03,62.12,1.5358152337498514,1.7645403683858225
2007-12-14,20.21,7.65,12.83,0.0,58.67,1.5486956633353366,2.6481529302295037
2007-12-15,21.47,5.42,12.03,0.0,44.18,2.0010664455182448,3.1650769933050475
2007-12-16,21.52,5.66,11.65,0.0,34.13,2.131439779274294,2.9799147041790492
2007-12-17,21.37,3.72,11.09,0.0,31.36,2.158010384700988,3.2659436487101137
2007-12-18,20.71,6.02,11.51,0.0,31.07,2.0385239942772455,2.7743953851105108
2007-12-19,22.62,6.07,12.87,0.0,30.08,2.329739758298447,2.40421321757423
2007-12-20,22.45,6.39,12.75,0.0,28.66,2.3201475276201395,3.0986398432581974
2007-12-21,23.69,6.25,13.46,0.0,30.37,2.4956850949623637,3.795758796855149
2007-12-22,26.29,7.08,14.66,0.0,42.93,2.7754745465743316,4.444634844392278
2007-12-23,26.24,7.35,15.31,0.0,38.06,2.7999576971899365,3.3690281773354807
2007-12-24,25.62,11.65,16.9,0.0,37.72,2.5875627559059216,2.5088945420784166
2007-12-25,24.14,9.4,15.31,0.0,40.47,2.3447528655595415,3.2230802511449275
2007-12-26,24.29,7.66,14.28,0.0,30.53,2.600792388959006,3.435905096309993
2007-12-27,23.34,5.36,12.69,0.0,27.02,2.502738442370735,3.61577097511525
2007-12-28,22.47,4.25,11.47,0.0,26.66,2.3825931428674774,3.6217335160118544
2007-12-29,21.89,4.95,11.39,0.0,24.26,2.313400839331571,3.3273480820635646
2007-12-30,22.04,2.99,10.75,0.0,22.84,2.3718440236032947,3.730656273703611
2007-12-31,22.34,2.56,11.05,0.0,21.61,2.4349676968122087,3.338674855979525
2008-01-01,22.23,4.71,11.57,0.0,16.77,2.4569161323514725,2.972134593461427
2008-01-02,21.46,4.87,10.63,0.0,17.75,2.333842339320528,3.364065763501963
2008-01-03,20.65,2.17,9.79,0.0,19.88,2.1981427914206213,2.9626382733001506
2008-01-04,22.08,5.31,11.91,0.0,17.82,2.406832727810356,3.2388469022237762
2008-01-05,22.91,7.77,14.3,0.02,18.77,2.493159113234156,2.635619643906705
2008-01-06,23.98,10.11,16.08,0.0,29.63,2.4728849656825127,2.254711394959842
2008-01-07,24.99,9.93,16.85,0.02,36.49,2.503473165445609,2.575326793634231
2008-01-08,17.2,13.01,15.08,2.46,67.52,0.8389489641237304,1.4622040793099869
2008-01-09,20.1,12.52,15.1,8.28,83.64,0.9446725449156499,1.6959592051745567
2008-01-10,21.16,9.34,14.4,0.01,69.56,1.438783862246096,1.949098336683009
2008-01-11,19.67,5.9,11.47,0.01,51.29,1.6436487190738656,2.986627300188437
2008-01-12,19.34,4.35,10.52,0.0,42.2,1.7591805443512114,3.0787115927556177
2008-01-13,21.13,5.68,11.32,0.0,36.33,2.062832645086227,3.694009627328331
2008-01-14,22.95,5.88,12.73,0.0,37.93,2.2965104378175902,3.7671491159276105
2008-01-15,24.58,8.54,15.03,0.0,35.6,2.535647618680193,3.998884507446933
2008-01-16,22.24,9.51,15.14,0.0,47.7,1.8988835631862675,2.7451094725202645
2008-01-17,20.78,12.04,14.58,1.32,75.85,1.2124047069119446,1.664668872797895
2008-01-18,21.44,8.88,13.96,1.48,66.76,1.549026652874643,2.4055749068651378
2008-01-19,20.27,5.53,11.42,0.06,43.36,1.8459297606466776,2.9568443110152822
2008-01-20,19.74,3.66,10.18,0.0,34.42,1.9195412040187487,3.235184085116042
2008-01-21,18.64,1.14,8.47,0.0,32.62,1.8246913692418765,3.030422479652441
2008-01-22,19.31,0.51,8.47,0.0,30.63,1.935410905354905,3.045372667121837
2008-01-23,18.04,0.82,7.76,0.0,32.59,1.7498848542521066,2.9931181287483883
2008-01-24,17.02,1.93,8.59,0.0,29.04,1.633902139353339,2.3807510353607952
2008-01-25,13.96,4.28,8.34,0.0,30.65,1.2639817137340914,2.3385199941242507
2008-01-26,18.15,3.27,8.95,0.0,29.11,1.759450479815748,3.0377181408861254
2008-01-27,17.62,0.14,7.95,0.0,30.51,1.7120221471862027,2.7523208455167762
2008-01-28,16.88,2.91,9.24,0.0,28.03,1.6138529497087017,2.574231309071295
2008-01-29,18.92,3.47,10.53,0.0,28.42,1.842315551879933,2.800757912944198
2008-01-30,19.96,5.13,11.28,0.0,32.84,1.9110012293822756,2.8021761087642982
2008-01-31,20.07,3.92,10.46,0.0,36.7,1.9204915519754755,3.201460386583044
2008-02-01,20.55,2.95,10.69,0.0,30.99,2.05577811750611,3.1847724710929657
2008-02-02,19.62,3.93,10.8,2.67,34.03,1.8920958745084486,2.5591116375406626
2008-02-03,17.48,6.32,10.27,0.59,59.21,1.2862476950785293,2.6081966390584874
2008-02-04,19.91,4.94,11.08,0.0,60.96,1.5792697742289847,2.457088257442509
2008-02-05,18.84,5.96,11.2,0.0,55.19,1.480448111064998,1.9777997188783423
2008-02-06,19.75,6.74,12.47,0.51,44.27,1.7257761893124068,2.523134500085296
2008-02-07,19.24,6.04,11.98,0.24,47.76,1.5846224769772057,2.294300334007199
2008-02-08,17.69,2.84,9.63,0.0,63.24,1.3269976192121098,2.2335595392267624
2008-02-09,19.42,2.72,10.11,0.0,57.07,1.6181045728186612,3.1906629903613046
2008-02-10,21.63,2.64,10.86,0.0,42.93,2.1121774210485595,3.704041279697416
2008-02-11,21.78,3.39,11.25,0.0,25.9,2.2931165007663967,3.7055716431843755
2008-02-12,21.9,2.27,10.92,0.0,25.04,2.3329537378895533,4.351893997234682
2008-02-13,23.23,1.75,11.22,0.0,28.33,2.5271992065556708,4.212534818430844
2008-02-14,25.55,4.33,14.1,0.0,23.8,2.932376972211999,4.058215404670133
2008-02-15,26.95,8.94,16.24,0.0,22.77,3.1682207028068787,4.341221415813446
2008-02-16,27.55,7.44,16.71,0.0,28.62,3.2103626628362734,4.983036661649594
2008-02-17,28.12,10.02,17.75,0.0,30.16,3.2530894537434607,4.65564934941634
2008-02-18,28.0,9.24,17.21,0.0,32.37,3.237499679605009,4.7638928945718435
2008-02-19,28.44,7.29,17.29,0.0,24.09,3.4846098303316633,4.6560308514553235
2008-02-20,28.81,11.25,18.88,0.0,17.06,3.6145485340783683,4.092038211692293
2008-02-21,29.13,9.78,18.36,0.0,18.28,3.6781333450191993,5.272902390309913
2008-02-22,29.87,12.69,20.14,0.0,18.53,3.8076223313539606,7.291328017228968
2008-02-23,27.99,12.16,19.18,0.0,27.73,3.177078702434792,4.684146304894585
2008-02-24,27.12,10.94,17.74,0.0,27.58,3.0857000243146997,3.8220306137899214
2008-02-25,27.16,10.02,17.45,0.0,27.81,3.0918690860492006,5.008291006359773
2008-02-26,28.3,7.42,16.9,0.0,24.39,3.4714871527718567,5.732655809702135
2008-02-27,31.29,8.49,19.09,0.0,19.2,4.19376513495154,5.801780991274844
2008-02-28,32.51,13.23,21.58,0.0,20.05,4.42890869960791,5.1861101106452265
2008-02-29,34.08,15.83,23.79,0.0,17.85,4.866376361647691,4.236488674051154
2008-03-01,34.58,17.38,24.78,0.0,15.67,5.0520378102130294,4.3896953247522825
2008-03-02,33.62,14.8,23.69,0.0,14.92,4.807519893433972,5.115026335566524
2008-03-03,32.03,16.58,23.14,0.0,15.15,4.349280291602181,4.256770401874287
2008-03-04,32.83,14.96,22.61,0.0,19.92,4.483911642992768,5.147253227578727
2008-03-05,34.26,14.58,23.33,0.0,23.1,4.812539429651295,5.419756900786888
2008-03-06,35.51,16.03,25.49,0.0,19.62,5.243089696786997,4.494635409803594
2008-03-07,34.62,15.25,24.22,0.0,16.67,5.036478527353784,5.263671396242057
2008-03-08,32.65,15.33,23.22,0.0,21.34,4.36656131308193,4.794501468477128
2008-03-09,32.93,14.78,23.25,0.0,24.62,4.374745189553293,5.06199727576635
2008-03-10,32.6,15.14,23.34,0.0,25.66,4.242471295941101,5.506420611786863
2008-03-11,32.83,15.11,23.1,0.0,27.1,4.3050106760568765,6.249858487551945
2008-03-12,33.67,14.97,23.75,0.0,23.69,4.588453367178415,5.514278978325791
2008-03-13,33.05,14.96,23.61,0.0,20.08,4.503839543889823,5.217026487857853
2008-03-14,33.41,16.79,24.29,0.01,19.68,4.576733161335334,4.800326233283729
2008-03-15,34.11,15.05,24.01,0.0,21.1,4.781668691789471,6.744403446579981
2008-03-16,36.34,15.77,25.33,0.0,17.88,5.53191522109692,6.562519978571738
2008-03-17,37.5,17.77,26.86,0.0,16.74,5.89724352369199,5.767456401909106
2008-03-18,37.93,19.46,27.23,0.0,14.25,6.132300059264931,5.832962615208379
2008-03-19,36.1,18.14,26.41,0.0,11.81,5.58729376012699,4.787718158372604
2008-03-20,35.42,18.72,26.0,0.0,12.54,5.366960595279787,6.077631554063242
2008-03-21,35.48,16.11,25.8,0.0,14.87,5.3179472191859,6.54938765605584
2008-03-22,36.32,18.15,26.72,0.0,19.45,5.433077053990143,6.118132583836193
2008-03-23,36.26,18.99,27.22,0.0,18.75,5.419905078630274,6.5062394556029925
2008-03-24,36.48,20.62,28.06,0.0,13.49,5.60706647052855,5.495112385619361
2008-03-25,36.99,18.21,27.42,0.0,13.09,5.830637964414457,5.964525670675851
2008-03-26,37.19,20.1,27.85,0.0,14.08,5.840831825137576,6.089254884450566
2008-03-27,37.03,18.66,27.33,0.0,18.52,5.653064267169779,6.918181963928855
2008-03-28,36.81,19.29,27.5,0.0,20.41,5.5249653539667625,6.556352001476462
2008-03-29,37.04,20.03,28.47,0.0,18.19,5.631789737384404,6.115250577852567
2008-03-30,37.8,21.02,28.54,0.0,14.37,6.03263818106197,6.150735703760673
2008-03-31,36.86,20.19,28.14,0.01,14.37,5.707085677898023,5.13641965465165
2008-04-01,34.59,19.31,26.77,0.01,23.64,4.700262823011011,6.739692702301863
2008-04-02,35.01,17.95,26.78,0.02,24.67,4.813100811474173,5.17531856520202
2008-04-03,29.44,16.58,22.17,2.92,48.37,2.9228412102688877,3.538657445256299
2008-04-04,31.17,14.59,22.85,2.76,58.57,3.093425198004361,4.875689528198707
2008-04-05,22.24,16.0,19.19,14.49,82.62,0.8668904276999128,2.973710193527507
2008-04-06,31.43,13.9,22.49,0.0,50.7,3.454136701154485,5.5611444503389444
2008-04-07,32.04,14.6,23.45,0.0,45.15,3.5547443970729407,5.578134864370184
2008-04-08,35.0,17.54,26.07,0.0,44.24,4.258491598885598,6.665648825433685
2008-04-09,34.52,18.67,26.03,0.0,41.0,4.205499863378035,6.768161130220955
2008-04-10,36.17,19.2,27.25,0.0,39.12,4.692622368914667,7.908341614103034
2008-04-11,36.07,20.25,28.15,0.01,40.67,4.521970213610687,7.079319806839793
2008-04-12,37.28,20.72,29.12,1.13,39.72,4.8967278153915625,6.86290643296532
2008-04-13,38.01,22.05,29.42,0.0,29.13,5.533454599007672,7.071036210869432
2008-04-14,38.44,19.86,29.18,0.0,27.7,5.77247559114903,6.23807843875735
2008-04-15,37.82,21.5,29.45,1.11,32.07,5.3715300175742975,7.435598012072495
2008-04-16,34.88,19.8,26.91,3.46,40.22,4.316626246062597,7.565499218140861
2008-04-17,34.22,17.24,25.33,1.28,36.01,4.380151457249028,7.546605379876728
2008-04-18,36.79,16.72,26.66,0.0,28.19,5.363425982532337,7.86993531581597
2008-04-19,38.35,18.81,28.3,0.0,25.77,5.897551885754237,7.656814230980613
2008-04-20,39.42,20.01,29.59,0.0,25.44,6.234147398567609,8.71715613970926
2008-04-21,40.41,20.22,30.28,0.0,25.96,6.580298143052229,8.526233223692092
2008-04-22,40.73,21.75,31.41,0.0,25.5,6.641948632629974,7.49308708466268
2008-04-23,41.01,23.44,32.25,0.0,23.56,6.748750518631333,7.536745121783078
2008-04-24,40.99,23.73,32.38,0.0,21.18,6.885489746209989,8.68630574180437
2008-04-25,41.31,24.17,32.49,0.0,15.94,7.201226544405108,8.093881922878683
2008-04-26,41.84,23.62,32.77,0.02,15.91,7.403671572326682,8.706030892751471
2008-04-27,40.59,23.52,32.08,0.0,15.6,6.9401306003150705,9.026148918555188
2008-04-28,42.27,23.85,32.7,0.0,14.57,7.681662263930263,7.721168265262526
2008-04-29,43.32,25.37,33.9,0.0,13.59,8.154651836553874,7.707857335223463
2008-04-30,44.13,24.75,34.54,0.0,12.12,8.555583153876611,7.333316200668619
2008-05-01,43.83,26.32,34.7,0.0,12.45,8.3868354359285,7.656970394035655
2008-05-02,43.2,27.11,35.24,0.0,12.79,8.038988950844924,8.114728521791157
2008-05-03,44.87,26.2,36.66,0.0,10.37,8.928386006068452,7.602644926912254
2008-05-04,45.06,24.93,35.59,0.0,12.54,8.92983229470591,10.009156989942356
2008-05-05,41.76,26.48,34.24,4.21,22.18,6.982518535902841,8.212991459394642
2008-05-06,40.45,25.35,32.98,0.66,21.22,6.624404470244704,7.561883041305865
2008-05-07,40.54,26.26,33.54,0.0,14.81,6.866510362511402,5.853296684850508
2008-05-08,41.73,26.74,33.9,0.05,16.86,7.28936455619142,7.726688113870058
2008-05-09,38.38,24.83,31.37,0.21,30.01,5.508391612582873,8.051612431751982
2008-05-10,38.26,24.39,31.77,1.36,27.88,5.492966796743868,6.100861936530177
2008-05-11,39.75,27.95,33.69,0.0,24.06,6.067117111712562,5.861807116017817
2008-05-12,41.49,28.48,34.77,0.0,20.68,6.892118169638332,6.265482206665937
2008-05-13,41.66,26.45,34.52,0.0,21.79,6.941518279415661,6.560300425195252
2008-05-14,41.55,28.05,34.97,0.3,22.01,6.811660605886031,6.114997610368339
2008-05-15,42.58,27.4,35.34,1.14,22.65,7.229057068919639,7.618366311285252
2008-05-16,43.31,28.9,35.96,0.0,21.92,7.5621389774627845,7.796989588579436
2008-05-17,44.47,29.78,36.83,0.09,17.73,8.2918287698687,7.708055559724481
2008-05-18,42.59,27.72,35.83,0.13,19.71,7.348917701209874,7.026811339877223
2008-05-19,37.4,26.19,31.84,14.45,42.22,4.524869922393973,8.000163304529103
2008-05-20,38.12,24.24,31.17,26.03,55.03,4.3497713006778405,4.462390683350019
2008-05-21,36.75,24.72,30.23,9.54,58.85,3.7797190761730706,6.531115957216398
2008-05-22,35.67,24.16,30.27,2.18,60.19,3.3227170177395906,5.298595931273889
2008-05-23,35.69,25.66,30.75,3.24,57.89,3.3552122486901133,6.686188160241701
2008-05-24,36.27,25.79,31.18,0.25,52.07,3.738635571185033,6.803622283916947
2008-05-25,35.78,25.57,31.11,3.22,49.05,3.713057542616657,4.63534534539873
2008-05-26,38.01,25.18,31.24,2.47,42.72,4.821635513319309,6.835800106104658
2008-05-27,38.92,23.31,31.27,0.4,36.39,5.448969204236746,7.438228240579018
2008-05-28,38.87,24.04,31.62,1.97,36.37,5.397373341057564,7.158151757829002
2008-05-29,39.67,24.98,32.93,0.0,33.63,5.698401382182556,6.361104207074099
2008-05-30,40.54,27.59,34.33,0.02,29.8,6.069092394619393,7.143423456054614
2008-05-31,42.84,27.37,35.77,0.38,30.34,6.922912109314321,7.328611555831855
2008-06-01,37.2,29.54,33.17,0.88,42.02,4.244202892658771,6.822894401561595
2008-06-02,34.23,27.11,30.43,2.25,52.92,3.123694842681445,5.105762966317028
2008-06-03,39.13,25.91,33.17,0.0,46.41,4.804335207737342,5.8256120487934435
2008-06-04,40.1,29.7,35.17,3.5,39.19,5.278557016605039,6.19427648420553
2008-06-05,42.37,29.44,35.85,2.93,38.48,6.211146568546691,7.224862986292173
2008-06-06,42.65,30.43,36.57,0.59,37.44,6.314324404873377,7.418886639380043
2008-06-07,43.0,30.47,37.01,1.15,36.78,6.432574872719837,6.978937748792907
2008-06-08,40.14,29.66,34.61,1.72,46.7,4.943818193114502,8.728082411991544
2008-06-09,39.3,29.14,34.32,2.23,47.69,4.613259460897947,7.293897476929179
2008-06-10,39.99,29.2,34.82,0.65,46.24,4.887731852182608,7.966900866003604
2008-06-11,39.61,29.71,34.69,5.91,49.08,4.603825785077777,7.1355642647975825
2008-06-12,40.36,29.89,35.23,1.65,47.95,4.892047777624385,6.659235907934156
2008-06-13,38.87,29.84,34.25,7.91,52.57,4.180616838060137,6.29090288765816
2008-06-14,37.78,29.0,32.95,13.79,59.77,3.6069199869635913,5.775948345375879
2008-06-15,34.38,28.05,31.28,51.57,68.52,2.3545154285751986,2.9706305168234315
2008-06-16,37.42,27.88,32.14,5.2,64.41,3.4555171692297306,5.839475259672192
2008-06-17,37.54,27.13,32.02,0.46,60.78,3.6844275989385054,7.001929465743623
2008-06-18,38.84,26.59,32.77,0.48,58.94,4.128993695471324,6.584790447597052
2008-06-19,37.58,28.44,32.68,2.95,61.86,3.5008026786150994,5.070200200140633
2008-06-20,37.38,27.8,33.05,14.81,59.88,3.4822966560735926,4.25194994382745
2008-06-21,35.98,29.15,32.79,11.78,60.23,2.9844244078558315,5.899243170799281
2008-06-22,38.05,27.73,33.29,1.73,56.61,3.870419293988468,5.7550434380249476
2008-06-23,37.31,29.19,33.46,8.05,56.12,3.5448019692167354,6.1097060306855315
2008-06-24,38.63,28.99,33.98,10.02,56.93,3.928467587697619,5.8840368684392645
2008-06-25,39.18,27.72,33.46,2.32,57.87,4.188113472012114,6.231228156351657
2008-06-26,37.36,28.73,33.42,28.46,62.31,3.249945845690327,5.254975997779708
2008-06-27,39.2,29.08,33.65,3.86,62.54,3.9403795542669586,5.415946239130835
2008-06-28,37.46,26.79,31.57,1.22,67.31,3.4551987365179637,6.349330810970597
2008-06-29,33.27,25.58,29.17,8.44,73.86,2.16031823701614,3.9466039104715485
2008-06-30,37.25,25.33,31.12,0.43,64.2,3.5952052912881047,6.2777533923992035
2008-07-01,37.01,26.01,31.7,0.0,60.08,3.590477401263704,6.206815138730318
2008-07-02,39.39,26.5,33.31,0.06,58.36,4.309281206366947,6.21099017870411
2008-07-03,40.33,27.89,34.21,0.05,54.88,4.713832989397128,6.281394517959856
2008-07-04,41.02,27.83,34.12,0.92,56.24,4.947653953251889,6.410983101005943
2008-07-05,39.0,28.02,33.22,1.67,59.01,4.094193429354265,5.1989410286649775
2008-07-06,33.47,28.04,30.2,3.36,70.56,2.164210425745082,4.202021176880842
2008-07-07,34.04,26.96,30.18,1.76,73.99,2.2008832603566852,4.106152464100998
2008-07-08,33.64,27.2,30.05,0.84,69.62,2.30929607538765,5.7208692794084826
2008-07-09,34.11,26.15,30.19,23.97,71.62,2.315672789860749,5.247264730927587
2008-07-10,34.9,26.51,31.08,0.17,69.27,2.546322006163523,4.923984334301358
2008-07-11,35.06,27.7,31.55,11.42,69.01,2.49239655401263,4.939684921260532
2008-07-12,35.06,28.26,31.84,26.7,68.56,2.4584499411006404,3.5844058411451027
2008-07-13,33.94,26.5,30.31,22.87,74.42,2.1356244044276993,5.433423759166692
2008-07-14,34.79,26.71,31.07,0.76,70.85,2.4144164401600254,5.257331786496378
2008-07-15,35.58,27.72,32.09,0.1,65.86,2.7344780002723086,5.535273637734828
2008-07-16,37.03,26.8,32.29,0.26,64.4,3.2633393682594627,5.674425858796291
2008-07-17,38.69,27.55,33.41,0.17,59.57,3.917020575471809,6.017647420719336
2008-07-18,39.3,27.47,33.43,0.09,57.8,4.231923471405025,6.520891779114758
2008-07-19,37.65,28.37,33.19,0.32,60.09,3.5450225139794904,5.953001298675473
2008-07-20,37.81,27.26,32.41,1.0,63.45,3.5730805927413343,5.554972193124669
2008-07-21,33.62,27.46,30.66,2.8,69.06,2.2076685396317477,4.120121199989647
2008-07-22,38.28,27.42,32.73,0.08,59.77,3.873517721471891,6.403091423022809
2008-07-23,38.57,27.9,33.23,0.02,58.14,3.9656818133037564,6.67010677877099
2008-07-24,39.88,28.48,34.06,0.0,52.44,4.652239739926072,7.2476110610535
2008-07-25,39.83,28.27,34.23,0.0,51.1,4.6779835524936715,6.425765098568007
2008-07-26,39.98,29.77,34.94,0.17,46.68,4.8469431207608675,5.573761848677607
2008-07-27,35.94,27.73,31.5,0.18,65.41,2.9589749476424076,6.18148312754885
2008-07-28,35.68,27.16,31.11,5.58,69.1,2.782995030588421,4.712031219914437
2008-07-29,38.11,26.52,32.54,0.53,60.78,3.805167989918374,6.002853677438278
2008-07-30,38.2,27.94,33.01,0.16,58.77,3.823809516260224,6.011019665472183
2008-07-31,33.41,25.75,28.9,10.47,77.86,2.072341064117451,4.062046770860483
2008-08-01,35.1,25.28,29.57,5.91,73.15,2.6948976870172707,5.148462420075554
2008-08-02,34.91,26.01,30.26,13.12,73.54,2.4905853448688045,5.410850383169908
2008-08-03,36.57,26.07,31.39,1.19,67.85,3.1184459590575644,4.527801795406791
2008-08-04,31.98,26.73,29.27,20.04,79.2,1.5455981312221545,4.876260357606505
2008-08-05,30.42,25.54,27.92,33.96,86.01,1.1253618924764992,3.5472226343029694
2008-08-06,30.54,25.35,27.94,10.82,85.27,1.1781756581125933,4.128818884620407
2008-08-07,33.31,25.44,29.32,10.44,79.32,1.9220852792858651,4.093380445415881
2008-08-08,32.3,25.58,28.61,21.19,83.06,1.61114993503563,3.802552463740222
2008-08-09,33.3,24.39,28.93,2.07,79.71,1.9758290167038557,4.6648713028113145
2008-08-10,32.36,26.07,28.87,0.33,80.02,1.6940061983143129,5.154763589986869
2008-08-11,31.85,25.79,28.47,8.31,84.56,1.449326778029326,4.312413762697487
2008-08-12,29.44,24.49,26.82,29.78,87.6,1.024811669573774,3.530867884551387
2008-08-13,28.85,24.79,26.46,32.97,92.62,0.7729916301504374,2.2275200141246785
2008-08-14,29.39,24.37,26.5,15.09,89.81,0.9982171680648224,3.011959401348226
2008-08-15,31.32,23.7,27.27,9.73,85.58,1.4949200588515899,4.333186678185146
2008-08-16,32.87,24.15,28.39,4.28,83.48,1.8068885311457645,4.1441578310135725
2008-08-17,32.64,24.58,28.9,0.38,78.59,1.84191846980944,4.907556387219749
2008-08-18,33.64,25.44,29.53,0.02,75.55,2.1223276941555476,4.487790273347253
2008-08-19,33.89,24.61,29.48,0.02,72.45,2.35086717359287,5.294742408505824
2008-08-20,34.05,24.02,29.45,0.0,71.36,2.4507458054548596,5.026999070846529
2008-08-21,34.19,25.27,29.94,0.01,66.93,2.611908304533709,4.980784929543561
2008-08-22,33.99,24.82,29.42,0.0,73.79,2.3662421161986034,4.232882751386512
2008-08-23,34.02,25.49,29.56,0.06,75.2,2.2743561135596533,4.499897355825888
2008-08-24,33.91,25.49,29.75,0.0,75.16,2.192181560921935,4.9564961477696565
2008-08-25,35.11,26.23,30.64,0.36,70.94,2.5878180301632017,4.991137180290666
2008-08-26,36.27,25.36,30.72,0.12,69.74,3.0384860387218704,5.298927328381606
2008-08-27,36.72,25.02,30.71,0.04,66.27,3.361802784617626,5.489312815612991
2008-08-28,36.3,25.09,30.67,0.0,64.88,3.2638560344032137,5.781065392177875
2008-08-29,36.42,24.25,30.58,0.0,61.69,3.4721849880502416,5.62595566490335
2008-08-30,35.38,25.25,30.22,6.13,65.05,3.0360625585033323,4.973834470963679
2008-08-31,33.76,24.86,28.87,1.47,71.94,2.4645406587897005,4.299151432680495
2008-09-01,33.88,24.22,28.61,0.02,72.53,2.5132315685676483,5.24941700972833
2008-09-02,35.27,24.11,29.23,0.0,69.06,2.996404831121134,5.153675328908771
2008-09-03,36.35,24.75,30.07,0.0,66.34,3.353534179950751,5.319426499011112
2008-09-04,36.99,24.13,30.12,0.03,64.67,3.6754280930951158,5.686851440503394
2008-09-05,37.02,23.73,29.8,3.06,64.81,3.729760005052793,5.623486619424514
2008-09-06,32.8,23.76,27.93,6.47,70.35,2.3969925972518156,4.955282769145486
2008-09-07,31.71,22.69,26.55,7.46,72.33,2.2177678292005534,4.241429211905082
2008-09-08,32.26,21.47,26.47,5.15,72.15,2.403010906884097,4.680626175034597
2008-09-09,33.48,21.73,27.2,0.0,66.79,2.8390042043885244,5.219325105241457
2008-09-10,34.95,21.89,27.99,0.0,65.5,3.2324477623094463,5.243647493920714
2008-09-11,35.76,22.51,29.03,0.02,64.24,3.420163735715994,5.211876528498948
2008-09-12,36.04,23.69,29.55,0.01,66.52,3.305279075320014,5.025767781099506
2008-09-13,36.25,23.57,29.59,0.17,65.42,3.445975366870639,4.938380858309522
2008-09-14,36.22,23.53,29.42,0.38,66.01,3.439236615631134,4.701631807374024
2008-09-15,36.14,23.65,29.5,0.04,64.15,3.459782863409658,4.749363965225834
2008-09-16,36.02,24.07,29.74,0.14,63.62,3.392499885082711,4.676818786738415
2008-09-17,34.37,24.6,29.44,12.29,68.3,2.690972564811641,3.337945885963756
2008-09-18,32.32,23.74,27.59,12.97,75.3,2.125759579805881,3.4288782273557534
2008-09-19,27.83,22.6,24.69,44.84,84.85,1.118021320067467,1.9935951518348436
2008-09-20,31.12,20.68,25.75,17.65,77.13,2.0378974636323517,4.160493441862337
2008-09-21,31.43,21.55,26.27,0.01,69.79,2.272695513378887,4.412988992847367
2008-09-22,32.2,21.01,26.21,1.08,71.27,2.4413896677596894,4.348401966657035
2008-09-23,31.88,21.89,25.89,0.26,70.44,2.4316882055797713,4.623340977425856
2008-09-24,32.5,20.86,25.62,0.0,65.36,2.809858307497372,4.763429759827377
2008-09-25,32.74,21.3,25.97,0.0,61.57,2.9547384503450753,4.730157575663926
2008-09-26,34.8,21.84,26.98,0.0,59.68,3.5430944597628726,4.711649044244186
2008-09-27,34.43,21.67,27.18,0.0,58.78,3.4212908179939543,4.493634733230549
2008-09-28,35.29,22.27,28.48,0.0,56.58,3.59563130641736,4.574315252361428
2008-09-29,34.65,22.39,28.7,0.0,60.16,3.215335745664608,4.196639772388607
2008-09-30,35.12,22.62,28.17,0.0,66.82,3.2290396670587707,4.186288293327239
2008-10-01,35.55,22.11,28.33,0.0,68.02,3.3149722732347744,4.245881663497841
2008-10-02,34.76,22.21,28.02,0.0,68.97,3.0462013990006667,3.970757805063031
2008-10-03,35.17,22.48,28.52,0.06,67.68,3.1564607317062263,3.708193151602503
2008-10-04,35.2,22.62,28.58,0.01,68.46,3.131677243193437,3.553698624801314
2008-10-05,35.77,23.22,29.05,0.04,66.16,3.3533406974399202,3.6580307255432363
2008-10-06,35.1,22.88,28.09,0.04,67.42,3.2332544911786196,4.694449308006157
2008-10-07,34.5,21.63,27.29,0.52,68.8,3.100294605350879,4.68984954087761
2008-10-08,33.38,21.13,26.84,0.0,66.93,2.8869312332864876,3.973197336738683
2008-10-09,33.5,21.41,26.75,0.0,60.68,3.128348475609122,3.7323500050170164
2008-10-10,34.08,21.88,26.84,0.0,55.78,3.452646247225259,4.196122344882831
2008-10-11,34.64,21.82,27.04,0.0,51.59,3.7428213387802582,4.29964731840061
2008-10-12,34.87,20.32,26.33,0.0,54.04,3.846074982935675,4.093441324150088
2008-10-13,35.37,19.46,26.5,0.0,56.0,3.943502169321366,4.429490378627701
2008-10-14,33.12,19.87,25.72,0.01,69.75,2.859847667206329,4.820187251071165
2008-10-15,32.49,20.75,25.67,1.79,73.66,2.564180344859418,4.279069086526016
2008-10-16,30.59,19.91,24.35,2.73,65.74,2.509219334969062,3.526993284232366
2008-10-17,31.74,17.19,23.5,0.51,50.61,3.330170777291149,4.479491660297418
2008-10-18,32.1,17.97,23.8,0.0,46.56,3.4958024358940247,4.054491784065157
2008-10-19,32.04,17.63,23.32,0.0,46.33,3.538393450378396,4.151465193963478
2008-10-20,31.83,17.94,23.82,0.0,43.76,3.4919823560737377,3.736348757125904
2008-10-21,32.2,18.48,23.99,0.0,45.29,3.5280020220484962,3.836742501234042
2008-10-22,32.74,18.18,24.33,0.0,48.11,3.568500411379246,3.979739466774818
2008-10-23,32.66,18.27,24.74,0.0,46.33,3.5563092981001008,3.767671627208587
2008-10-24,31.78,16.8,23.47,0.0,51.43,3.292493358517052,3.607380384649367
2008-10-25,30.79,16.09,23.05,0.0,51.02,3.0857628531150008,3.698910358795069
2008-10-26,31.76,15.85,22.82,0.0,54.26,3.2825463874740777,3.8090583033626655
2008-10-27,31.01,18.08,22.82,0.0,45.92,3.2827350810131617,4.537922285124878
2008-10-28,31.89,17.18,22.95,0.0,44.33,3.5592782474022524,3.613934977389977
2008-10-29,31.81,15.26,22.57,0.0,51.31,3.409460302990304,3.610328067710569
2008-10-30,32.0,16.07,22.81,0.0,50.1,3.4740000530473516,3.5928106566366225
2008-10-31,31.79,15.54,22.41,0.0,45.94,3.5420212013460963,4.673175088135889
2008-11-01,32.37,14.92,23.22,0.0,39.75,3.811918688034203,4.717332000727989
2008-11-02,33.52,17.39,24.24,0.0,36.11,4.146202435061248,3.893200524754471
2008-11-03,32.83,17.81,23.77,0.0,39.57,3.88823811927843,3.7272705608461787
2008-11-04,32.82,16.14,23.86,0.0,32.92,4.140789171788094,4.6790358220822785
2008-11-05,31.88,16.43,22.91,0.0,25.38,4.056859101273503,3.4065164579270664
2008-11-06,30.48,13.24,21.31,0.0,34.99,3.5497462134685773,3.429579551881133
2008-11-07,30.06,12.84,20.91,0.0,41.69,3.3095527432349114,3.2030062308875857
2008-11-08,29.76,13.33,20.66,0.0,46.54,3.1310843373535495,3.120023861593481
2008-11-09,30.66,15.42,21.75,0.0,42.26,3.3702881015943404,3.2578603500335395
2008-11-10,30.37,14.79,21.84,0.0,42.23,3.2936177937224165,3.204847680745409
2008-11-11,30.63,15.97,22.39,0.0,40.27,3.3613308272393425,3.0007612070883005
2008-11-12,28.85,13.82,20.59,0.0,47.16,2.886570213943706,3.0763320009777884
2008-11-13,28.39,14.22,19.78,0.0,59.75,2.572978166518211,3.945263272961697
2008-11-14,26.95,13.69,19.67,0.0,66.07,2.1271643377581704,3.0863359182992847
2008-11-15,28.14,14.24,20.1,0.0,63.19,2.4312429497896586,2.7305748441903965
2008-11-16,28.3,14.4,20.23,0.0,47.79,2.758252251833957,3.444203271290632
2008-11-17,29.04,14.85,20.74,0.0,44.24,2.978166407540129,3.003652293632094
2008-11-18,29.14,13.31,20.01,0.0,42.31,3.129303953592171,3.5239396976037054
2008-11-19,28.86,13.83,20.88,0.08,34.81,3.1669657294850637,2.710182754110406
2008-11-20,25.16,13.81,18.58,2.56,56.27,2.0375649054555693,2.9324257345666798
2008-11-21,24.79,10.8,16.35,0.0,48.37,2.296607159833634,3.3411721362123847
2008-11-22,25.53,7.94,15.38,0.0,38.37,2.674623308157869,3.83247969343847
2008-11-23,26.35,8.12,15.88,0.0,33.24,2.885574376272799,3.438977675450119
2008-11-24,27.25,8.99,17.51,0.0,31.39,3.040136658729958,3.461317615094303
2008-11-25,27.58,12.51,18.73,0.0,33.69,3.022222397465675,2.5453816507951315
2008-11-26,26.31,9.24,17.0,0.0,49.63,2.572305982326772,2.495899854581797
2008-11-27,26.22,11.28,16.97,0.0,41.58,2.6454837333093724,2.8620654897705093
2008-11-28,26.48,9.6,16.46,0.0,39.86,2.7663808065256483,3.4743622429400194
2008-11-29,28.17,8.62,16.64,0.0,34.19,3.235856022322181,4.2497442895963
2008-11-30,27.56,11.01,17.95,0.0,29.88,3.1101312436824076,2.6497698055008625
2008-12-01,27.37,11.27,18.01,0.0,39.83,2.893730932879181,2.711832534058267
2008-12-02,26.13,11.37,16.56,0.0,46.25,2.6006111730358694,2.838798106137968
2008-12-03,26.36,10.5,16.4,0.0,36.09,2.8084692147284205,3.1553987534673937
2008-12-04,27.48,11.56,17.62,0.0,31.79,3.0614946970464336,3.2722002370087058
2008-12-05,27.34,11.55,17.49,0.0,33.67,3.007354156231535,3.04417811459577
2008-12-06,27.24,9.82,16.75,0.0,33.2,3.033772559309606,3.7956236524925413
2008-12-07,23.33,10.34,16.24,0.0,33.93,2.2627199866310503,2.458577269685318
2008-12-08,26.09,13.63,18.28,0.17,37.39,2.651192237797899,3.100723925767608
2008-12-09,24.94,11.79,17.07,0.12,61.7,2.009188831742571,2.4729568559115003
2008-12-10,25.75,11.3,17.07,0.76,60.2,2.203733622057346,2.827364183297505
2008-12-11,25.52,9.98,16.13,0.0,47.05,2.474907781247241,3.039102691066178
2008-12-12,25.24,9.29,16.04,0.0,40.48,2.5237024756409943,2.7804234554568303
2008-12-13,24.64,11.05,16.18,0.0,37.48,2.4573895915574724,2.3176275486055244
2008-12-14,23.63,8.0,14.36,0.0,48.41,2.177560253951849,2.8749790367899086
2008-12-15,23.4,7.66,14.33,0.0,43.94,2.211881830706125,2.743409410561857
2008-12-16,22.64,10.62,15.92,0.48,37.65,2.0911847513471935,2.0186479705613327
2008-12-17,25.86,11.06,16.88,0.05,58.68,2.2616825252224237,3.32997870814183
2008-12-18,27.86,11.8,18.57,0.0,55.0,2.6476279424454576,3.456628922888983
2008-12-19,21.2,15.01,17.23,0.71,64.55,1.2547690048326665,2.4820043826455707
2008-12-20,26.43,14.71,19.49,1.21,60.59,2.1202143377938008,1.991407829054151
2008-12-21,24.97,11.3,17.45,0.0,64.76,1.9358035700685974,3.0842421759733147
2008-12-22,23.37,7.25,14.03,0.0,51.41,2.0972298152895332,2.8126074791581397
2008-12-23,23.71,7.37,13.84,0.0,43.79,2.2916017659977004,2.837238508461992
2008-12-24,23.71,6.44,14.6,0.18,35.91,2.3883372760137656,2.7977096382657716
2008-12-25,24.1,10.43,15.3,0.0,34.39,2.435787281522615,2.485929418454292
2008-12-26,22.72,7.75,14.77,0.0,41.26,2.107392596532439,1.9760056902420888
2008-12-27,22.5,7.45,13.77,0.0,46.93,2.0324717967844883,2.099080958450133
2008-12-28,22.37,8.33,13.62,0.0,46.73,2.0130178523982836,2.1607462413541465
2008-12-29,22.55,8.45,13.59,0.0,46.11,2.0565032557259126,2.4511527560082786
2008-12-30,23.06,6.45,13.28,0.0,48.42,2.141304764573502,2.4592739508094184
2008-12-31,23.9,6.68,13.58,0.0,42.7,2.345855913900253,3.149440289901786
2009-01-01,22.9,5.04,12.72,0.0,38.69,2.288047700068783,3.0404068274156226
2009-01-02,22.35,8.55,14.03,0.0,27.68,2.2803253761990865,2.0177757851991487
2009-01-03,22.18,7.21,13.24,0.02,32.31,2.2060052315507757,2.299137599821827
2009-01-04,20.61,8.25,14.09,2.88,51.79,1.6362833285690828,2.002238629509555
2009-01-05,20.9,8.47,13.23,0.0,53.35,1.6905645770299187,1.9747859423727674
2009-01-06,20.93,7.78,12.87,0.0,49.03,1.7891584808320173,1.9765250601418094
2009-01-07,20.72,6.35,12.26,0.0,49.3,1.788789972640227,2.232817276642518
2009-01-08,20.96,5.92,12.66,0.0,54.92,1.715030155622492,2.161551131206286
2009-01-09,22.31,8.02,14.62,0.0,49.38,1.942431504729619,1.9491467274614647
2009-01-10,22.17,8.19,13.96,0.0,53.66,1.8621883502477583,2.6193577045515752
2009-01-11,22.1,5.68,12.83,0.0,50.3,1.965978753364106,2.4474747292751493
2009-01-12,21.76,6.45,13.18,0.0,41.52,2.02129058735008,2.500890975643876
2009-01-13,22.03,7.48,13.42,0.0,40.95,2.0494309700839937,2.5241697330606896
2009-01-14,24.22,7.98,14.02,0.0,41.86,2.404699518063991,3.1349968299308744
2009-01-15,25.53,8.38,15.19,0.0,39.93,2.6270087317939637,3.020911912555304
2009-01-16,23.93,10.15,15.58,6.02,56.44,2.023266816478633,2.230239671800591
2009-01-17,22.19,12.16,15.5,3.29,79.63,1.2996469114726938,2.209418866751765
2009-01-18,20.04,11.53,14.91,5.42,86.34,0.8907840404640992,1.4169204372246536
2009-01-19,21.63,8.07,13.89,0.0,72.59,1.4720212690654315,2.311563049862769
2009-01-20,22.96,6.02,12.66,0.0,55.27,2.0781014540177702,3.3499183924066185
2009-01-21,21.98,5.78,12.44,0.0,41.39,2.0946666880354456,3.297795315841467
2009-01-22,20.84,7.11,12.85,0.0,40.7,1.8882142492445846,2.5295578380913564
2009-01-23,24.41,8.26,15.51,0.0,35.17,2.4692138331441207,3.8611489596345363
2009-01-24,26.04,12.91,17.56,0.0,39.1,2.609476099922786,3.599978813912981
2009-01-25,25.87,14.39,18.72,0.01,39.05,2.533244935271843,3.349365821027076
2009-01-26,25.2,11.78,16.88,0.0,50.63,2.27318925553171,2.6818425825746393
2009-01-27,24.18,10.89,16.04,0.05,56.86,2.0267652774088734,2.663171892088677
2009-01-28,23.6,7.31,14.36,0.0,62.01,1.9811456310432023,3.0738451903579826
2009-01-29,23.8,8.66,15.26,0.0,51.59,2.1106662407737034,2.670065559852187
2009-01-30,23.72,9.54,15.01,0.0,51.18,2.111091800757008,2.936206765114395
2009-01-31,23.97,6.67,14.27,0.0,49.38,2.247254755048183,3.6769644311767893
2009-02-01,24.58,6.3,14.56,0.0,39.28,2.502607634515341,3.4738851084304323
2009-02-02,24.8,6.91,15.16,0.0,32.88,2.617095641181977,3.1827536306091075
2009-02-03,25.8,10.11,16.21,0.0,32.66,2.7653033522813613,3.0965935324843734
2009-02-04,27.43,9.36,17.71,0.0,33.06,3.051672339522606,2.926966463399843
2009-02-05,26.89,10.52,17.75,0.02,38.6,2.8048245053790795,4.2005088129162
2009-02-06,25.65,11.73,17.35,0.55,47.14,2.4085679800317656,3.4809767459030447
2009-02-07,24.85,7.88,15.05,0.0,45.47,2.4563471380558646,3.957962539701624
2009-02-08,25.11,6.8,15.03,0.0,37.37,2.602242313724333,3.343612185230929
2009-02-09,22.67,9.02,15.3,0.1,38.03,2.129129598139012,2.7239719219133613
2009-02-10,19.12,9.29,13.13,11.09,66.47,1.2432479238390082,1.9119473641993634
2009-02-11,21.5,8.14,13.74,0.2,70.04,1.5304724294295315,2.232698516165663
2009-02-12,22.27,8.36,14.4,0.07,60.17,1.7468042058787676,2.939702207442191
2009-02-13,27.08,7.92,16.99,4.59,53.15,2.655381325670446,3.2236049432604563
2009-02-14,25.5,10.3,16.73,0.01,60.7,2.188393912932759,3.31719488038078
2009-02-15,24.17,8.34,15.4,0.0,53.71,2.162080765631868,3.7258980371349026
2009-02-16,24.4,6.52,14.97,0.0,44.58,2.3607075487438087,3.38680007139595
2009-02-17,25.48,7.9,15.65,0.0,38.24,2.640188005713328,3.7429455508208145
2009-02-18,27.15,8.39,16.33,0.0,38.12,2.9546742723835413,4.471926053730142
2009-02-19,27.8,8.09,16.86,0.0,41.46,3.0228825449557544,4.351060251295462
2009-02-20,28.96,10.52,18.54,0.0,42.66,3.161156533863971,4.14857112265987
2009-02-21,28.96,11.23,18.96,0.0,38.67,3.233266317465802,4.963385528253802
2009-02-22,29.15,11.15,19.49,0.0,42.5,3.1541161636061497,4.300949223767086
2009-02-23,30.41,13.45,21.1,0.0,38.05,3.4630013943331863,3.847751359655165
2009-02-24,29.95,15.37,21.31,0.0,38.5,3.314411337323534,3.6467681213565464
2009-02-25,29.0,14.35,20.56,0.0,39.36,3.1112014005681368,4.850945816087789
2009-02-26,28.92,12.42,19.54,0.0,34.04,3.3024849999473567,4.673783648362713
2009-02-27,28.25,10.74,18.53,0.0,33.37,3.20099697089504,5.113952047605048
2009-02-28,28.41,8.67,17.41,0.0,30.68,3.354147850434294,6.12321904424852
2009-03-01,30.78,8.15,18.73,0.0,25.61,3.9758285485823106,5.538067642282463
2009-03-02,33.35,13.94,22.72,0.08,37.47,4.187490815727055,5.343646507741713
2009-03-03,34.56,16.42,24.02,0.0,35.71,4.558077160877896,5.643282013244404
2009-03-04,32.87,17.4,23.3,0.0,29.39,4.1945228050172885,4.92739829822427
2009-03-05,31.59,15.11,22.08,0.0,33.28,3.8511517217752997,5.369582234167614
2009-03-06,32.69,12.89,21.99,0.0,27.56,4.340933401712492,5.15353603623621
2009-03-07,31.57,13.13,21.11,0.0,26.01,4.0592262705881454,4.775709999239265
2009-03-08,30.13,14.15,20.88,0.0,28.12,3.6537062683841635,5.018105089156228
2009-03-09,31.19,13.91,21.52,0.0,24.48,3.984817957048498,4.808186312719465
2009-03-10,30.82,13.68,21.2,0.0,25.91,3.859979006868701,5.421047671843647
2009-03-11,31.25,10.92,20.03,0.0,21.1,4.158538260518484,6.323894169050666
2009-03-12,33.81,11.37,21.95,0.0,19.61,4.8391814659302455,6.5842058811242214
2009-03-13,34.46,17.29,24.86,0.0,16.01,5.004809607931602,4.231010989781364
2009-03-14,34.13,13.4,22.72,0.0,21.27,4.84740491338937,5.297191971235249
2009-03-15,33.46,15.01,23.38,0.0,21.01,4.6173654274460825,5.817819691499525
2009-03-16,32.87,16.07,23.5,0.0,22.82,4.39947106109167,4.477329104045198
2009-03-17,35.0,15.49,24.46,0.0,23.81,4.977726325898058,5.725434659491445
2009-03-18,35.58,18.02,25.72,0.0,25.31,5.036862231616524,5.707167604318386
2009-03-19,34.72,18.87,26.34,0.0,29.95,4.591382612718627,5.812888036452324
2009-03-20,34.28,18.31,26.29,4.55,32.91,4.354571967194952,4.916347384184688
2009-03-21,33.07,17.58,24.15,0.29,35.09,4.132795457847485,5.444149801708953
2009-03-22,31.91,13.87,22.91,0.0,30.23,3.9691077015199157,4.677742999546482
2009-03-23,33.49,15.94,24.41,0.0,29.48,4.352784531138468,4.82511578118124
2009-03-24,33.73,17.52,25.57,0.1,30.48,4.302760429361715,4.969388970682922
2009-03-25,26.84,17.14,21.34,10.98,63.62,1.9693540857552985,3.8778371838895747
2009-03-26,30.52,14.67,22.05,1.13,52.16,3.1225855915749294,4.9807437225672935
2009-03-27,29.35,15.86,22.29,1.12,49.52,2.836220203139399,3.430825700721468
2009-03-28,30.77,13.82,21.95,11.44,60.48,2.9606469890206606,3.833137427208415
2009-03-29,29.75,17.04,22.75,1.63,56.33,2.713006177907283,4.391100698509339
2009-03-30,32.2,17.48,24.11,0.01,44.0,3.5939186421186715,5.987003811331706
2009-03-31,33.68,15.34,23.88,0.0,38.75,4.221290928661377,7.258524164029938
2009-04-01,34.33,16.21,25.81,0.0,34.9,4.348657831807215,6.002051372780474
2009-04-02,35.38,19.96,27.76,1.12,35.86,4.479744125188854,5.584847696750349
2009-04-03,35.1,20.46,27.02,1.16,42.06,4.293249226603091,5.552203723447313
2009-04-04,35.15,18.01,25.89,0.0,35.45,4.621285616509178,7.457045137233121
2009-04-05,33.2,17.01,24.29,0.32,36.23,4.0911693358267,5.382376493725556
2009-04-06,33.46,17.77,23.87,4.51,42.6,3.9659656125769946,5.092541001271206
2009-04-07,33.1,16.83,25.08,0.0,39.59,3.9204146777568187,4.97025732390918
2009-04-08,33.13,17.15,23.66,10.42,47.43,3.8755224185424115,6.631717800110168
2009-04-09,27.97,14.31,20.78,8.56,60.57,2.41184843137364,4.732488084687544
2009-04-10,31.15,12.99,22.05,0.0,45.41,3.4465848412815845,6.223602161442966
2009-04-11,35.6,14.94,25.24,0.0,38.2,4.707251197586379,7.208507542608362
2009-04-12,37.66,19.14,28.19,0.0,35.65,5.272670372093839,6.750815524974848
2009-04-13,37.81,20.08,28.66,0.0,34.69,5.3421393467626075,7.2063938867381
2009-04-14,39.3,20.56,29.64,0.0,30.89,5.976800889330731,6.625345307501153
2009-04-15,38.8,20.39,28.85,0.06,30.46,5.84690408401934,7.231640100272863
2009-04-16,36.5,19.92,27.27,1.12,36.57,4.920106541046912,8.445863797550434
2009-04-17,36.29,16.99,26.35,0.0,29.4,5.177776918283317,7.982125382312087
2009-04-18,39.15,18.05,28.33,0.0,26.37,6.17990537933127,9.816652818895955
2009-04-19,41.37,19.16,30.18,0.0,25.51,7.007282030224196,10.012290720102774
2009-04-20,40.84,21.63,31.18,0.01,27.17,6.616636207063311,8.161757932047873
2009-04-21,39.53,23.39,30.55,0.0,27.25,6.081492148627984,9.558958333869304
2009-04-22,37.2,20.3,28.59,0.0,27.27,5.4681329921263515,6.795517230213725
2009-04-23,37.83,19.09,28.14,0.0,21.12,5.894968267339449,8.85136883854433
2009-04-24,37.87,18.12,28.25,0.0,19.75,5.943105256916445,8.399497781269382
2009-04-25,38.82,19.23,28.91,0.0,16.57,6.366775583003276,8.11776356075892
2009-04-26,39.28,20.26,29.81,0.0,14.25,6.5659167750561735,8.296116962295937
2009-04-27,42.33,21.01,31.76,0.0,16.13,7.687349727014372,9.30836197144385
2009-04-28,43.49,23.71,33.61,0.0,18.35,7.98136372651935,9.605922310844834
2009-04-29,44.09,26.52,35.0,0.0,18.23,8.208544343739224,6.974251272266488
2009-04-30,43.34,25.79,34.58,0.0,17.82,7.893259883556296,8.748652490292216
2009-05-01,44.13,26.7,35.24,0.0,16.75,8.275536735283545,7.602876090634308
2009-05-02,44.89,27.81,36.09,0.0,16.36,8.633933590921332,8.34214379828232
2009-05-03,41.26,27.8,34.12,1.74,22.19,6.762799946412344,8.622110509250192
2009-05-04,40.86,24.95,33.44,0.39,25.87,6.489183144702376,6.594034894230913
2009-05-05,39.39,24.81,31.4,0.37,32.49,5.774082245033182,9.755490240567182
2009-05-06,39.02,22.07,30.67,0.0,31.97,5.7954852402447,9.946263594251233
2009-05-07,39.48,23.42,31.61,0.0,24.43,6.1233128656850795,8.897897956754225
2009-05-08,40.97,24.73,32.8,0.0,20.45,6.813460422562217,8.26554048792267
2009-05-09,41.87,25.78,33.84,0.0,19.26,7.183127904254855,8.614784642506448
2009-05-10,40.95,27.47,33.66,0.06,17.26,6.901313873928294,8.308664942283052
2009-05-11,40.26,23.64,32.17,0.0,18.39,6.686665970692967,8.720452994683608
2009-05-12,40.02,24.36,32.43,0.0,16.47,6.631608039547965,7.264870035751973
2009-05-13,43.31,25.9,35.13,0.0,14.22,8.024644254439403,7.7261626651045745
2009-05-14,43.78,26.29,36.24,0.0,14.6,8.160876393559727,7.5532843654873645
2009-05-15,44.91,29.1,37.17,0.0,13.35,8.750918274638321,7.62798115529852
2009-05-16,44.45,28.22,36.93,0.0,14.69,8.442429538919928,6.9945502817267045
2009-05-17,45.46,29.36,38.02,0.01,15.9,8.799952313601414,7.739747632232591
2009-05-18,46.95,30.4,38.93,0.0,13.0,9.703217522172103,8.171798011062105
2009-05-19,45.69,30.94,38.69,0.0,14.34,8.969067903918791,8.827728844152077
2009-05-20,45.2,31.24,38.5,0.05,16.93,8.588076102578047,6.757272815663842
2009-05-21,44.54,30.44,37.82,0.0,18.51,8.220089323895758,7.39611623343734
2009-05-22,43.97,28.35,36.29,4.82,19.89,8.028850515080848,9.086113427495546
2009-05-23,43.74,28.49,36.51,0.22,18.54,7.941179485755194,7.644988008085387
2009-05-24,42.87,29.14,36.17,0.8,17.42,7.595024325131721,8.388491093877313
2009-05-25,41.72,27.31,34.66,1.92,22.14,6.91858524892546,8.902344509078866
2009-05-26,42.34,27.84,35.08,0.01,18.79,7.375219575531086,10.336140963318854
2009-05-27,44.31,26.86,36.21,0.0,14.14,8.455862843030198,8.08334677351939
2009-05-28,44.79,28.16,37.06,0.0,13.2,8.71523688664928,7.873896537388591
2009-05-29,44.95,27.93,37.01,0.29,12.86,8.80760130102469,9.002948725776443
2009-05-30,41.31,27.08,34.52,2.25,26.53,6.5466798399033035,9.949003800154225
2009-05-31,41.6,26.44,34.84,0.15,29.97,6.6495204003371295,6.83940571513271
2009-06-01,40.71,27.98,34.36,4.06,32.31,6.033534912197804,7.750037566829166
2009-06-02,43.06,28.33,36.05,0.03,30.65,6.920262303496601,9.270969616495554
2009-06-03,45.27,30.25,37.81,0.96,27.13,8.050109651897888,11.035413314630652
2009-06-04,45.57,28.82,37.82,0.0,20.48,8.600606052299193,10.586361487742765
2009-06-05,45.5,30.59,38.03,0.0,20.9,8.543136161899621,11.117849842262432
2009-06-06,43.93,29.33,36.24,0.03,14.7,8.349194938845647,10.634894727389524
2009-06-07,42.63,25.51,34.51,0.0,12.67,7.834846585680346,10.074440860064696
2009-06-08,43.14,26.57,35.17,0.0,11.08,8.127576104361314,9.807983172844025
2009-06-09,43.83,26.83,35.71,0.0,12.99,8.314029534443009,11.054426106667732
2009-06-10,44.97,29.3,37.72,0.0,11.49,8.842646028279978,7.948789278389246
2009-06-11,43.93,30.1,37.24,1.67,17.2,8.00787337669891,8.763941446495068
2009-06-12,44.55,28.97,37.1,0.28,17.35,8.34095080847113,8.912119956808894
2009-06-13,43.48,30.84,36.92,0.0,16.78,7.847408006275527,7.69579118137573
2009-06-14,43.63,29.52,37.03,2.29,20.89,7.680531650568411,8.029934530623846
2009-06-15,40.04,30.01,34.8,3.46,31.44,5.700225943882996,7.029034666866349
2009-06-16,39.69,28.41,33.86,0.42,32.15,5.643527379233868,7.724605506509801
2009-06-17,40.32,26.44,33.6,0.0,30.75,6.031775112354296,9.976885078334691
2009-06-18,41.94,26.46,34.62,0.0,25.5,6.853435680697578,9.813177215041213
2009-06-19,42.91,28.52,35.9,0.0,21.92,7.365372029983165,10.191403679125838
2009-06-20,44.24,27.6,36.35,0.0,17.51,8.242908270063321,10.156951814587
2009-06-21,45.46,29.22,37.53,0.0,13.85,8.977968319581462,10.314177300170199
2009-06-22,45.63,30.21,37.72,0.0,13.46,9.062027952391254,9.543218048402752
2009-06-23,45.74,28.77,37.62,0.0,14.87,9.032209114057654,10.013901696104076
2009-06-24,46.85,29.82,38.88,0.0,15.94,9.517353764325486,11.762737764617134
2009-06-25,47.23,31.34,39.58,0.0,19.49,9.468327777052908,11.742595183184363
2009-06-26,46.5,30.16,38.98,0.0,19.53,9.119537536150075,8.9386133211088
2009-06-27,47.23,32.46,40.17,0.0,17.96,9.457275807772902,8.512778266392523
2009-06-28,48.22,32.9,41.14,0.0,20.15,9.771546149012858,10.206955924045776
2009-06-29,46.53,34.1,40.3,5.16,25.14,8.574172651203595,9.706677415046366
2009-06-30,42.51,29.61,36.34,12.27,45.8,5.786909202644285,6.507700629378645
2009-07-01,37.26,31.41,33.87,4.37,51.85,3.6666424195670486,5.132525755376383
2009-07-02,40.45,30.17,34.89,5.02,44.9,5.136751294930638,6.292093765432783
2009-07-03,39.25,28.84,34.12,0.09,42.77,4.918430346670396,5.597155499054489
2009-07-04,41.54,27.83,34.84,0.0,35.27,6.172941647510705,7.170685144046334
2009-07-05,43.06,27.69,35.51,0.0,30.13,7.060776970411476,9.207770374030886
2009-07-06,44.06,29.19,37.09,0.0,28.83,7.465823455826638,7.54718137506391
2009-07-07,45.31,30.82,38.06,0.0,23.85,8.274392966114464,6.955400977981327
2009-07-08,43.76,29.39,37.03,0.52,29.55,7.233731588344811,9.853552476414656
2009-07-09,44.89,31.53,38.48,0.21,33.4,7.377196272958299,6.921080906382066
2009-07-10,42.11,32.57,37.27,0.08,37.89,5.877603145224921,7.28997416064511
2009-07-11,39.37,32.63,36.11,0.11,41.49,4.6673519546578905,4.853823778110453
2009-07-12,41.57,32.32,36.92,0.02,37.96,5.698880823537997,7.561896099294241
2009-07-13,43.05,31.75,37.29,4.98,40.83,6.169017994728413,7.01281085673071
2009-07-14,37.82,30.31,34.13,9.0,50.18,3.9166181516201704,3.7204124728233934
2009-07-15,42.35,29.16,35.85,0.02,41.39,6.044287894621083,6.660339520792445
2009-07-16,42.38,30.63,36.62,0.16,42.96,5.835499878116986,7.217781929580232
2009-07-17,42.69,31.75,37.58,0.33,39.75,6.007730847369188,6.760362689751457
2009-07-18,40.43,32.31,35.89,5.0,47.69,4.779089514089393,8.424782504852942
2009-07-19,41.7,30.94,36.49,0.99,47.45,5.284876603972977,7.191925909041926
2009-07-20,42.73,33.04,38.06,1.33,39.0,6.005551215050978,7.568713813850337
2009-07-21,37.87,30.72,34.47,10.04,53.14,3.719235479698871,5.194737289497624
2009-07-22,39.72,29.46,34.79,5.34,52.97,4.431229079977137,5.959404087748516
2009-07-23,38.76,30.63,34.32,5.0,51.4,4.1763063719698765,6.583875454378215
2009-07-24,37.8,29.27,33.25,2.05,54.88,3.804606078396357,5.988308085681907
2009-07-25,40.86,29.29,35.31,0.06,49.38,4.996507948761883,6.826817474138238
2009-07-26,41.81,31.01,36.48,0.12,45.59,5.410031791783734,7.414366984225421
2009-07-27,38.9,30.65,35.03,26.03,54.59,3.9629357343623197,5.486817929509582
2009-07-28,38.4,28.12,33.01,6.36,59.45,3.8790922757671775,5.840723292490875
2009-07-29,40.34,27.92,33.97,0.87,52.08,4.856698940813613,4.546153897540035
2009-07-30,38.5,29.59,34.16,4.97,52.38,4.057133935352276,6.107681702275676
2009-07-31,39.73,29.07,34.54,2.6,51.54,4.529620860824859,6.051878692403069
2009-08-01,40.93,30.58,35.5,0.04,47.2,5.1212528468644205,7.086651655133494
2009-08-02,42.04,30.49,36.15,0.0,43.93,5.681442672372453,7.501102951415288
2009-08-03,41.19,30.92,36.03,3.83,47.04,5.135782760183294,7.2986948858992236
2009-08-04,41.92,31.07,36.19,0.01,45.2,5.538303197914902,6.939213790704219
2009-08-05,41.61,30.92,36.36,0.01,43.3,5.483678711877751,6.679790400071763
2009-08-06,43.51,31.14,37.16,0.12,39.49,6.4693352326992,8.135949504562541
2009-08-07,41.76,30.92,36.37,0.13,41.78,5.648578028747325,7.000611871132141
2009-08-08,41.42,31.3,36.32,0.01,42.9,5.459272241940479,6.832637668429254
2009-08-09,41.94,31.44,36.6,0.03,42.89,5.629054655417796,7.011985644459377
2009-08-10,42.92,31.81,37.02,0.03,40.48,6.1695578251184955,7.127855861696509
2009-08-11,42.97,31.56,36.89,0.07,38.38,6.347897952653441,6.007566127870405
2009-08-12,42.03,30.38,36.64,0.02,44.78,5.590432465996343,5.8843335020133525
2009-08-13,43.38,32.82,37.73,1.96,38.27,6.428769725622309,7.072884387082242
2009-08-14,41.59,30.62,35.59,3.88,44.24,5.56283596594543,6.523983978049371
2009-08-15,37.09,28.29,31.9,1.71,62.13,3.4257738711383485,5.709238391044468
2009-08-16,32.15,26.38,29.32,0.76,72.52,1.8540247812343442,4.1967036651236045
2009-08-17,36.11,26.84,31.19,0.63,60.18,3.3217148340530516,4.855701469378676
2009-08-18,36.55,28.13,32.0,13.24,61.03,3.2600915720523322,5.317626402908284
2009-08-19,36.47,26.83,31.26,4.56,63.76,3.281384094212784,4.854427501434029
2009-08-20,39.14,26.78,32.88,0.75,50.15,4.639968775089954,6.324637864514935
2009-08-21,37.25,27.23,32.29,5.23,54.06,3.799480917257679,4.467150470175959
2009-08-22,37.73,27.51,32.43,0.1,51.56,4.078070127673613,6.581656084002763
2009-08-23,38.03,27.69,32.94,5.6,51.85,4.103858718369139,6.039889658596852
2009-08-24,39.13,27.78,33.28,0.43,50.26,4.568637828024776,5.841938139170284
2009-08-25,39.2,28.25,33.55,0.86,45.91,4.780204392150967,5.6508636738386215
2009-08-26,38.39,26.75,32.61,0.14,53.02,4.264957044062274,5.990213454061217
2009-08-27,38.18,27.09,32.73,0.01,51.8,4.2238103842923085,5.197473985433106
2009-08-28,38.65,27.11,33.05,0.02,51.77,4.338813099208084,6.0811393768188395
2009-08-29,37.03,28.1,32.25,0.37,55.35,3.6636216699179833,6.199347304232636
2009-08-30,34.02,27.15,29.88,15.57,70.58,2.385752236301924,4.471555070005473
2009-08-31,31.09,26.17,28.35,26.55,85.39,1.236782435480996,3.448933711976806
2009-09-01,34.0,25.76,29.59,18.97,76.18,2.2224808817903785,4.362343463913272
2009-09-02,36.18,25.67,30.9,3.86,66.07,3.132189126086778,4.94965647559557
2009-09-03,35.4,26.57,30.89,10.33,65.18,2.9131591271421646,3.8904527243400917
2009-09-04,35.01,25.23,29.86,4.04,67.13,2.896890514075413,4.383780301210907
2009-09-05,34.83,23.25,29.04,1.45,58.03,3.327023163355125,5.07849527372647
2009-09-06,36.36,23.11,29.38,0.04,46.61,4.249181253251535,5.7834377565390405
2009-09-07,36.5,22.33,29.39,0.0,42.98,4.44078498783926,5.821862709687792
2009-09-08,37.54,22.88,30.11,0.28,43.72,4.6939306725361725,5.698538335134371
2009-09-09,31.53,21.65,26.94,10.02,70.43,2.177853472972037,4.065595154993217
2009-09-10,31.8,24.06,27.26,17.57,77.16,1.9340656024359317,3.530900745732984
2009-09-11,30.06,23.82,25.93,21.84,84.64,1.4499504818287057,1.983808380816363
2009-09-12,31.92,22.68,26.71,2.08,76.09,2.116663512862196,4.2624083478241905
2009-09-13,35.22,22.5,29.29,0.0,59.79,3.3632437887121145,4.684778978926425
2009-09-14,36.68,24.6,29.94,0.0,49.78,4.154891892682478,5.114106195709144
2009-09-15,35.83,21.75,28.99,0.0,48.37,4.040635731729978,4.8347554468129035
2009-09-16,36.04,21.79,28.93,0.0,55.97,3.8229371157126413,4.939895024365447
2009-09-17,36.46,23.51,29.43,0.0,52.33,4.0492749894605815,5.612791578430093
2009-09-18,37.09,23.69,30.28,0.0,49.68,4.248130785431055,5.447263574339553
2009-09-19,37.87,22.62,30.63,0.0,51.2,4.460528926017456,5.16211566982787
2009-09-20,37.39,22.35,29.68,0.0,58.6,4.10414333758019,5.313965669215579
2009-09-21,36.97,23.44,30.04,0.01,63.18,3.703285850569498,5.062536227895126
2009-09-22,36.85,24.42,30.87,0.02,61.36,3.595871071484154,4.608898750266104
2009-09-23,38.6,25.34,32.07,0.0,52.05,4.498652921645036,4.748576831649032
2009-09-24,38.37,25.64,31.88,0.0,44.01,4.773564042085157,4.584112332476177
2009-09-25,38.54,23.65,30.79,0.0,44.72,4.963688612751145,5.075802651661588
2009-09-26,37.52,21.88,29.69,0.08,50.24,4.538996626016675,4.954335185935242
2009-09-27,37.83,24.15,30.26,0.0,40.28,4.942531178613411,5.152558744898383
2009-09-28,37.93,23.34,30.2,0.0,40.4,4.950637609868025,5.344057149330954
2009-09-29,38.84,24.07,30.75,0.0,41.55,5.2141805853779495,4.68651539402112
2009-09-30,38.01,22.81,30.46,0.0,39.9,4.995178257589299,4.3980661046658085
2009-10-01,37.31,21.78,29.36,0.02,51.78,4.404167567427791,4.9429494727739565
2009-10-02,37.06,24.58,30.88,0.02,55.4,3.9743824939089603,4.677567596172054
2009-10-03,36.42,23.86,30.01,0.14,57.62,3.7250265723969176,4.5058596388792
2009-10-04,34.04,24.05,28.68,1.82,64.41,2.8790324058829984,3.58168262655078
2009-10-05,33.51,22.86,28.05,0.12,63.57,2.876358770324676,3.9486843131986427
2009-10-06,35.25,22.45,28.46,0.13,56.22,3.7058978738003567,4.442923551546729
2009-10-07,34.92,20.84,27.66,0.0,45.79,3.985726222122734,4.929976875065738
2009-10-08,36.15,22.84,28.76,0.0,37.28,4.618640002089201,4.4376646094423755
2009-10-09,35.66,20.54,27.58,0.0,34.24,4.722713493100511,4.565664096724316
2009-10-10,35.36,20.51,27.44,0.0,34.87,4.546508669461126,4.048491485806563
2009-10-11,35.28,20.84,27.07,0.0,36.18,4.503551320656131,4.290361340209032
2009-10-12,34.91,20.23,26.68,0.0,33.21,4.508780782049627,4.306186573807566
2009-10-13,34.97,20.52,26.72,0.0,31.94,4.563753326831566,4.424339114723552
2009-10-14,34.17,19.95,26.17,0.0,32.79,4.328062910349654,4.006068189609757
2009-10-15,34.54,18.45,26.03,0.0,33.77,4.429529782441827,4.196716393301046
2009-10-16,34.23,20.85,26.15,0.0,29.85,4.455881640011083,4.236793060838277
2009-10-17,32.98,17.76,25.39,0.0,27.89,4.17506646205616,4.4371638473892565
2009-10-18,32.75,18.51,25.33,0.0,28.46,4.093192478728791,3.544316876213522
2009-10-19,32.66,18.64,24.79,0.0,32.06,3.9796381019414238,4.3079693023997
2009-10-20,33.17,17.61,24.65,0.0,28.33,4.267337823143355,4.8021186836532035
2009-10-21,32.87,18.11,24.18,0.0,26.52,4.25706220430609,3.940104387798749
2009-10-22,33.16,16.89,23.41,0.0,26.57,4.395658782876148,4.748103667862755
2009-10-23,32.39,13.6,21.76,0.0,26.62,4.251547610016615,5.292358341446253
2009-10-24,32.61,13.98,21.98,0.0,23.95,4.374703047768247,4.698257083586101
2009-10-25,31.49,15.01,22.28,0.0,23.75,4.045415057533614,4.085470327785372
2009-10-26,31.36,14.58,22.26,0.0,21.67,4.0580827315829575,4.153467792113682
2009-10-27,31.65,14.96,22.26,0.0,21.75,4.134908937867488,4.600483263902927
2009-10-28,31.86,16.69,22.22,0.0,22.98,4.151616365632456,3.9655848723018634
2009-10-29,32.9,15.96,22.7,0.0,25.66,4.35657999309103,5.158209773896082
2009-10-30,32.83,14.78,22.34,0.0,29.78,4.261444741755847,5.537614464894286
2009-10-31,33.49,16.02,23.56,0.0,27.71,4.433014482103319,4.099521109350075
2009-11-01,30.67,14.62,21.79,0.0,36.35,3.520604875594323,3.929153934896737
2009-11-02,30.63,14.44,22.19,0.0,46.47,3.231225365245638,3.5332553318296314
2009-11-03,31.71,17.11,23.99,0.0,42.51,3.5082384833922218,3.1029960623244897
2009-11-04,30.28,17.13,23.19,0.0,34.67,3.3836751714392266,2.7499114771061626
2009-11-05,30.48,16.52,23.18,0.0,31.35,3.5177803738406266,2.7471982204995813
2009-11-06,29.74,17.57,22.42,0.0,33.01,3.3199895365710703,2.725180926952723
2009-11-07,29.82,16.19,22.44,0.0,31.28,3.4020817980694895,2.7666450023525027
2009-11-08,28.17,14.31,20.81,0.0,36.96,2.9506612664289102,3.0451593438137152
2009-11-09,29.62,16.42,21.35,0.62,44.8,3.0625059674101998,4.249133635041927
2009-11-10,27.67,13.45,19.1,0.7,47.86,2.7604240020391524,3.6894731265153218
2009-11-11,27.86,10.44,18.21,0.0,32.92,3.122692317117064,4.454822524055532
2009-11-12,29.2,12.86,19.7,0.0,33.84,3.318304238222445,3.720263384922442
2009-11-13,23.87,15.61,18.53,1.63,58.07,1.7547921685341983,2.7150588479546203
2009-11-14,25.34,15.17,19.46,0.43,72.8,1.618269041548289,1.7408311798754064
2009-11-15,27.05,14.07,20.17,0.0,61.77,2.1971137603799944,2.5008806650797513
2009-11-16,27.96,16.2,20.52,0.04,44.21,2.7400142306860795,2.611944811065667
2009-11-17,27.66,13.71,19.15,0.0,39.03,2.8919079410784736,3.863068955302012
2009-11-18,25.67,11.12,16.96,0.0,35.3,2.6680657068139633,3.903232874628617
2009-11-19,25.71,8.43,15.77,0.0,29.53,2.8301126403032795,3.850553374705068
2009-11-20,25.67,7.43,15.48,0.0,24.83,2.8998515231829924,3.7174740534564186
2009-11-21,26.17,12.27,17.1,0.0,24.0,2.9489147765927366,2.837670807352485
2009-11-22,20.88,11.1,14.99,0.0,31.06,1.9490795400177083,2.0934143269420735
2009-11-23,25.51,10.91,15.9,0.0,32.36,2.7204569010128044,3.0872431693772713
2009-11-24,25.42,8.07,15.99,0.0,31.48,2.7042646282277203,3.409576066920578
2009-11-25,26.03,10.79,17.06,0.0,33.06,2.762801007690219,3.096779767864227
2009-11-26,27.31,11.76,17.5,0.0,32.59,3.0243292954278727,3.5616543778589445
2009-11-27,25.02,10.09,16.57,0.0,28.09,2.6741975851115347,3.269534305258805
2009-11-28,24.6,11.78,17.35,0.0,24.85,2.6239010885572704,2.359412813678842
2009-11-29,27.01,12.79,18.21,0.0,24.39,3.0789013895926662,3.3009514023401203
2009-11-30,27.98,14.38,19.55,0.0,24.32,3.247339515148875,2.6018457350436597
2009-12-01,23.27,13.62,17.37,0.0,31.28,2.247508123708172,2.224440349833684
2009-12-02,27.03,11.66,17.39,0.0,31.03,2.988690529772913,3.2420047592169525
2009-12-03,27.41,11.2,18.43,0.0,29.31,3.0733250846365934,2.5657435041946837
2009-12-04,24.91,12.0,17.84,0.0,32.1,2.5201971486141224,2.1881698286081743
2009-12-05,26.0,11.05,17.82,0.0,37.02,2.6348232335485267,2.500039817018117
2009-12-06,25.87,12.25,17.16,0.0,39.87,2.5965456944349894,2.758574062350151
2009-12-07,23.96,8.59,14.63,0.0,27.92,2.5581364174508545,3.401982841628273
2009-12-08,23.6,7.16,14.57,0.0,22.97,2.5494337160765954,2.4574525171679005
2009-12-09,22.4,10.2,15.67,0.0,22.42,2.3206253395298058,2.214923969843156
2009-12-10,24.75,12.11,17.03,0.0,25.92,2.6250351052608387,2.882518334236541
2009-12-11,25.82,10.73,16.78,0.0,30.02,2.7805993617214777,3.6039328687526258
2009-12-12,23.43,11.68,15.87,0.0,38.77,2.2069445377853323,3.428707341186068
2009-12-13,24.07,7.86,15.08,0.0,35.19,2.443959549942127,2.862691603685091
2009-12-14,23.42,9.85,15.4,0.03,32.21,2.3467293845458497,2.960616586894761
2009-12-15,24.54,10.41,16.11,0.01,31.87,2.5250016761932033,3.286295363493685
2009-12-16,24.96,10.81,15.88,0.0,33.78,2.5895625520851797,2.8222304797079323
2009-12-17,23.78,8.45,14.88,0.0,36.5,2.359675838078112,2.7113054233499185
2009-12-18,24.24,7.76,14.34,0.0,34.04,2.5109770272132974,3.1670901484528766
2009-12-19,22.93,8.25,14.78,0.0,32.26,2.2806023925307732,2.5488694169170123
2009-12-20,23.1,8.89,14.38,0.0,29.45,2.36359258590014,2.9154938334796126
2009-12-21,23.52,6.0,13.06,0.0,31.29,2.466189984205008,3.4501040125684845
2009-12-22,23.37,6.25,13.42,0.0,32.1,2.404451190343802,3.238712908558435
2009-12-23,23.29,7.86,14.14,0.0,30.42,2.393073218702933,2.9726804325114227
2009-12-24,22.39,8.26,13.61,0.0,28.76,2.272305574146416,2.6930417493955083
2009-12-25,23.37,6.57,13.26,0.0,26.85,2.491265146674067,3.1368225206385096
2009-12-26,23.08,9.29,14.51,0.0,20.53,2.4858154272059148,2.648420326189214
2009-12-27,21.9,7.13,13.09,0.0,23.88,2.2758925395948246,2.325196003953051
2009-12-28,20.69,7.29,11.97,0.0,27.19,2.0682288286886124,2.5479475592983394
2009-12-29,21.06,4.55,11.78,0.0,28.15,2.129213840746824,2.6082921922104365
2009-12-30,20.16,8.24,12.64,0.0,22.15,2.038973228536331,2.668769459462003
2009-12-31,21.0,4.41,11.77,0.0,35.73,2.012163664981484,2.745445731475503
2010-01-01,22.76,5.3,12.88,0.0,39.53,2.227281956750329,2.838843190074451
2010-01-02,22.68,8.79,14.49,0.0,31.29,2.2629599622295964,1.9857331126311069
2010-01-03,20.76,8.01,12.37,4.93,41.83,1.874859453458598,2.463037669267435
2010-01-04,18.77,4.64,10.65,0.0,61.15,1.4274376308915482,2.4556417191202096
2010-01-05,20.4,3.11,10.85,0.0,54.36,1.738678092753787,2.542290489047936
2010-01-06,21.87,5.07,12.86,0.0,42.01,2.048600020424448,1.834514727768308
2010-01-07,21.7,5.98,12.97,0.0,34.45,2.111074896305845,2.2660229690099856
2010-01-08,20.56,5.59,11.14,0.0,35.15,1.972099726507138,2.2574948462253497
2010-01-09,21.26,4.41,11.18,0.0,37.23,2.0532264153612756,2.4399934871587243
2010-01-10,22.3,5.11,12.5,0.0,32.91,2.2448619116129804,2.718381344869526
2010-01-11,23.57,5.47,12.42,0.0,24.75,2.574958829249934,3.1362784412053566
2010-01-12,22.36,4.12,12.18,0.01,21.33,2.414291196762056,2.5984399937261524
2010-01-13,12.81,5.08,9.36,1.09,58.27,0.8192228580807456,1.5854105123430118
2010-01-14,20.27,2.59,9.73,0.0,51.97,1.8443548655190023,2.742206072185647
2010-01-15,22.52,3.12,11.76,0.0,29.03,2.359086730233616,3.2176382701662796
2010-01-16,23.04,4.66,12.75,0.0,24.42,2.4739743137918997,3.2893451955824515
2010-01-17,23.88,8.75,15.43,0.0,19.6,2.632529989786336,1.8841334164577999
2010-01-18,24.26,8.58,14.52,0.0,20.3,2.707981480193912,2.490475973400837
2010-01-19,24.48,6.95,13.95,0.0,21.42,2.7451096347854733,2.9934332347800616
2010-01-20,22.2,5.93,13.13,0.0,22.11,2.349448867664679,2.6636321636062052
2010-01-21,24.06,5.14,13.35,0.0,23.68,2.6513470948502516,3.222222755549698
2010-01-22,23.17,9.46,15.34,0.0,21.77,2.470632940696062,2.3741132931491857
2010-01-23,24.6,8.44,15.05,0.0,22.81,2.7212690768660446,2.7473447370653252
2010-01-24,24.08,9.27,15.07,0.0,25.11,2.5872249484557903,2.572137069093729
2010-01-25,24.17,9.04,14.89,0.0,27.69,2.5744059649517217,2.9501197099943415
2010-01-26,25.15,8.07,15.82,0.0,27.7,2.7231256209301296,3.110869796327665
2010-01-27,25.19,10.38,17.27,0.0,26.88,2.7049658081071906,2.615004643239081
2010-01-28,24.8,11.09,16.4,0.0,29.72,2.5996939270392225,3.0947973980929797
2010-01-29,25.18,9.59,15.97,0.02,38.79,2.550857344368505,3.623796893171106
2010-01-30,24.86,9.14,15.13,0.02,37.78,2.5741216811729224,4.047051127639265
2010-01-31,22.91,5.72,13.75,0.0,33.35,2.317913999255495,2.882648822431999
2010-02-01,24.25,9.47,15.21,0.0,25.76,2.603311259643187,2.838738204164724
2010-02-02,24.12,8.73,14.65,0.0,28.4,2.555305040369368,3.522968093154269
2010-02-03,24.48,7.14,14.36,0.0,30.55,2.6132821876736037,3.6705587799481205
2010-02-04,25.72,7.89,15.4,0.0,29.32,2.8306478126036207,3.9467437750587355
2010-02-05,26.13,8.76,16.63,0.0,32.56,2.8048553147470354,3.587497819792311
2010-02-06,26.83,11.76,18.04,0.0,34.79,2.8511030998592855,3.034683880438483
2010-02-07,25.19,14.16,18.61,0.01,47.17,2.22577226247854,2.662466510278683
2010-02-08,20.72,13.56,15.95,4.63,69.42,1.2083363565807992,2.5212017747112054
2010-02-09,22.38,9.07,14.37,2.59,54.37,1.9650634946833225,3.9312390269445783
2010-02-10,21.95,5.24,12.52,0.0,39.83,2.1502639615257735,2.688127601352985
2010-02-11,22.75,5.32,13.04,0.0,33.59,2.3012133359230798,3.327042196665088
2010-02-12,23.93,8.46,14.9,0.06,31.07,2.5036291145687053,3.3379294435278557
2010-02-13,24.08,8.55,14.97,0.01,30.99,2.515911365494393,3.4021235455142818
2010-02-14,24.15,8.26,15.86,0.0,31.64,2.485037875576311,3.1209307072213592
2010-02-15,24.88,9.01,16.39,0.0,28.62,2.6474787603431946,3.8977783952336815
2010-02-16,25.38,8.4,15.57,0.0,38.43,2.633380479659934,3.965981291499587
2010-02-17,23.3,5.39,13.41,0.0,34.11,2.401404733691014,3.9922250584668184
2010-02-18,25.75,5.47,14.52,0.0,35.04,2.8289956222464543,4.260891886006231
2010-02-19,26.67,8.48,16.22,0.0,24.83,3.091443481951744,4.176434383545427
2010-02-20,28.46,8.56,17.77,0.0,24.9,3.4212129380275953,4.60429948398007
2010-02-21,30.4,9.94,19.76,0.0,27.46,3.761015375072575,4.933924044745725
2010-02-22,30.66,12.12,20.84,1.36,30.0,3.760937742255184,3.75761163733843
2010-02-23,26.75,12.22,18.92,0.88,52.18,2.4616171528558115,3.851405556187083
2010-02-24,28.42,13.86,19.96,0.08,41.41,2.966984283682101,3.9692714479422877
2010-02-25,29.38,12.37,19.97,0.0,43.57,3.1522322376147214,4.152970741492574
2010-02-26,30.9,12.83,21.05,0.01,41.9,3.5274278179945875,4.663826980179987
2010-02-27,32.48,14.72,22.48,0.0,38.83,3.9272630514876803,4.878327551203861
2010-02-28,33.12,14.87,23.56,0.0,37.18,4.071836805683393,4.4191267868555535
2010-03-01,32.71,16.85,24.21,0.03,35.52,3.9408332334226044,4.78481133653823
2010-03-02,33.42,15.98,23.5,0.0,31.48,4.3818236231617185,6.146647838431175
2010-03-03,30.1,16.33,21.23,0.0,25.78,3.654436913788443,4.50538682728952
2010-03-04,30.83,15.38,21.71,0.79,33.44,3.6569704467771045,4.583542428854972
2010-03-05,31.18,14.01,21.52,0.01,37.3,3.7181034555771832,5.398143124409676
2010-03-06,31.04,13.26,21.73,0.0,33.38,3.69357014941838,5.023322465828626
2010-03-07,29.37,13.24,20.26,0.6,48.47,3.063825608476253,5.302578195490798
2010-03-08,29.85,11.81,20.3,0.0,41.18,3.334384465415596,5.062651203253632
2010-03-09,31.85,14.14,22.01,0.0,31.04,3.967542791130859,5.049026358644487
2010-03-10,32.92,14.13,22.86,0.0,25.59,4.374691663153707,5.420256986563886
2010-03-11,33.14,14.7,23.35,0.0,20.9,4.527752964745915,5.231376827682142
2010-03-12,34.02,17.31,24.16,0.0,21.11,4.72409703071066,5.32145288855952
2010-03-13,34.74,16.17,24.63,0.0,25.0,4.854715821889641,5.979485054470293
2010-03-14,35.36,15.78,25.09,0.0,24.45,5.0488475627962135,6.428605459649751
2010-03-15,36.15,15.63,25.66,0.0,20.98,5.409266794266752,5.687017775281312
2010-03-16,37.52,19.53,28.07,0.0,15.27,5.932762893595519,4.371635295177714
2010-03-17,36.65,16.66,26.71,0.0,18.11,5.567679199286414,5.023705612078125
2010-03-18,36.67,18.67,27.18,0.0,22.68,5.389398816629904,5.5601918050076495
2010-03-19,37.68,18.23,27.41,0.0,23.42,5.727564691624797,6.565048859655775
2010-03-20,39.23,20.41,29.5,0.0,19.16,6.3690700805625555,5.748429976219269
2010-03-21,40.62,23.53,30.84,0.0,15.54,6.990367218549576,6.067096257512801
2010-03-22,40.54,22.99,31.35,0.0,12.95,7.05685085619567,5.76378651157009
2010-03-23,40.28,20.4,30.36,0.0,12.24,6.9963984242060056,5.76156699538948
2010-03-24,40.25,22.14,30.42,0.0,13.54,6.923154369911878,5.457449883881548
2010-03-25,39.34,20.32,29.7,0.0,12.83,6.630827488461697,5.730601435936998
2010-03-26,39.38,21.86,30.35,0.0,16.26,6.458957672633366,6.147760941096304
2010-03-27,38.28,21.19,29.14,0.0,18.82,6.023604131011496,6.971133423888825
2010-03-28,39.2,20.53,29.14,0.0,18.02,6.440801816870641,7.141394196700374
2010-03-29,40.4,21.8,30.81,0.0,13.75,6.98259996875094,6.72402780679609
2010-03-30,39.23,23.02,30.57,0.0,13.06,6.5338193154019075,6.6234719212124
2010-03-31,38.83,19.62,28.84,0.0,15.88,6.387882825659599,6.187084992652927
2010-04-01,38.14,21.27,29.03,0.0,13.88,6.1611706689629875,6.4571451293529725
2010-04-02,39.0,21.22,29.81,0.04,14.46,6.438544366136913,8.00460689153823
2010-04-03,39.1,21.41,30.01,0.1,20.14,6.26538561587846,7.9605528549379345
2010-04-04,38.82,21.71,30.04,0.0,17.13,6.2350448832279675,7.068485775440872
2010-04-05,39.15,22.33,30.22,0.0,16.39,6.386976322515422,7.529883986664696
2010-04-06,38.54,19.57,28.75,0.0,13.12,6.3721788324477915,8.560002190103898
2010-04-07,40.05,18.9,29.41,0.0,10.95,6.993842862062348,7.760075518084986
2010-04-08,41.66,22.64,31.29,0.0,8.44,7.686093038369234,7.188399039266144
2010-04-09,41.96,20.74,31.13,0.0,11.89,7.6776750318149904,8.683591532158923
2010-04-10,42.25,23.12,32.22,0.0,16.81,7.57125334400335,8.022982474741047
2010-04-11,42.86,25.13,33.61,0.0,13.78,7.93266797859515,6.711896455785155
2010-04-12,40.76,25.15,32.1,0.0,17.01,6.902295411046681,7.892055207397329
2010-04-13,41.37,21.41,31.36,0.0,18.71,7.199105735469708,9.81771515467662
2010-04-14,42.49,22.3,32.26,0.0,14.35,7.8366566339477925,8.957099237016067
2010-04-15,43.67,23.98,33.51,0.0,9.57,8.474812466574969,7.261691169627077
2010-04-16,44.6,26.69,34.97,0.0,10.52,8.823928656935397,8.287885903168279
2010-04-17,44.99,26.41,35.43,0.0,13.17,8.861239089422972,7.782278319541756
2010-04-18,44.41,28.63,36.06,0.0,14.76,8.435315171965929,10.075087162299411
2010-04-19,43.77,27.27,35.04,0.0,18.16,8.023341417959166,8.483911076562574
2010-04-20,43.13,25.43,34.32,0.0,17.99,7.808210787714089,7.696008402753592
2010-04-21,41.55,27.9,33.96,0.22,17.32,7.1450805902416565,5.635581413473012
2010-04-22,39.07,24.31,31.43,0.22,21.21,6.109519415347237,7.229702372081506
2010-04-23,39.59,22.95,31.02,0.0,18.58,6.487789826163945,9.027647265523987
2010-04-24,39.84,21.95,31.06,0.0,16.05,6.644780157628662,6.932927922888605
2010-04-25,41.39,23.04,32.59,0.0,11.34,7.435000262289617,7.720011840326454
2010-04-26,42.61,25.36,33.94,0.0,12.05,7.849658888899805,7.573651996368786
2010-04-27,43.02,27.42,34.89,0.0,16.95,7.7503814578616534,7.978055746002706
2010-04-28,42.32,27.05,34.48,0.0,21.45,7.236943030522461,7.484923915610802
2010-04-29,42.1,27.13,35.16,0.0,18.2,7.265438871909424,6.308811903042808
2010-04-30,42.56,27.9,35.16,0.12,17.04,7.529926414818865,7.7157013067144575
2010-05-01,40.71,23.38,32.51,0.88,23.65,6.608266792496897,6.618547488693038
2010-05-02,42.07,26.24,34.27,0.02,19.34,7.264509520388618,7.126488980091496
2010-05-03,42.44,27.42,35.16,0.0,16.21,7.510121255067142,6.864814381580742
2010-05-04,44.27,30.42,37.22,0.0,14.2,8.365912742680703,6.257257635784863
2010-05-05,42.86,29.1,35.84,0.81,18.53,7.544157104311402,7.97317185102355
2010-05-06,41.17,26.7,34.1,0.06,28.68,6.440915803051607,7.706354799258167
2010-05-07,41.62,27.01,34.22,1.47,27.29,6.657072433551097,7.452259665146499
2010-05-08,39.79,27.24,33.42,0.0,27.37,5.958775045456423,8.678676143914236
2010-05-09,41.33,26.51,33.93,0.0,23.36,6.751050790369703,9.02121810502942
2010-05-10,41.97,26.17,34.21,0.07,19.99,7.190358599049507,8.04831803922555
2010-05-11,41.3,26.47,34.0,0.61,20.3,6.890659456367715,9.50187538624072
2010-05-12,43.03,26.33,35.29,0.0,16.64,7.787475727008334,8.871975281117876
2010-05-13,43.94,26.62,35.36,0.0,14.0,8.350810450312258,8.491185671441217
2010-05-14,43.7,25.85,35.24,0.0,16.19,8.133529602958083,8.589687907580283
2010-05-15,44.11,27.6,35.76,0.0,13.3,8.427928868056096,8.110833768714786
2010-05-16,45.56,27.92,37.21,0.0,12.55,9.117987837859873,8.239297169983304
2010-05-17,45.81,29.52,37.8,0.02,14.91,9.045960840806952,9.364565277068799
2010-05-18,44.02,30.47,36.92,0.01,19.45,7.943125299966896,10.421895025962602
2010-05-19,42.44,28.06,35.27,0.2,20.88,7.361373241795315,10.853534593372322
2010-05-20,43.39,27.2,35.34,0.0,13.1,8.129712162633329,11.95348586682706
2010-05-21,45.41,26.33,36.04,0.0,10.13,9.230584280124907,8.227286979230222
2010-05-22,46.84,29.65,38.72,0.0,9.96,9.86411777092319,6.933666028032058
2010-05-23,46.42,30.09,38.71,0.02,12.03,9.507262107778624,8.434497727436986
2010-05-24,47.45,30.3,39.08,0.0,12.61,10.02617192210983,10.282311175671287
2010-05-25,47.7,29.24,38.76,0.0,9.45,10.399438653642749,11.935364072266676
2010-05-26,48.92,27.87,38.81,0.0,6.63,11.257136433985412,10.608622350246096
2010-05-27,47.68,30.12,39.11,0.0,15.16,9.958006115123448,10.823542735168719
2010-05-28,46.28,31.08,38.45,0.0,14.56,9.427265165405245,12.491640832053555
2010-05-29,44.37,29.04,36.44,0.11,19.0,8.28611546044059,11.412979496328939
2010-05-30,42.44,25.99,34.78,0.0,17.15,7.521715587156187,10.771320017961171
2010-05-31,44.89,28.58,36.59,0.0,12.31,8.842714716100911,9.556380680789333
2010-06-01,46.51,28.82,37.97,0.0,11.93,9.610687662458396,10.053682037055342
2010-06-02,45.67,31.35,38.55,0.03,16.21,8.847005813767643,9.494893394794058
2010-06-03,44.82,31.37,38.26,1.86,22.09,8.067345270983031,8.753730907441376
2010-06-04,43.38,32.3,37.11,4.42,30.7,6.937512015604056,9.757083878773773
2010-06-05,40.51,28.62,34.51,1.96,34.61,5.866514204504952,7.355901295704339
2010-06-06,41.04,26.41,34.23,0.25,24.22,6.595699508490817,8.969579261955348
2010-06-07,34.01,26.85,30.55,17.31,42.89,3.510892661925304,5.023711823419602
2010-06-08,31.42,24.28,27.4,24.49,62.4,2.3664562520687342,6.058503874733447
2010-06-09,38.36,23.36,31.07,3.54,45.36,4.865655671118548,8.227944311376119
2010-06-10,38.92,24.64,32.09,2.79,42.96,5.071146323075501,7.472511127772353
2010-06-11,41.5,27.21,34.47,0.0,34.46,6.261916928630544,7.9075023789419925
2010-06-12,42.28,28.77,35.42,0.0,29.97,6.728971721540148,7.720425428745556
2010-06-13,41.85,28.35,35.94,0.24,28.97,6.544240742247888,7.155806833981143
2010-06-14,41.14,26.94,34.39,0.33,33.12,6.144550649540287,6.4940369265191915
2010-06-15,41.41,27.16,34.34,0.07,30.14,6.441589044912855,8.105487340724375
2010-06-16,40.94,26.24,34.04,0.01,31.63,6.1772905019236095,8.005363499241728
2010-06-17,42.0,27.5,35.04,0.0,29.32,6.670540813841655,8.193885657408924
2010-06-18,43.59,27.6,35.91,0.0,26.71,7.474702301189512,9.439943476331386
2010-06-19,44.94,30.16,37.89,0.0,23.77,8.099662347532641,8.53875603513548
2010-06-20,46.01,29.11,38.77,0.0,24.37,8.523718378631413,8.321327136475466
2010-06-21,47.26,34.19,40.72,0.0,17.98,9.490560635573505,7.453093331639764
2010-06-22,46.88,30.75,38.99,0.0,20.1,9.266777079141384,9.09462593988587
2010-06-23,45.18,31.09,38.14,0.03,25.87,8.018181561357483,9.79774141986958
2010-06-24,44.33,31.61,38.08,2.31,29.48,7.394297203399006,7.510461367953839
2010-06-25,41.1,30.96,35.73,8.22,42.01,5.489513069984631,6.573708530402057
2010-06-26,43.55,29.69,36.58,0.0,35.32,6.8523523866717735,8.61539098057535
2010-06-27,44.6,30.93,38.33,0.07,34.16,7.2006630394469955,8.012119974611764
2010-06-28,44.74,31.67,38.34,2.3,33.07,7.378095466464819,7.212465931074539
2010-06-29,44.15,30.42,37.77,0.0,27.93,7.439562377061847,6.65522615075897
2010-06-30,43.82,31.0,38.0,0.59,28.44,7.229983949585048,5.311055250915029
2010-07-01,43.46,31.56,36.73,4.91,35.69,6.770731608392298,6.8948861645050314
2010-07-02,40.22,28.27,34.36,6.48,45.78,5.0612810272308115,6.885899424743841
2010-07-03,42.53,28.79,35.86,0.03,35.21,6.48119781036689,6.823783885611718
2010-07-04,38.75,29.48,33.57,16.39,53.5,4.190746629746679,6.262127574904814
2010-07-05,29.73,26.57,28.36,29.97,79.09,1.1324385499399714,4.174692420046349
2010-07-06,30.98,26.48,28.55,8.05,80.13,1.3814382272509378,2.6996167049043427
2010-07-07,37.81,26.38,32.15,1.64,63.76,3.629914961457642,5.261985631412593
2010-07-08,38.28,28.19,33.63,0.05,56.6,3.8683481739847037,6.028553882795565
2010-07-09,41.61,29.38,35.36,0.35,48.8,5.3609980203309195,7.15341035937527
2010-07-10,42.28,29.77,36.09,0.41,45.31,5.741753595841796,7.356610815453253
2010-07-11,40.45,31.29,35.98,14.63,49.34,4.686613490497778,7.5632797463523005
2010-07-12,40.09,30.36,34.57,8.11,55.37,4.452129795575712,4.242131143903149
2010-07-13,37.16,28.53,32.96,7.59,59.18,3.4411461348256838,5.402761643145804
2010-07-14,39.23,28.36,33.84,0.02,50.64,4.5106947246591,6.401449520670674
2010-07-15,41.15,29.44,35.26,0.0,44.31,5.443008741944426,6.377998243727869
2010-07-16,41.75,29.79,35.66,0.03,45.1,5.586485400101619,5.9995425782628065
2010-07-17,39.16,29.66,34.24,1.55,57.59,4.01549052693179,6.5610678497853465
2010-07-18,41.27,30.32,35.95,0.13,52.17,4.925408542793987,5.107909949486262
2010-07-19,41.32,31.05,36.21,6.62,50.9,4.997515294747561,5.804037005214595
2010-07-20,34.44,26.88,30.32,22.41,73.33,2.305762968848997,2.967975771751749
2010-07-21,34.36,26.22,29.2,19.74,75.98,2.399640376795063,4.445722240418849
2010-07-22,34.3,26.3,29.98,22.93,73.19,2.3852103549180206,3.4398277848144865
2010-07-23,35.74,25.69,31.1,1.79,66.63,2.931446668189296,4.3918352038834545
2010-07-24,38.28,28.62,33.43,0.01,58.49,3.795111022296394,5.9565768391557965
2010-07-25,36.89,28.34,32.81,1.22,62.94,3.1846604178834874,5.023471454470252
2010-07-26,32.98,25.79,29.66,1.39,72.76,2.0262319521117127,5.61674789128903
2010-07-27,34.77,25.49,29.05,6.81,74.54,2.6139299949666133,5.120811456683259
2010-07-28,32.77,25.29,28.84,2.96,74.96,2.0226442617913434,5.40510218483171
2010-07-29,35.06,25.68,31.18,0.67,68.16,2.63587698396733,5.288942401581092
2010-07-30,37.82,28.46,33.32,2.98,60.51,3.5261143978787777,5.302142508867296
2010-07-31,32.81,27.0,29.99,7.5,75.53,1.8146653659543528,4.67721815771064
2010-08-01,32.78,26.35,28.99,0.48,76.98,1.939419553191584,4.6652983548595355
2010-08-02,36.64,25.9,30.98,0.57,68.92,3.1581357408973787,6.66032234313753
2010-08-03,36.35,26.87,31.16,0.01,68.39,3.052363558724023,6.933082430623413
2010-08-04,36.43,26.59,31.09,2.73,68.67,3.0699095068938944,6.616103054934659
2010-08-05,32.42,27.11,29.56,2.54,78.81,1.6324495666572596,4.953777134933756
2010-08-06,34.95,26.1,30.32,8.53,76.12,2.386164782146562,3.944655719096868
2010-08-07,37.66,26.51,31.85,2.16,65.79,3.5307400372940183,5.527010443687898
2010-08-08,35.13,26.5,30.63,2.83,70.37,2.6342204201498474,5.910516965962406
2010-08-09,37.59,26.13,31.98,0.11,64.53,3.5221323707821113,5.630313482197663
2010-08-10,38.03,27.97,33.31,6.12,62.06,3.5387323880715,5.213633755861649
2010-08-11,38.49,29.63,33.94,1.86,59.05,3.7642386165867823,4.107248410252482
2010-08-12,36.82,28.36,32.38,3.38,64.31,3.160899397933639,5.145494333618558
2010-08-13,34.78,27.38,31.26,6.71,67.35,2.54378296599171,4.934648217478742
2010-08-14,35.1,27.49,30.91,3.01,68.15,2.6555571401641997,3.076103002161522
2010-08-15,34.63,26.74,30.67,18.15,74.81,2.274288552892422,4.780838673895599
2010-08-16,34.53,27.12,30.85,16.14,76.34,2.128718567324186,4.852886420492312
2010-08-17,35.46,27.84,31.49,7.94,71.67,2.50579996084511,4.167380483060353
2010-08-18,34.07,27.2,30.24,7.36,78.6,1.998407011582973,3.4785708973928138
2010-08-19,31.37,26.46,28.57,11.28,88.09,1.158502048784451,3.407574294229614
2010-08-20,31.03,26.81,28.56,4.49,87.52,1.0988843701190216,3.6317413865300274
2010-08-21,33.37,25.98,28.97,3.22,81.72,1.9087435377191029,4.398801059812644
2010-08-22,33.07,25.77,28.66,17.74,84.15,1.7749386254294177,4.534117331802959
2010-08-23,33.13,25.83,29.25,2.98,81.51,1.793892133308871,4.361732294043627
2010-08-24,35.79,26.23,31.08,5.28,70.92,2.7575587642048847,4.711786295762143
2010-08-25,33.55,25.61,29.24,4.28,77.78,2.0832364646862547,5.036891986894149
2010-08-26,31.96,24.75,28.12,0.38,78.81,1.7797654259133213,4.539619697605299
2010-08-27,35.0,24.49,29.58,0.02,69.39,2.8301914722839974,5.49199734617229
2010-08-28,36.16,25.01,30.28,0.01,65.14,3.2957700593539303,5.370128054488523
2010-08-29,36.72,24.78,30.53,0.04,58.63,3.7740486225508074,5.336566528536642
2010-08-30,35.85,23.46,29.95,0.05,64.86,3.245121115359864,5.053285773200825
2010-08-31,35.21,25.54,30.04,0.03,69.35,2.8049313223854497,4.9539800988890255
2010-09-01,35.09,24.93,30.21,0.09,71.6,2.6380169003717113,4.197169021356505
2010-09-02,35.66,26.65,31.08,3.38,68.89,2.794808784831418,3.784082840754216
2010-09-03,35.33,26.64,30.67,7.85,72.74,2.6032762315660505,4.36302320279471
2010-09-04,35.04,25.78,30.07,3.78,74.13,2.567820926527059,4.178821047126027
2010-09-05,33.75,25.51,29.54,0.26,73.32,2.277826872506913,4.369014543684477
2010-09-06,35.28,25.14,30.37,0.02,69.84,2.7637702622975655,4.805473941567938
2010-09-07,35.74,26.33,30.89,9.06,69.86,2.8168775055760173,4.407452579184853
2010-09-08,33.58,26.0,29.02,7.72,80.83,2.0094276360439194,4.588774118900627
2010-09-09,34.18,25.34,29.25,4.31,76.16,2.3583027082859616,3.8563380563335596
2010-09-10,32.96,25.31,28.93,3.79,77.61,1.9735161528881413,3.824664476417738
2010-09-11,32.81,25.35,28.68,29.33,80.5,1.8540133391459848,3.822144545895443
2010-09-12,32.47,25.37,28.34,13.77,83.0,1.7222865361877053,3.376586766134984
2010-09-13,31.48,23.85,27.61,5.35,79.34,1.736962050701611,3.83626560299724
2010-09-14,32.19,23.22,27.64,0.99,76.43,2.0371519294503084,3.8126940038043875
2010-09-15,33.37,22.35,27.98,0.0,66.56,2.7223593472188394,4.980244901056288
2010-09-16,33.44,21.52,27.81,0.1,59.83,2.9963306412966584,4.6397343379007205
2010-09-17,34.05,21.27,27.73,0.06,59.16,3.2162848526451793,4.4693208976017385
2010-09-18,32.31,19.48,26.06,0.06,65.35,2.7314984959172866,4.469748361585091
2010-09-19,33.06,20.3,26.27,1.82,69.25,2.8193670267882025,4.525628727150926
2010-09-20,31.68,21.79,26.42,4.5,73.55,2.1961777764429242,2.5391674904641843
2010-09-21,32.29,23.52,27.78,14.04,75.63,2.0475158540822656,3.6672085358277626
2010-09-22,29.47,24.4,26.68,16.6,83.65,1.2045001789288876,1.319304291364117
2010-09-23,30.61,23.15,26.71,20.83,80.25,1.6164869675533726,3.9584789811307304
2010-09-24,30.88,21.81,26.27,0.52,78.03,1.8548986639505567,3.9372412226216857
2010-09-25,32.5,22.85,26.94,0.0,69.19,2.4969251065384,4.583400887223246
2010-09-26,33.11,20.79,26.57,0.0,58.68,3.113692430827909,4.454572256164112
2010-09-27,33.59,20.88,26.54,0.0,56.67,3.324237649425233,4.661887584853271
2010-09-28,33.64,19.76,26.55,0.0,53.16,3.4525385710384806,4.558634369719895
2010-09-29,33.67,21.13,26.4,0.0,55.55,3.385347014844376,4.619137321933178
2010-09-30,34.26,20.14,26.45,0.0,59.78,3.4368061174737035,4.650314368181877
2010-10-01,34.18,20.61,27.01,0.0,59.2,3.35888687791855,4.453912728596991
2010-10-02,34.7,20.3,27.6,0.03,58.46,3.494507304751533,4.206791216141902
2010-10-03,34.65,20.72,27.8,0.0,58.48,3.449532625359489,4.235876957855682
2010-10-04,34.58,20.5,27.66,0.0,57.91,3.438542059817288,4.0627008529470325
2010-10-05,34.54,21.85,27.96,0.0,57.27,3.412107472125975,3.8589116554876752
2010-10-06,34.67,21.33,27.31,0.0,66.85,3.211446496635499,3.9854592105820763
2010-10-07,33.69,21.6,27.35,0.0,66.92,2.891297765265331,3.8157755977354486
2010-10-08,34.15,21.52,27.44,0.0,65.01,3.0913258960995353,4.089501536503761
2010-10-09,34.32,22.71,27.89,0.0,56.01,3.3932205038681285,3.995740467079944
2010-10-10,33.82,20.15,26.67,0.0,57.11,3.3925848013753246,3.89395372334936
2010-10-11,34.25,19.76,25.99,0.0,58.06,3.5544539135373103,4.153784528063674
2010-10-12,34.27,20.72,26.54,0.0,55.05,3.5837844446273204,4.23877220251046
2010-10-13,34.26,20.96,26.49,0.0,55.21,3.586577015477788,4.405270615208897
2010-10-14,34.51,20.66,26.86,0.0,51.54,3.7679319700303364,4.152740854504097
2010-10-15,35.07,19.57,27.07,0.0,54.41,3.7910489717462186,3.9949776460788478
2010-10-16,34.77,20.61,27.26,0.0,58.5,3.522388168755527,3.923270384469275
2010-10-17,33.68,21.26,26.91,0.0,67.24,2.9484550325962435,3.9353838891937447
2010-10-18,34.05,21.44,27.51,0.0,62.82,3.144905150997834,3.4330214795862135
2010-10-19,33.4,21.49,27.24,0.0,62.87,2.9562970717831454,3.1002649671401032
2010-10-20,33.46,22.28,27.28,0.0,59.55,3.0594729450414033,3.1301778732965597
2010-10-21,32.53,21.23,26.7,0.74,59.56,2.873669253994898,3.047630894314916
2010-10-22,33.07,20.31,25.52,0.91,67.23,2.946686841927334,4.820178637218389
2010-10-23,30.11,19.42,23.81,0.01,67.0,2.3843573740313007,4.116643034776365
2010-10-24,30.89,15.84,22.25,0.0,49.18,3.2787106073426404,4.54454154431553
2010-10-25,30.88,15.47,22.48,0.0,37.26,3.5416676754701184,3.731153429656484
2010-10-26,30.8,16.25,22.47,0.0,36.55,3.510458953877034,3.716826209972308
2010-10-27,30.28,15.84,21.52,0.0,39.2,3.370083976778771,4.04264505019198
2010-10-28,30.35,13.74,20.93,0.0,43.73,3.327821918244097,4.308606561250761
2010-10-29,29.6,16.91,22.11,0.0,40.29,3.1399974501178542,2.8389433858974353
2010-10-30,29.91,14.7,21.44,0.0,58.1,2.8570209753435933,3.034880825420795
2010-10-31,30.13,17.03,22.15,0.0,48.68,3.042723269117534,3.8022867999564847
2010-11-01,29.88,16.01,21.77,0.0,47.12,3.0455655599177884,3.7847669723937787
2010-11-02,30.27,17.56,22.32,0.0,43.43,3.1887832678138865,3.498163417998579
2010-11-03,30.46,16.26,22.36,0.0,41.83,3.286459219575141,3.4706119396960435
2010-11-04,30.18,15.33,22.44,0.0,41.06,3.219404186510036,3.090615983819836
2010-11-05,30.38,14.66,21.85,0.0,45.22,3.2258217922800676,3.2325545135671367
2010-11-06,30.48,16.63,21.51,0.0,45.34,3.2574470013355374,3.5023378077276806
2010-11-07,30.2,15.54,22.06,0.0,42.51,3.235903437448451,3.3735034199649414
2010-11-08,30.12,16.88,22.89,0.0,42.52,3.128942031216039,2.491882331244871
2010-11-09,30.5,17.87,22.39,0.0,53.38,3.0101916682891092,3.0366903870528112
2010-11-10,29.77,13.88,20.7,0.0,42.28,3.2340173602558155,3.88646123387896
2010-11-11,29.01,15.66,20.74,0.0,33.8,3.2344881991499124,2.7494175078462146
2010-11-12,28.34,13.1,18.79,0.0,42.03,3.003585437480467,3.36124551967113
2010-11-13,29.05,13.37,19.49,0.0,38.37,3.2321853396980913,3.4938472108901077
2010-11-14,28.13,11.55,18.72,0.08,62.13,2.5831402281418736,2.8497525624270694
2010-11-15,29.48,15.83,20.71,0.0,40.57,3.1673794353754454,3.6717373552210026
2010-11-16,28.3,15.96,20.74,0.0,40.93,2.881816194347115,3.1450192938164347
2010-11-17,28.78,15.57,20.64,0.0,39.97,3.034069617991491,3.1158229962711435
2010-11-18,26.56,14.15,19.27,0.18,46.04,2.511683233703228,2.9497423813385057
2010-11-19,26.76,13.28,18.54,0.0,47.92,2.5874345321469185,3.059225372671721
2010-11-20,26.61,11.51,17.93,0.0,40.73,2.6905692702610597,3.521791068500378
2010-11-21,26.73,9.85,17.1,0.0,41.57,2.7779588072847767,3.609524097519939
2010-11-22,26.71,12.86,18.05,0.0,33.99,2.8522014657342636,2.406272970945426
2010-11-23,26.72,12.56,17.65,0.0,40.86,2.7440290810090624,3.0492334612273426
2010-11-24,25.96,12.78,18.84,0.01,37.23,2.57450130966522,2.490295057483946
2010-11-25,27.28,15.82,19.99,0.0,39.22,2.742841174340486,2.421647399466462
2010-11-26,26.96,12.01,18.67,0.0,45.39,2.6423880502201857,3.3042557895777223
2010-11-27,27.13,10.99,18.19,0.0,40.21,2.8169244435176806,3.4230376450184123
2010-11-28,26.04,12.74,17.94,0.0,36.24,2.6627442459931707,3.099482010091954
2010-11-29,25.63,11.84,16.68,0.0,35.55,2.6556870163615023,3.085507933857913
2010-11-30,25.24,8.57,16.0,0.0,38.27,2.564181650080644,3.069258114449831
2010-12-01,24.85,10.59,16.58,0.0,31.22,2.5919287179241515,2.4416288128964805
2010-12-02,23.85,7.71,14.54,0.0,40.7,2.3356063228993635,2.7487827246717083
2010-12-03,23.57,9.99,14.87,0.0,35.8,2.338762472422322,2.4552427168512914
2010-12-04,22.93,9.3,14.52,0.0,35.2,2.2450467245271115,2.3766682675205937
2010-12-05,23.19,10.34,15.35,0.0,35.73,2.251665406314778,1.776831222657326
2010-12-06,23.06,7.22,15.29,0.0,55.4,1.8986874082428398,2.05632589967217
2010-12-07,23.05,9.89,15.26,0.0,59.24,1.8365386325526447,2.1155983598949057
2010-12-08,23.26,8.37,14.66,0.0,52.26,2.036071202896341,2.5925998855480823
2010-12-09,22.78,9.45,14.44,0.0,51.09,1.9871891180925145,2.292498787294072
2010-12-10,21.4,6.75,13.25,0.0,39.14,1.9801847703380664,2.171911288229967
2010-12-11,22.87,8.84,14.36,0.0,46.98,2.0387505162252095,2.629277596389072
2010-12-12,22.67,6.81,13.88,0.0,44.39,2.1051521484306197,2.864121013410539
2010-12-13,23.06,6.5,14.32,0.0,33.06,2.3270909981419563,2.42896717868659
2010-12-14,22.05,9.71,13.95,0.0,31.82,2.168190506269797,2.5875087726106023
2010-12-15,21.54,6.89,13.2,0.0,38.77,2.016963271187847,2.391265750446736
2010-12-16,22.32,7.9,13.69,0.0,36.89,2.1454537928353368,2.361555313499686
2010-12-17,22.02,6.62,13.02,0.0,39.63,2.0831433945089515,2.2517594136857513
2010-12-18,20.37,7.32,11.83,0.0,43.51,1.8107255756131813,2.5803083476775672
2010-12-19,20.88,4.27,10.47,0.0,40.58,1.988887688253241,2.7293672703992318
2010-12-20,21.9,3.35,10.81,0.0,33.71,2.227635592896315,3.3436364487923242
2010-12-21,20.89,6.22,12.91,0.0,26.22,2.098438752694199,2.172372125561478
2010-12-22,20.62,5.49,11.85,0.0,35.49,1.968397550024526,2.424014059317482
2010-12-23,21.93,4.66,11.7,0.0,56.21,1.9285436842093109,2.556050684974221
2010-12-24,20.41,5.91,11.6,0.0,63.6,1.576402596228435,1.8244514873332527
2010-12-25,21.36,5.99,12.03,0.0,47.09,1.9227864838574953,2.2661356803253256
2010-12-26,20.92,6.77,11.9,0.0,37.46,1.976712946300411,2.1021059682713488
2010-12-27,19.8,7.16,11.18,0.0,39.41,1.8191302481721894,2.0307863043343
2010-12-28,21.07,4.83,11.56,0.56,51.2,1.8643319212877976,1.9350685780110348
2010-12-29,17.43,8.79,12.38,1.02,77.37,0.8985104098932428,1.3016860601298166
2010-12-30,17.95,10.63,13.89,17.56,93.93,0.5685333672515933,0.8002940086560925
2010-12-31,17.58,6.47,11.1,0.01,73.22,1.092335952842185,1.7243446864748955
2011-01-01,18.75,5.62,10.44,0.0,62.62,1.4189279260763963,1.991922223856476
2011-01-02,18.5,2.1,9.22,0.0,60.72,1.4725940571950031,1.9212197624676584
2011-01-03,17.19,1.96,8.46,0.0,51.58,1.4282837817144531,1.8487348610518182
2011-01-04,17.1,0.99,7.72,0.0,49.57,1.4607821825564558,2.0319867377341323
2011-01-05,18.41,-0.3,7.44,0.0,45.38,1.6849698935613084,2.4086322989623588
2011-01-06,20.23,-0.03,8.58,0.0,42.3,1.9402579985528932,2.4538633951473128
2011-01-07,20.83,1.76,10.53,0.0,35.31,2.051977605209279,2.3581824135144087
2011-01-08,19.0,3.84,9.76,0.0,40.12,1.7434750547539224,2.052634848366519
2011-01-09,19.25,2.28,9.43,0.0,42.06,1.7630717676955265,2.2401899627411757
2011-01-10,20.21,1.63,9.32,0.0,46.92,1.868895035724949,2.8079605896607136
2011-01-11,20.19,2.55,10.13,0.0,39.89,1.9096084049746027,2.7556696693633347
2011-01-12,21.36,5.75,12.42,0.0,35.92,2.0488725084127424,2.435782269316891
2011-01-13,22.81,7.5,13.92,0.0,38.46,2.2045412893713245,2.3455598144012213
2011-01-14,22.64,8.11,13.46,1.29,56.63,1.9153279528923544,2.98293937170349
2011-01-15,19.6,6.24,11.29,0.05,56.79,1.6471596078024637,2.6588955827592153
2011-01-16,18.68,1.13,8.96,0.01,40.16,1.7317692416396724,2.980745033191366
2011-01-17,19.74,2.79,10.44,0.0,40.8,1.8285536027905072,2.627699447961881
2011-01-18,21.02,6.34,11.74,0.0,43.09,1.9301789995919283,2.9138530226061183
2011-01-19,21.24,2.87,10.73,0.0,44.73,2.00116179314802,3.235992290919197
2011-01-20,20.86,5.46,13.37,0.0,29.91,2.0409908056016315,1.9603982112349223
2011-01-21,22.42,8.46,14.01,0.02,36.2,2.15822916224585,2.7410562010573454
2011-01-22,22.34,7.93,13.77,0.0,44.44,2.052398232337603,2.796663429221492
2011-01-23,23.09,6.92,13.69,0.0,36.09,2.3066533286489226,3.0001460582382524
2011-01-24,21.29,4.61,12.7,0.0,36.62,2.0309515641576867,2.6955573377634914
2011-01-25,21.31,8.13,13.35,0.0,31.01,2.08254569215702,2.192664265198268
2011-01-26,21.09,5.94,11.81,0.0,36.5,2.030902677564073,2.6399734583557386
2011-01-27,21.1,3.92,11.22,0.0,41.9,1.988802031340183,3.0818993048853076
2011-01-28,22.68,4.95,12.71,0.0,32.58,2.3147582185209084,2.6641263292558297
2011-01-29,19.9,7.87,12.55,0.0,39.82,1.7676559020252256,2.274598928978709
2011-01-30,21.9,7.16,13.39,0.0,52.01,1.870092514175263,2.5881338235755647
2011-01-31,22.57,7.54,13.6,0.0,53.66,1.9570921782629283,2.9766996218974
2011-02-01,24.3,6.03,14.07,0.0,48.78,2.318164604770766,3.237505615556303
2011-02-02,25.5,6.84,15.72,0.0,38.95,2.625364654236434,3.1674661378852247
2011-02-03,27.91,9.68,17.79,0.0,37.96,3.0382017137798485,3.467110576808834
2011-02-04,28.58,10.8,19.08,0.0,38.71,3.1137878942848953,2.6891855317317517
2011-02-05,28.43,13.15,19.6,0.0,37.02,3.0832828039469105,3.08894642781488
2011-02-06,24.84,12.93,17.74,0.03,49.93,2.166393310330698,4.00301928909908
2011-02-07,23.35,11.28,16.81,2.98,65.85,1.6415016965802292,2.7754964824363446
2011-02-08,23.96,8.77,14.75,0.0,59.21,2.1087031882977803,3.2657947755036174
2011-02-09,24.39,5.56,14.28,0.0,43.39,2.428404133906124,3.5357812887373523
2011-02-10,24.05,8.81,15.24,0.0,34.92,2.4391446964665966,3.536652617433199
2011-02-11,23.8,7.64,14.21,0.0,35.83,2.4118274678226994,3.6545030416801794
2011-02-12,23.75,9.52,16.44,0.08,37.32,2.276060351244183,3.1759738886471665
2011-02-13,22.33,12.25,16.01,3.63,55.94,1.7087183086452649,1.721623940413632
2011-02-14,23.51,11.26,16.85,1.03,67.6,1.6385333994419098,2.692181813287538
2011-02-15,19.08,10.69,14.73,3.65,83.07,0.8342345715395938,1.5863033801960564
2011-02-16,21.33,9.19,14.18,5.03,70.9,1.4643662398046373,2.4168825860463286
2011-02-17,21.72,8.47,14.0,0.12,56.4,1.7662139474339065,3.0001463738243404
2011-02-18,22.3,6.2,14.37,0.02,48.75,1.9618916539880598,3.1429318152940553
2011-02-19,24.19,9.86,16.21,0.03,42.72,2.2763331980499317,3.032944800862354
2011-02-20,25.22,9.98,16.0,2.94,54.97,2.290479924621928,3.340414526298567
2011-02-21,23.35,7.77,14.24,0.0,64.67,1.8961349786763222,3.23859208233666
2011-02-22,24.98,9.29,16.34,0.0,44.9,2.3948712586780267,2.9748538421976325
2011-02-23,24.33,9.63,16.21,0.08,48.24,2.2117728343678613,2.9149800920835656
2011-02-24,23.83,10.24,16.08,0.0,51.25,2.0671900231470985,3.205331131455398
2011-02-25,24.65,8.81,16.31,3.26,52.92,2.2146821570681774,3.086805445411306
2011-02-26,21.24,10.85,15.42,2.8,62.98,1.4620470977681508,2.8881622269429683
2011-02-27,24.61,8.67,16.04,0.0,50.13,2.2689894294622075,3.8259557760491445
2011-02-28,25.71,8.5,16.32,0.03,43.12,2.586902248281655,4.498939904503077
2011-03-01,23.86,11.27,15.79,0.76,58.53,1.9543215507910077,3.1387229781983814
2011-03-02,24.52,10.55,17.21,0.81,57.09,2.009206706341806,2.424928086577346
2011-03-03,23.45,13.29,17.93,1.24,62.05,1.6431342945779852,2.672807499876967
2011-03-04,26.1,12.37,18.03,0.01,61.01,2.2247420247534238,2.8316599092492103
2011-03-05,27.74,9.98,17.89,0.28,45.47,2.909821665990104,4.258935829885086
2011-03-06,28.19,11.23,18.47,0.0,41.07,3.0301847689256327,5.344876810786875
2011-03-07,29.72,11.47,19.24,0.0,40.77,3.3706798120898247,5.549489905670929
2011-03-08,29.19,12.12,19.94,0.0,42.93,3.137812891170073,5.297710869595664
2011-03-09,28.23,12.07,19.63,0.09,41.62,2.9652114304840547,4.021848656865554
2011-03-10,27.7,13.14,20.32,0.0,36.34,2.9022863897801905,4.139218621873297
2011-03-11,30.75,12.5,20.36,0.0,31.69,3.757013797534845,5.637374167730832
2011-03-12,31.09,12.1,21.36,0.0,27.9,3.902636469914341,4.9936072106774105
2011-03-13,33.25,14.51,22.97,0.0,24.54,4.471391672743702,5.698502282228465
2011-03-14,33.55,16.24,24.24,0.0,26.89,4.437153242851215,5.285209855486774
2011-03-15,35.58,13.6,24.67,0.0,29.39,5.009204148782837,4.832265159240334
2011-03-16,35.54,17.55,25.33,0.0,27.33,4.993058709369211,5.604086000715429
2011-03-17,37.87,17.4,27.17,0.0,27.59,5.685720383607224,5.116760128362972
2011-03-18,35.93,17.09,26.22,0.0,29.32,5.008690667645969,5.828276091008073
2011-03-19,34.7,18.98,25.44,0.0,24.91,4.796214076915683,6.74346522122742
2011-03-20,34.76,16.35,24.1,0.0,19.41,5.08039875988366,6.622782398899656
2011-03-21,34.29,14.83,23.1,0.0,24.53,4.847924888303739,6.787591272491758
2011-03-22,34.71,13.52,23.18,0.0,20.6,5.0453800814003795,6.173041091972456
2011-03-23,35.97,15.3,24.97,0.01,20.4,5.377486176557221,5.086172952202646
2011-03-24,35.05,16.44,25.37,0.7,24.42,4.960868508534209,5.287988802149803
2011-03-25,36.13,17.63,26.4,0.0,20.47,5.345050184590335,5.961645023271111
2011-03-26,37.43,20.06,28.17,0.0,19.32,5.747367053495027,6.189800021168715
2011-03-27,38.45,20.93,28.67,0.0,20.88,6.040054666083195,6.262014677469695
2011-03-28,38.57,19.28,28.39,0.01,24.14,5.996415170347508,7.579300575201132
2011-03-29,35.91,18.0,26.33,0.87,29.96,4.998398619868119,5.827243837020489
2011-03-30,34.12,16.41,24.95,2.14,37.08,4.365361111807674,5.578937391792051
2011-03-31,35.04,16.46,25.38,0.0,26.93,4.858327070938955,6.608310911650723
2011-04-01,35.35,17.5,26.4,0.09,24.05,4.97567564036678,5.76494214807067
2011-04-02,34.83,17.42,26.52,1.02,23.79,4.841892412454156,5.596818406641608
2011-04-03,32.11,15.32,23.07,4.55,40.64,3.8323351786122917,6.453408725566089
2011-04-04,32.48,14.68,23.67,0.0,26.76,4.204487638817266,5.667569644918904
2011-04-05,34.78,14.98,24.73,0.0,21.95,4.969177631409103,7.04482753470747
2011-04-06,33.23,17.41,25.0,0.0,23.33,4.418523715736498,6.387737116342775
2011-04-07,32.05,17.42,24.61,0.0,24.16,4.095227659137862,6.370518528319099
2011-04-08,34.89,16.05,25.45,0.0,17.21,5.093080762974555,5.820817575491943
2011-04-09,35.34,18.42,26.86,0.0,17.14,5.173835585261902,5.719944482094632
2011-04-10,29.34,19.9,23.37,0.37,37.99,3.039025367127016,6.4223486727097345
2011-04-11,32.32,19.26,24.81,0.13,36.66,3.753224441194652,4.846409627338978
2011-04-12,35.7,17.86,26.49,0.0,40.16,4.596051575236491,6.157050859440482
2011-04-13,35.37,19.19,27.56,0.01,34.01,4.5781615457089035,5.792905429741547
2011-04-14,36.75,21.3,28.68,0.0,27.63,5.172779529591482,5.905368176764215
2011-04-15,35.95,21.82,28.44,0.74,27.43,4.899930612032588,5.342960138795536
2011-04-16,37.96,19.9,28.42,7.04,37.51,5.3211029374035,6.6542989233870085
2011-04-17,28.87,20.92,24.42,5.63,65.18,2.0182181966362496,3.8844082252829253
2011-04-18,33.29,19.13,26.08,0.47,50.33,3.5851333181525096,5.614680827543634
2011-04-19,33.08,17.88,25.53,0.62,44.6,3.721612564038437,5.992855193126313
2011-04-20,34.3,18.99,26.59,0.0,35.57,4.276883166375737,6.8240375736521175
2011-04-21,35.57,19.14,27.28,0.0,30.91,4.778872285636855,6.972015862001105
2011-04-22,37.0,21.02,29.0,0.0,29.65,5.179928980782131,6.564151474505748
2011-04-23,38.25,23.62,30.25,0.0,27.1,5.6229237752358925,6.605634872627856
2011-04-24,40.69,24.36,32.1,0.0,23.05,6.645890561314605,7.118738311789111
2011-04-25,42.08,24.69,32.72,0.0,19.53,7.350144407827253,7.601135710486699
2011-04-26,42.7,23.42,33.45,0.0,15.79,7.788469341665464,6.886567039735586
2011-04-27,40.53,21.88,31.39,0.0,23.3,6.58258698614848,8.553115213064924
2011-04-28,42.8,23.78,32.94,0.0,24.35,7.485099825552405,8.188087671182073
2011-04-29,41.29,25.59,33.16,0.0,20.59,6.897535163867429,7.337330520805852
2011-04-30,40.9,25.7,33.37,0.0,20.26,6.749988956008162,7.6769909206281
2011-05-01,42.12,24.73,33.5,0.0,20.79,7.243409018154687,7.817818081134077
2011-05-02,42.6,25.06,34.14,0.0,20.86,7.43263660836687,7.761223072352712
2011-05-03,44.39,27.41,35.74,0.0,18.26,8.282691324870338,7.675917738587106
2011-05-04,44.35,27.52,36.05,0.0,21.56,8.051901116724096,9.80636343814709
2011-05-05,42.34,28.11,35.6,2.96,24.84,6.970571203663584,6.714433567271869
2011-05-06,36.05,26.9,32.02,3.1,32.75,4.430894060080366,7.1236484287439
2011-05-07,39.65,24.07,31.71,0.0,32.22,5.885741378811617,8.53566086238359
2011-05-08,41.67,25.3,33.35,0.0,26.01,6.823312860279421,8.46024975030145
2011-05-09,43.76,27.31,35.57,0.0,18.22,8.034598222899927,7.949829196976575
2011-05-10,43.89,27.95,35.8,0.0,16.9,8.104572663584852,7.262137241342521
2011-05-11,44.66,27.86,36.18,0.0,16.34,8.521098859988415,7.940106643875132
2011-05-12,44.98,28.69,36.84,0.0,14.85,8.704573916475454,7.23286994708175
2011-05-13,43.44,28.02,35.77,0.01,15.49,7.962648143841825,7.514616610911763
2011-05-14,43.97,26.98,35.96,0.06,13.84,8.349325509075232,8.758824470965102
2011-05-15,45.03,28.25,37.07,0.0,11.9,8.878909189965984,7.770314868731724
2011-05-16,46.23,28.35,38.02,0.0,11.23,9.503257232104266,7.5510893594213995
2011-05-17,46.99,29.61,38.39,0.0,12.01,9.835566866316436,9.236614510851888
2011-05-18,47.03,28.63,38.28,0.0,15.06,9.693854498726088,10.385538495358142
2011-05-19,46.75,29.03,38.15,0.12,17.74,9.378164806640996,10.631127340393347
2011-05-20,44.27,28.36,36.86,0.0,26.19,7.671964319015611,10.337635826761536
2011-05-21,43.82,30.09,36.84,5.95,32.81,7.068430121410208,10.790665201677395
2011-05-22,40.65,28.12,34.16,5.18,45.58,5.31688524631028,7.208658468664774
2011-05-23,41.31,28.02,34.42,0.02,34.51,6.222851613139332,8.807119196475902
2011-05-24,43.58,26.3,35.63,0.0,28.61,7.38394126840374,8.7755877107617
2011-05-25,42.2,30.98,36.76,0.01,25.54,6.78968121159306,8.45727564456636
2011-05-26,43.61,29.24,36.9,0.89,27.25,7.279826227294506,6.854117228147889
2011-05-27,41.56,30.81,36.01,3.84,32.91,6.149608980072018,7.128679047379106
2011-05-28,41.76,27.86,34.94,0.24,30.92,6.473519287706885,8.390443933038519
2011-05-29,43.89,28.94,36.72,0.0,25.87,7.545124858768502,9.088018062971736
2011-05-30,45.04,29.17,37.19,0.07,23.33,8.250606285234504,8.432329324998726
2011-05-31,43.02,27.75,36.16,0.0,27.17,7.124169704724469,8.937797308172424
2011-06-01,35.45,27.71,31.81,24.13,48.81,3.4957553439202793,7.975430016530768
2011-06-02,35.76,25.76,30.31,7.41,51.36,3.7160313003824443,7.111175001478244
2011-06-03,39.76,24.43,32.18,0.0,38.61,5.573150096741694,8.186786556119912
2011-06-04,41.38,25.88,34.17,0.0,29.47,6.479470949806442,7.431955132553232
2011-06-05,42.16,26.94,35.21,0.0,30.39,6.621168460541048,7.06416011982812
2011-06-06,43.65,28.74,36.21,0.04,31.7,7.159929475602806,8.964688132280205
2011-06-07,44.4,27.52,36.3,0.01,32.12,7.535339017900233,8.668497478133864
2011-06-08,42.92,29.4,36.15,0.0,28.44,7.0060280732758775,9.935585186844145
2011-06-09,42.38,26.37,34.52,0.03,34.44,6.5882941331144025,10.756337064779776
2011-06-10,40.36,26.41,33.57,0.29,40.34,5.58793034764509,9.351205965426756
2011-06-11,42.91,27.37,35.25,0.03,33.21,6.817653534153543,9.278670261675611
2011-06-12,41.25,26.97,34.72,6.5,44.85,5.531466107426489,8.057139817686142
2011-06-13,42.8,29.05,36.18,0.0,38.02,6.404021266163614,7.929313449930732
2011-06-14,44.69,30.55,37.98,0.54,30.85,7.50772658753268,8.10658326286064
2011-06-15,43.29,30.43,37.21,1.26,35.62,6.648009784843326,7.625173581472084
2011-06-16,43.13,31.33,37.45,0.23,36.21,6.483060431524509,7.48442088442691
2011-06-17,40.45,31.36,36.0,5.96,42.97,5.0810574479469235,7.111858600178357
2011-06-18,41.29,29.45,35.5,3.08,46.63,5.377206187335577,4.523936961987534
2011-06-19,42.18,30.96,36.81,0.24,37.4,6.083520542040432,6.866889393858513
2011-06-20,42.11,29.95,36.3,0.32,34.97,6.214686990467217,6.983818564707433
2011-06-21,42.8,30.69,36.95,0.02,37.02,6.3193472677812075,7.662947988045187
2011-06-22,43.9,31.42,38.0,0.0,34.73,6.862927259327105,8.189179421730097
2011-06-23,42.45,32.04,37.14,0.06,39.92,5.916920464313552,9.232417286778656
2011-06-24,40.98,31.87,36.47,15.91,46.88,4.999055949795345,6.7611776081415424
2011-06-25,41.17,30.62,36.13,8.84,47.78,5.112577775666336,6.348379992548195
2011-06-26,37.95,29.25,33.28,2.85,58.95,3.662126162786888,5.64555544531162
2011-06-27,37.07,28.59,32.67,8.96,59.92,3.4015029029074055,6.702695293214145
2011-06-28,37.79,28.68,32.9,8.2,58.49,3.687352567735862,5.887660628904388
2011-06-29,38.48,28.03,33.17,1.42,54.34,4.114157794555897,5.4328881163263
2011-06-30,38.28,28.97,33.51,3.9,53.63,4.033053843946349,5.942766323682758
2011-07-01,39.91,28.29,34.05,2.74,50.43,4.758578403742096,5.046660199574846
2011-07-02,39.31,28.6,34.0,1.04,47.78,4.653552644206714,6.703998688466396
2011-07-03,38.52,29.76,33.65,1.45,49.92,4.264542819479504,6.084166323063035
2011-07-04,38.76,28.53,33.09,0.14,46.91,4.596697828178735,7.253120109578256
2011-07-05,41.38,27.87,34.83,0.07,39.54,5.863840586950869,6.656518204724232
2011-07-06,40.46,28.23,34.3,0.17,48.79,5.074409581459381,7.264870308846174
2011-07-07,38.13,29.24,32.98,8.63,59.73,3.7443848036235634,6.44668090447908
2011-07-08,37.94,27.72,32.81,3.1,58.55,3.7870528229705784,6.02780221194066
2011-07-09,34.02,27.85,30.68,7.02,69.39,2.29256849515241,5.75535703952122
2011-07-10,38.02,26.66,32.28,1.04,59.67,3.8864156388915525,6.4244709519267875
2011-07-11,40.19,27.4,34.16,0.01,48.96,5.006075975373113,6.442207403445951
2011-07-12,42.09,28.78,35.63,0.0,43.15,5.864553803789802,7.084813097388283
2011-07-13,41.58,29.9,35.73,0.98,47.31,5.370993409845917,7.60224466679553
2011-07-14,39.3,29.09,34.27,12.14,54.68,4.283496955269044,5.496793513248154
2011-07-15,37.04,28.3,32.31,19.54,67.47,3.1093821452793393,5.6834742728588346
2011-07-16,34.47,27.25,30.96,1.16,67.51,2.5223835546714635,4.928765206421789
2011-07-17,37.67,26.46,32.05,0.42,59.34,3.801662838036776,6.332292536584379
2011-07-18,37.66,26.42,32.22,0.07,58.81,3.781648761150362,6.496583341875638
2011-07-19,40.79,28.0,34.6,0.06,49.99,5.073605762117735,6.468691585529908
2011-07-20,42.24,28.83,35.8,0.05,43.04,5.914945499629506,6.3553361487756375
2011-07-21,43.0,29.59,35.47,0.06,43.33,6.312856121811052,7.337855195415207
2011-07-22,39.71,28.86,33.64,2.25,54.76,4.536789712340149,6.98205478172656
2011-07-23,38.25,28.23,32.24,7.01,58.84,3.965995476993385,6.624394462332842
2011-07-24,37.08,26.66,31.13,0.11,63.4,3.516472960470439,6.092806582834155
2011-07-25,34.74,27.73,30.72,0.03,63.18,2.7784996689995385,5.522081312982517
2011-07-26,37.13,26.7,32.08,0.09,58.5,3.5805272364333933,5.330120647905243
2011-07-27,38.48,29.31,33.8,1.27,54.7,3.9841065983682022,5.994750909461062
2011-07-28,34.24,28.78,31.56,10.19,70.16,2.156332020504114,4.170852339731648
2011-07-29,34.35,28.72,31.38,6.9,71.08,2.195137753310377,4.458681267794766
2011-07-30,37.86,27.93,33.02,2.46,61.28,3.590853618961094,4.938881239533407
2011-07-31,39.89,28.17,34.22,0.32,54.26,4.524744675792235,6.167689783489272
2011-08-01,39.68,29.18,34.79,0.65,53.77,4.3464841032033075,6.077342882517139
2011-08-02,42.75,30.13,36.25,0.06,45.43,5.912490577792391,7.648329693420362
2011-08-03,41.84,30.91,36.42,0.69,44.84,5.502429323107698,6.707349349191752
2011-08-04,38.82,29.13,33.79,5.38,53.62,4.191979954564446,6.047613772565266
2011-08-05,38.27,27.41,33.05,4.17,59.68,3.824813996057295,5.801638171684395
2011-08-06,39.31,28.04,33.77,5.18,58.04,4.172757357279328,5.918910242600972
2011-08-07,37.41,28.26,32.02,8.33,65.93,3.358162991636,6.3007319195298885
2011-08-08,31.49,26.9,28.97,16.84,81.4,1.3811805479637131,3.3449283017206772
2011-08-09,34.78,26.02,29.92,15.08,74.13,2.511137347237805,5.7716759969986295
2011-08-10,36.15,26.38,31.19,0.11,66.45,3.0612222985862503,6.2642665479417445
2011-08-11,35.85,26.81,31.02,0.6,68.41,2.884997044308764,6.230713780497403
2011-08-12,31.76,25.63,28.59,12.1,79.94,1.5938896434790397,3.206346329349163
2011-08-13,28.76,25.04,26.57,12.73,85.15,1.0039427218068986,2.8249268653916273
2011-08-14,32.11,24.57,28.09,15.42,79.74,1.7861353142059504,3.9714225640457377
2011-08-15,31.05,24.67,27.79,18.87,81.75,1.48003683333221,2.8706221078410095
2011-08-16,33.93,24.78,29.26,9.94,73.24,2.3995414315667065,4.211703165580955
2011-08-17,34.04,24.48,29.54,0.03,69.78,2.5097639968253267,5.096766542534641
2011-08-18,35.12,25.35,30.61,0.45,67.23,2.776740152099488,5.008104716705347
2011-08-19,34.4,25.84,30.0,10.34,72.57,2.4117063390111686,4.903376418572739
2011-08-20,32.5,25.18,28.77,3.0,77.87,1.850887404994359,4.561195527574045
2011-08-21,34.66,25.63,29.9,0.0,72.98,2.503376093650031,5.50538565071967
2011-08-22,36.66,25.72,31.57,0.03,66.88,3.143231564112751,5.151184058499069
2011-08-23,37.58,27.83,32.66,3.06,65.05,3.341804894486611,5.356725340583832
2011-08-24,29.92,26.76,28.23,5.21,85.69,0.9486407413062827,2.184436138201284
2011-08-25,35.49,25.48,30.3,1.06,74.21,2.650255590321703,4.202954646020457
2011-08-26,35.09,26.84,30.28,0.27,72.2,2.5980540355537545,4.841056012296843
2011-08-27,34.31,26.46,30.11,9.37,73.61,2.329752947024508,3.253103459262336
2011-08-28,32.62,25.77,28.8,5.73,80.62,1.767443981031064,3.6808055481631
2011-08-29,35.45,26.11,30.54,0.47,70.79,2.74230841746351,4.536991116738151
2011-08-30,34.55,26.5,30.43,0.4,72.79,2.3764375213575746,5.137517248248859
2011-08-31,33.69,26.71,30.43,9.53,74.69,2.026230914386782,5.013948819849925
2011-09-01,34.7,26.61,30.18,4.81,76.21,2.324405723026601,3.999699635502466
2011-09-02,34.07,26.76,30.01,4.99,74.27,2.2561740479773817,3.5934467985081935
2011-09-03,33.88,25.45,29.71,3.49,74.33,2.2457508856246102,4.579153783926301
2011-09-04,30.56,25.61,27.77,8.03,81.4,1.3631555502662667,3.2815148201702202
2011-09-05,30.73,24.47,27.68,7.37,81.46,1.4221199622456453,2.6469627251119325
2011-09-06,31.53,25.28,28.02,9.72,83.48,1.4884825369666794,2.9442021164171903
2011-09-07,33.47,25.19,29.31,3.06,76.34,2.1171047530767337,3.6245412820642278
2011-09-08,33.31,26.13,29.34,9.77,77.43,1.9880417311246128,4.032682863356514
2011-09-09,31.31,24.79,27.82,28.98,86.68,1.3495793118739523,1.9853820384137404
2011-09-10,31.4,25.14,28.28,12.4,84.26,1.3806597852201166,3.942594255246889
2011-09-11,32.49,24.96,28.81,8.28,80.97,1.7089093525864647,4.057258024229075
2011-09-12,32.57,24.86,28.44,2.9,82.7,1.7366435820682207,4.511402387852705
2011-09-13,32.72,25.09,28.9,0.44,80.45,1.7914445786596938,4.206925385208981
2011-09-14,33.63,26.03,29.92,0.13,75.62,2.0485301673949303,4.320168361356416
2011-09-15,33.06,26.02,29.19,27.47,80.66,1.8165199547201363,2.0659766441399396
2011-09-16,31.38,25.04,27.82,29.39,85.42,1.4229247378081795,3.083037450075861
2011-09-17,31.22,24.51,27.63,0.55,81.23,1.5724073869723445,4.069074024800695
2011-09-18,31.37,22.97,27.3,0.0,75.66,1.8740721770305258,3.8713870843058573
2011-09-19,31.68,24.24,27.6,7.62,73.04,1.9898747765172886,3.698065249459497
2011-09-20,31.46,22.78,26.98,0.02,74.34,1.9917380724907714,4.30696486007329
2011-09-21,31.71,21.52,26.87,0.0,70.36,2.223813040181218,4.4359474838529245
2011-09-22,32.02,21.43,26.76,0.0,70.45,2.3276125314861864,4.30019875164356
2011-09-23,32.63,21.21,26.93,0.0,65.17,2.671053593142909,4.601684080197058
2011-09-24,32.81,19.6,26.74,0.0,62.64,2.841668045788532,4.53959047820385
2011-09-25,33.3,21.34,27.44,0.0,62.34,2.876555170710624,4.388852307579652
2011-09-26,33.41,22.21,27.7,0.0,66.09,2.7412907814825096,4.419282435355734
2011-09-27,33.2,22.49,27.69,0.0,69.04,2.572217204813797,4.234478289919471
2011-09-28,33.5,21.87,27.5,0.0,67.41,2.7805746595735275,4.361439023916823
2011-09-29,33.18,21.55,27.32,0.0,65.76,2.748660063511478,4.366527690477649
2011-09-30,33.29,21.52,27.32,0.0,62.86,2.9124144424314795,4.452465636063049
2011-10-01,33.34,20.71,27.17,0.0,62.68,2.932223213317739,4.386815033179028
2011-10-02,34.38,21.47,27.51,0.0,62.8,3.188405099711669,4.533285312839411
2011-10-03,34.38,20.83,27.44,0.0,61.54,3.270841001245089,4.361398806525297
2011-10-04,34.07,21.95,27.72,0.03,60.81,3.152211776882108,4.119860392178066
2011-10-05,33.91,20.82,27.66,0.0,62.99,3.052410750588387,3.932628921489711
2011-10-06,34.06,21.46,27.53,0.0,57.3,3.3218693515982043,4.240830535072879
2011-10-07,33.58,21.74,27.67,0.07,58.13,3.10078135463474,3.5744246232127743
2011-10-08,32.53,22.0,26.78,0.02,65.79,2.643410760820337,3.310537874965354
2011-10-09,34.12,22.19,27.27,0.0,57.58,3.3561789798530075,4.473182369762544
2011-10-10,34.45,21.98,27.05,0.0,53.64,3.609998935609276,4.457896094369754
2011-10-11,34.47,21.84,27.34,0.0,49.73,3.7292877838029748,4.402542984655631
2011-10-12,34.15,21.25,26.96,0.0,48.92,3.710492106825011,4.690310635103525
2011-10-13,32.97,21.57,26.98,0.0,46.61,3.4261941850693436,3.843827299185444
2011-10-14,34.16,20.43,26.17,0.0,46.55,3.8680800766783445,4.530824819407595
2011-10-15,33.75,18.21,25.81,0.0,42.62,3.920682820082953,4.5083757300246905
2011-10-16,33.09,19.31,25.76,0.0,37.12,3.8895757314032595,3.901971468381382
2011-10-17,33.09,18.69,25.22,0.0,35.53,3.9799020501999207,3.8875670018885238
2011-10-18,33.35,17.64,24.81,0.0,38.86,3.9809092016953773,4.167394490815028
2011-10-19,33.87,19.8,25.72,0.0,36.87,4.124258948040243,3.978754365855612
2011-10-20,32.68,16.67,25.39,0.0,38.02,3.7855010490369008,3.5749304458347697
2011-10-21,31.71,16.12,24.11,0.0,43.33,3.437878071722359,3.7209451238301026
2011-10-22,31.3,16.37,23.42,0.02,47.7,3.270211792828558,3.544476084391974
2011-10-23,32.89,17.92,24.17,0.0,47.2,3.6475895436341754,3.773696615400286
2011-10-24,32.19,16.92,23.18,0.0,47.14,3.5764553580077703,4.910607773400398
2011-10-25,31.48,15.88,22.73,0.0,45.73,3.4389608215786236,3.9300183459925995
2011-10-26,30.99,17.29,22.47,0.0,41.91,3.4165355255072587,3.7774852987334886
2011-10-27,30.43,14.4,22.01,0.0,39.08,3.3934748417062446,4.037962605739751
2011-10-28,30.29,16.34,23.19,0.0,32.67,3.428357550388265,3.2725732118402875
2011-10-29,30.04,15.38,22.16,0.0,38.68,3.2727534305213553,3.5894610624200105
2011-10-30,30.42,16.57,22.55,0.0,35.63,3.425396514428684,3.3456498122892757
2011-10-31,29.94,13.62,22.19,0.0,37.65,3.2901332157652643,3.1043906247637727
2011-11-01,29.7,14.49,21.81,0.0,42.12,3.1245639508423246,3.1625766416897525
2011-11-02,30.62,15.49,22.57,0.0,40.98,3.3445457224189172,3.209547451011749
2011-11-03,30.99,17.02,23.5,0.0,38.9,3.412874671152622,2.955967437851172
2011-11-04,29.79,14.61,21.69,1.14,48.24,2.995986326935724,2.9621658990858077
2011-11-05,29.81,17.35,22.05,0.0,50.33,2.909420220344955,3.6061397916933595
2011-11-06,30.17,14.94,21.84,0.0,48.85,3.088376897927672,3.9585596893140607
2011-11-07,30.23,15.0,21.52,0.0,38.85,3.364900661651548,3.481080700995875
2011-11-08,28.54,13.54,20.49,0.0,41.14,2.9535910633410882,3.23474142023475
2011-11-09,28.12,14.75,20.91,0.0,47.0,2.6768427611394765,3.302467237665614
2011-11-10,30.55,16.13,22.7,0.0,58.09,2.8333181584539235,3.2893625576619065
2011-11-11,30.5,17.84,23.33,0.0,56.72,2.7954699043815996,3.3417465263881794
2011-11-12,30.11,15.67,22.62,0.0,46.45,3.1156297241514244,3.5583066689979193
2011-11-13,29.68,17.03,22.22,0.0,37.68,3.1964917712765044,3.0465007690090906
2011-11-14,29.26,15.97,21.96,0.0,40.01,3.054034228815752,2.7853754127591306
2011-11-15,29.41,14.4,21.13,0.0,45.58,3.0163174294682493,3.2206429350545567
2011-11-16,29.29,16.54,21.25,0.0,44.68,2.9968723153219465,3.6714425047386023
2011-11-17,29.85,14.79,21.06,0.0,39.81,3.2793263638848393,3.812319633620196
2011-11-18,29.85,15.77,21.89,0.0,36.59,3.2876479610998466,3.137133971423831
2011-11-19,30.05,16.28,22.24,0.0,37.34,3.293925538711678,2.7379600908594948
2011-11-20,28.98,14.91,21.43,0.0,44.31,2.92681924335181,2.8949610994861947
2011-11-21,29.51,13.44,21.01,0.0,44.41,3.092019532443936,2.921245699028619
2011-11-22,28.93,13.55,20.78,0.0,41.58,3.0314905232158753,2.504991940503465
2011-11-23,27.51,12.58,19.35,0.0,48.93,2.6209345518249485,2.511047854374762
2011-11-24,25.21,13.31,18.64,0.0,56.04,2.0360829827445768,2.111824320555099
2011-11-25,24.94,14.4,18.48,0.0,56.07,1.99985417411374,2.3058718787141275
2011-11-26,25.38,12.95,17.64,0.0,54.36,2.19843785685963,2.3035853819262724
2011-11-27,24.82,12.05,16.86,0.0,52.77,2.1633219435444184,2.299075992470391
2011-11-28,24.9,12.65,16.54,0.0,48.7,2.267470763076541,3.0763653757627445
2011-11-29,26.65,8.9,16.31,0.0,48.6,2.6616050617606892,3.617554319295634
2011-11-30,26.26,10.79,17.01,0.0,36.9,2.7481619779653395,3.103617002439705
2011-12-01,23.98,10.36,16.5,0.0,35.03,2.350613135102785,2.638397750445257
2011-12-02,24.65,10.87,16.46,0.0,36.81,2.4526994463297,2.52721285820086
2011-12-03,26.81,10.63,17.25,0.0,33.18,2.915434903811251,3.4075137724301223
2011-12-04,27.11,12.7,18.4,0.0,34.03,2.8948004635631577,2.872224024398337
2011-12-05,27.75,10.83,17.87,0.0,39.13,2.969100907623122,2.872495891381348
2011-12-06,26.17,10.74,17.3,0.52,50.03,2.4459203362087125,3.149636665951813
2011-12-07,25.9,14.18,18.6,2.07,55.56,2.179524411140841,2.5316263404070014
2011-12-08,26.17,13.73,19.27,0.02,56.62,2.1698721340054172,2.5988038574149916
2011-12-09,25.88,13.85,18.29,0.06,62.01,2.1006250489647993,2.1715470915734474
2011-12-10,23.91,10.42,15.98,0.0,53.45,2.0545113390796046,2.8989342133050005
2011-12-11,24.28,8.16,15.87,0.0,35.86,2.4394536206375275,2.616542236510296
2011-12-12,24.1,10.23,16.26,0.0,33.22,2.4324536957839897,2.088747031401189
2011-12-13,23.89,7.8,13.84,0.0,33.9,2.4695055200272287,3.0813762288630215
2011-12-14,22.8,7.4,13.61,0.0,29.72,2.33752804179185,2.9776697901688167
2011-12-15,21.5,9.31,13.9,0.0,26.61,2.156177774408888,2.3056464516892383
2011-12-16,22.02,6.78,13.14,0.0,29.22,2.2259794528171795,2.686148096078468
2011-12-17,22.56,7.17,13.79,0.0,27.26,2.326668188571671,2.8668603864073194
2011-12-18,21.52,6.68,13.2,0.0,28.96,2.148616836027356,2.249683495274734
2011-12-19,19.91,8.0,12.29,0.0,31.13,1.894416115057136,1.9941047344007619
2011-12-20,19.79,5.61,11.27,0.0,41.97,1.772787694115089,2.7950304789770035
2011-12-21,21.06,5.05,11.64,0.0,47.93,1.8849412822782599,2.191100036968887
2011-12-22,19.92,6.4,11.27,0.0,42.0,1.7878872621849595,2.5290274992074866
2011-12-23,19.14,4.49,10.22,0.0,34.72,1.8068589536526751,2.5725739282801747
2011-12-24,19.63,4.96,10.63,0.0,29.69,1.9185693170534035,2.4572056385449557
2011-12-25,20.43,5.29,11.55,0.0,28.36,2.0348449054599946,2.236390014170484
2011-12-26,20.05,6.28,12.23,0.0,25.76,1.9900002525796399,1.7501484722804028
2011-12-27,19.89,6.46,12.14,0.0,29.0,1.9264428878772542,1.8609612964696327
2011-12-28,21.09,7.05,12.58,0.0,36.98,1.9792044149208377,2.153192463603617
2011-12-29,21.21,5.84,11.65,0.0,43.39,1.9506811828213146,2.517530145918154
2011-12-30,22.56,5.49,12.85,0.0,30.22,2.3191300210782626,2.1539099352567868
2011-12-31,22.54,7.93,13.64,0.0,37.76,2.169856605761376,2.1231048329537336
2012-01-01,20.89,6.89,12.3,0.0,39.43,1.9478944623848125,2.4873261035343535
2012-01-02,22.45,6.95,13.22,0.0,31.41,2.258598144161926,2.351792008833127
2012-01-03,22.02,6.9,13.51,0.0,32.69,2.1701756021800582,2.46615440904406
2012-01-04,20.34,9.34,13.65,0.0,37.81,1.8313510381469964,2.316242731485111
2012-01-05,20.13,7.09,13.19,0.0,55.54,1.5748535562098296,1.9564109990678242
2012-01-06,19.41,7.78,12.46,4.69,62.46,1.3721308150014098,2.150486343465256
2012-01-07,18.26,4.89,9.99,0.15,53.58,1.535202543159231,2.5499812912990767
2012-01-08,19.13,3.11,9.74,0.07,50.89,1.6420862893100905,2.186185601359729
2012-01-09,18.48,2.55,9.57,0.0,40.3,1.6799833100299872,2.34328459065588
2012-01-10,17.81,4.01,9.27,0.0,43.63,1.553113657902853,2.265800038946467
2012-01-11,18.58,3.33,9.83,0.0,42.68,1.6584682786352227,2.3931397076374736
2012-01-12,20.29,5.7,10.89,0.01,37.53,1.9177059895468407,2.9031859475852495
2012-01-13,21.46,4.18,11.2,0.0,38.99,2.084019274819956,2.7119903746794156
2012-01-14,22.46,5.4,12.26,0.55,37.93,2.2205061560328496,2.94292796151773
2012-01-15,16.22,9.16,12.44,7.93,62.37,0.9692457645867383,1.7579335742907782
2012-01-16,17.3,9.11,12.26,1.43,83.77,0.8025507715913225,1.3695583004090575
2012-01-17,19.33,7.66,12.46,0.07,71.5,1.256896547781765,1.372000468050656
2012-01-18,18.34,7.52,12.39,0.01,61.93,1.2519229147679654,1.5894969285973835
2012-01-19,17.91,5.91,11.47,0.0,55.21,1.3542359199957126,1.7166213913948225
2012-01-20,17.44,4.62,9.6,0.0,57.37,1.3470032623926902,2.2441885201171536
2012-01-21,18.62,1.62,9.4,0.0,51.48,1.6081899136461755,2.582896243449119
2012-01-22,19.42,5.5,11.49,0.0,37.14,1.7818590970126036,2.2063086775652585
2012-01-23,21.04,3.54,10.82,0.0,44.12,1.9653219603586063,3.244502256369484
2012-01-24,20.14,3.47,10.56,0.0,53.85,1.73345065155297,2.824088546732478
2012-01-25,20.01,5.15,11.45,0.01,38.78,1.85192722481014,2.6735965915130895
2012-01-26,20.84,5.72,11.73,0.0,39.17,1.9537045685748025,3.0567509602877347
2012-01-27,20.93,5.98,11.73,0.0,42.51,1.9302888786265182,2.9088214106324544
2012-01-28,20.32,6.48,11.63,0.0,37.28,1.9098056092464608,2.5257775416713546
2012-01-29,21.2,3.09,11.19,0.0,39.16,2.0331896635500586,3.0132597241823893
2012-01-30,21.46,3.73,11.76,0.0,34.41,2.130208855629584,2.7462469407496335
2012-01-31,21.41,6.15,12.33,0.0,32.57,2.1145417141197558,2.8063595539427015
2012-02-01,22.46,4.11,11.85,0.0,42.91,2.167270067630977,3.2975041359429844
2012-02-02,23.83,6.61,14.38,0.0,36.63,2.417148656675414,3.3275240097635925
2012-02-03,21.44,9.41,14.1,0.01,36.75,2.0008729228138105,2.698464747846581
2012-02-04,21.65,8.61,14.2,0.38,49.44,1.8383136166213596,2.255945791394536
2012-02-05,22.1,7.62,13.68,0.01,59.99,1.7974731297279711,2.6220723549947222
2012-02-06,22.55,6.07,12.63,0.0,47.08,2.1150251893207432,3.7874600819295785
2012-02-07,20.51,1.9,10.03,0.0,34.56,2.0352593529019396,3.1958792308925923
2012-02-08,18.82,1.16,8.76,0.01,29.04,1.8779331930511822,3.6123306349155344
2012-02-09,19.31,1.5,9.32,0.0,31.58,1.8939725180997047,3.3776377857217366
2012-02-10,22.09,2.05,10.94,0.0,29.71,2.3214871069097534,3.719002429060237
2012-02-11,20.07,6.27,12.82,0.12,29.56,1.9395680938350226,2.321108867695246
2012-02-12,22.73,6.31,13.78,0.55,43.55,2.133245058689659,3.1023708462041384
2012-02-13,23.74,8.53,14.08,0.85,51.61,2.202193196074546,4.0287995963302
2012-02-14,22.37,8.94,14.09,0.0,43.66,2.0460155780052176,2.669752337506428
2012-02-15,21.45,5.62,12.27,0.0,34.18,2.1247349028066056,3.890515349663491
2012-02-16,21.92,4.73,11.96,0.0,26.27,2.2961775545884286,3.6567957204385744
2012-02-17,24.13,4.26,12.99,0.0,30.0,2.622971238737027,3.5130328102742148
2012-02-18,23.92,5.93,13.99,0.0,32.42,2.5238389850204466,4.2103509271590935
2012-02-19,26.96,6.76,15.81,0.02,42.33,2.869808392129121,4.277261762579601
2012-02-20,23.54,11.32,16.37,0.01,57.4,1.8833291671042303,3.3543003931914526
2012-02-21,28.06,10.95,18.43,0.15,54.09,2.769770329114344,3.6149604037006466
2012-02-22,27.78,11.0,18.39,0.0,44.77,2.8691635896987027,4.1737810986694805
2012-02-23,26.18,9.5,16.56,0.0,43.45,2.6707568083935818,4.416792183774478
2012-02-24,24.1,7.98,14.38,0.0,22.45,2.6688080700939842,4.561199810152892
2012-02-25,24.5,6.69,14.18,0.0,20.13,2.788711358399732,4.589673752720121
2012-02-26,26.99,5.45,14.89,0.0,23.34,3.2249520685888324,5.080172067350381
2012-02-27,28.19,8.36,16.85,0.0,22.54,3.453559438008078,5.32170653928117
2012-02-28,27.72,9.52,17.54,0.0,33.77,3.110602857854921,4.77608890878749
2012-02-29,27.87,11.83,19.01,0.0,28.87,3.176959025788815,3.7441109462884126
2012-03-01,28.77,10.18,18.44,0.0,27.98,3.4380771292566736,4.200748532970595
2012-03-02,28.96,8.82,18.28,0.0,25.09,3.5503106196938026,5.087466372328401
2012-03-03,30.48,10.84,19.97,0.0,29.0,3.7424437885852786,4.9204713765022445
2012-03-04,31.97,13.52,22.15,0.0,32.81,3.936317208294155,5.557109095950944
2012-03-05,30.6,15.34,22.53,0.87,44.7,3.2440068172529513,4.523996814975903
2012-03-06,30.33,14.27,21.73,0.0,34.12,3.571102243590014,5.567752033505333
2012-03-07,28.91,11.03,18.69,0.07,17.09,3.670311618670212,5.828970462532562
2012-03-08,26.74,12.03,17.75,0.0,13.9,3.2554004719824423,3.9133255992400326
2012-03-09,25.97,8.65,17.52,0.0,20.76,2.988227950260263,4.500155810306443
2012-03-10,26.37,11.38,17.85,0.0,17.0,3.1020797180203816,4.007827488295346
2012-03-11,28.79,8.42,18.02,0.0,18.64,3.618761148933881,4.079457800839298
2012-03-12,30.36,11.22,20.03,0.63,20.58,3.9294085384108732,5.7653508583448785
2012-03-13,27.3,11.85,18.51,0.53,37.84,2.989194631233788,5.058797643871889
2012-03-14,27.12,10.3,18.22,0.0,25.41,3.1202803185977253,4.96997835700486
2012-03-15,30.17,11.14,19.96,0.0,22.54,3.8245064379828637,6.101180922099792
2012-03-16,32.18,12.66,21.99,0.0,22.01,4.267688566425656,5.158336628170396
2012-03-17,35.16,15.83,24.4,0.0,25.2,4.9976571070367175,5.432407324210928
2012-03-18,36.75,16.83,25.94,0.0,24.75,5.458058419040348,5.341337175395243
2012-03-19,37.5,16.99,26.84,0.0,22.74,5.722667514152736,7.141774051594065
2012-03-20,31.19,13.64,22.44,0.0,14.16,4.245578306793579,7.16234332975092
2012-03-21,28.94,10.74,19.43,0.0,10.66,3.7602735226806914,6.616814719045929
2012-03-22,31.83,10.37,20.36,0.0,11.88,4.453783556401804,6.944221999250134
2012-03-23,34.14,12.38,22.51,0.0,12.75,5.051674892669803,6.5222381132295615
2012-03-24,35.36,14.53,24.38,0.0,12.75,5.392194654639111,6.745402948204165
2012-03-25,35.44,15.25,25.48,0.0,15.3,5.304553512324104,6.160674375586557
2012-03-26,35.99,19.93,27.2,0.0,23.17,5.167513702715894,7.029731334513488
2012-03-27,33.91,19.64,25.55,0.0,25.49,4.521891849281282,5.7932527214190515
2012-03-28,34.81,16.57,24.97,0.0,24.75,4.857756615092367,7.571892727359764
2012-03-29,35.53,15.09,25.35,0.0,26.56,5.067530003698954,7.934112762853804
2012-03-30,37.87,17.26,27.68,0.0,18.52,6.001768262871861,6.168065985717353
2012-03-31,38.12,20.21,28.57,0.0,13.63,6.168280675678226,6.0851892862776
2012-04-01,37.52,20.98,28.59,0.0,20.69,5.702327307531984,6.681484677413112
2012-04-02,39.15,21.94,30.13,0.0,21.6,6.179298899204071,5.146100192017412
2012-04-03,39.64,22.78,30.86,0.0,21.35,6.338925263582425,6.084427074001491
2012-04-04,39.21,21.16,30.3,0.0,21.24,6.227159674839246,7.196648705085054
2012-04-05,39.43,22.62,30.54,0.0,18.84,6.379326188357758,6.337681473133846
2012-04-06,38.53,21.53,29.94,0.0,17.41,6.1376638997800415,6.292431525908971
2012-04-07,38.51,20.23,29.2,0.0,15.25,6.228418433134925,6.489323841335977
2012-04-08,38.65,22.75,30.49,0.0,16.26,6.1794055124859275,7.270555642894555
2012-04-09,39.43,23.64,30.89,0.0,20.11,6.300861704062263,6.663674824814008
2012-04-10,35.4,22.73,28.32,2.8,28.73,4.709988082092474,4.8229528786448865
2012-04-11,36.07,19.75,27.53,6.46,43.47,4.511513748967186,6.4637352392964615
2012-04-12,35.65,18.73,27.4,0.01,36.84,4.650780688760369,5.795735650800466
2012-04-13,34.18,19.78,26.75,2.92,37.59,4.1489488628040805,5.73290347165932
2012-04-14,27.08,19.92,23.6,3.25,48.34,2.207958117725629,3.6954713923034324
2012-04-15,33.04,17.56,25.68,0.0,41.82,3.740896944150883,5.589716263372713
2012-04-16,33.75,19.89,26.29,4.98,45.05,3.783760126338797,5.108270690694097
2012-04-17,33.21,20.55,26.68,1.31,45.9,3.5840760122865807,5.462514942057446
2012-04-18,34.81,19.72,27.49,0.02,40.3,4.198810725667754,5.336572962461607
2012-04-19,37.1,21.37,29.13,0.1,36.62,4.925813311940973,6.359057524291423
2012-04-20,36.6,22.78,28.3,0.12,41.02,4.651386938233858,6.623414371551948
2012-04-21,34.29,21.18,27.38,0.01,37.36,4.171192555554282,6.293424153694855
2012-04-22,35.05,21.91,28.03,1.1,34.31,4.414383973407985,6.063056620266141
2012-04-23,36.11,20.57,28.28,0.09,36.59,4.703837177421609,6.499728815697049
2012-04-24,36.87,21.69,29.45,0.02,31.37,5.024599101275118,5.533011466806734
2012-04-25,37.17,22.57,30.12,0.01,29.49,5.143330729067766,6.2631914869153595
2012-04-26,37.22,24.27,30.14,0.31,29.41,5.165370789914237,5.391633702380283
2012-04-27,35.97,22.03,29.32,0.48,29.83,4.789355163622833,7.504679703342484
2012-04-28,36.52,22.36,29.54,1.69,32.31,4.871418528945173,6.436468629742393
2012-04-29,36.06,22.12,29.4,0.99,32.28,4.7400070189417285,6.5105700523050105
2012-04-30,35.69,21.25,28.42,1.19,29.59,4.813091664120019,7.091136023186185
2012-05-01,32.97,20.19,26.31,0.4,30.9,3.9997050323858394,7.320100590847891
2012-05-02,36.87,19.36,28.24,0.0,25.47,5.330425888036407,8.345806781025244
2012-05-03,37.83,21.66,29.65,0.0,21.6,5.728245096247074,7.828049880048343
2012-05-04,39.4,22.75,31.19,0.0,19.03,6.331451790737511,7.08267033680666
2012-05-05,39.55,23.5,31.93,0.0,17.0,6.431958241355726,6.712049444061011
2012-05-06,39.27,24.2,32.05,0.0,18.91,6.234436864540531,7.891743389180757
2012-05-07,41.99,25.65,33.78,0.0,22.24,7.098274530997763,8.392811506097152
2012-05-08,42.42,26.77,34.77,0.0,21.25,7.256596241217874,9.052274267989494
2012-05-09,43.46,26.08,35.47,0.0,19.94,7.7784606225607495,7.869554802974657
2012-05-10,43.58,29.87,36.33,0.05,19.0,7.792282332947664,7.1066531611364505
2012-05-11,42.2,29.32,35.99,0.44,22.0,7.033463254192571,6.33375237413197
2012-05-12,41.17,28.23,35.03,2.02,22.07,6.655888007028386,6.245512544378008
2012-05-13,40.66,27.97,34.09,0.0,20.89,6.579341560700991,7.503444802809831
2012-05-14,40.73,25.26,33.22,0.0,20.13,6.702128102093539,9.235627498612066
2012-05-15,41.87,25.84,34.52,0.1,18.17,7.2373814623155495,7.755656116239992
2012-05-16,43.38,26.53,35.51,0.0,15.07,7.999611723862418,7.510519998844231
2012-05-17,41.43,29.23,34.96,0.01,16.66,7.047063405389817,8.109303873851957
2012-05-18,39.79,27.25,33.83,0.02,20.14,6.2573925888322695,9.514967529066439
2012-05-19,42.88,25.5,34.33,0.0,17.55,7.718199310226046,9.088496827458053
2012-05-20,42.95,27.62,35.13,0.66,14.91,7.817450480910112,8.053867279630172
2012-05-21,42.96,28.0,35.19,0.1,14.43,7.850802180059257,9.40243015949939
2012-05-22,42.3,26.83,34.98,0.0,14.09,7.588856421339534,9.029811128276945
2012-05-23,43.1,25.38,34.68,0.0,14.3,7.963298454918403,9.242213215684611
2012-05-24,44.61,25.62,35.45,0.0,12.87,8.702805945788501,11.57507727632706
2012-05-25,44.86,26.56,36.51,0.0,13.98,8.731950272776235,8.664309650075452
2012-05-26,43.51,28.2,35.92,0.0,18.51,7.840241106812488,11.41709893690708
2012-05-27,42.39,27.48,34.88,0.0,16.03,7.541913638683665,10.808203970927737
2012-05-28,43.76,26.68,35.92,0.0,14.13,8.199573681525957,8.915596616030657
2012-05-29,45.65,30.47,37.57,0.0,10.63,9.258741451236972,8.875998391443508
2012-05-30,47.27,28.96,38.04,0.0,8.87,10.19203870158114,11.148284263387971
2012-05-31,47.15,28.45,38.38,0.0,14.87,9.75348950760272,11.663187324496267
2012-06-01,47.17,31.54,39.66,0.0,14.65,9.69240379163804,8.764890665954152
2012-06-02,46.93,31.51,38.96,0.3,13.93,9.676982099445176,10.989037360432574
2012-06-03,45.96,29.1,38.11,0.09,15.18,9.133208432130912,10.191659749194416
2012-06-04,45.3,30.46,38.36,0.04,17.38,8.609345588765203,10.45852547404274
2012-06-05,44.89,30.77,38.43,3.82,22.19,8.131385345308201,10.356937470621434
2012-06-06,40.33,28.38,34.34,3.3,35.18,5.732839323369778,7.677175964971638
2012-06-07,40.81,29.62,34.87,0.86,29.7,6.109693730230411,5.8948773730911235
2012-06-08,41.04,28.15,34.39,0.38,30.95,6.201960313230473,9.152123691630655
2012-06-09,42.95,30.2,36.26,0.0,24.03,7.2483666313800414,9.163725687084973
2012-06-10,43.89,28.85,36.91,0.05,20.82,7.805099585615004,8.962728803014196
2012-06-11,42.91,29.64,36.39,0.14,21.63,7.351255068141504,9.198302899693596
2012-06-12,45.24,29.41,37.86,0.0,17.36,8.645299621849077,9.175571407825409
2012-06-13,44.95,29.5,37.65,0.0,16.89,8.504670832755519,9.333300940392112
2012-06-14,45.55,29.49,37.89,0.0,15.71,8.882834391038685,10.52924554050424
2012-06-15,45.8,29.98,38.1,0.0,14.25,9.094253095534773,9.527033576666605
2012-06-16,46.11,30.42,38.69,0.0,14.29,9.248005613171335,9.840588043352396
2012-06-17,47.11,30.15,39.39,0.0,17.69,9.509264098251201,10.765911637467973
2012-06-18,45.7,33.7,39.71,1.51,20.8,8.492833607005116,9.16043185032083
2012-06-19,44.74,33.0,38.68,0.0,18.05,8.257251525775391,10.555522424897244
2012-06-20,45.77,30.17,38.74,0.0,16.65,8.87282590156378,10.368897238107925
2012-06-21,47.14,32.25,40.01,0.0,17.35,9.477586454169154,12.430984380172651
2012-06-22,47.34,33.11,40.66,0.0,19.91,9.347648405759015,11.54381993568133
2012-06-23,46.87,34.18,40.5,0.01,20.23,9.070567981190472,10.389114902882696
2012-06-24,46.21,34.41,40.03,0.05,20.05,8.768179234773694,10.76682254420598
2012-06-25,45.85,33.14,39.64,0.09,20.7,8.60397407615645,10.196312642497269
2012-06-26,44.45,33.39,39.11,0.0,20.58,7.893572278286063,9.455584607100542
2012-06-27,44.71,33.28,39.04,1.43,23.28,7.851202116407946,8.876675522550565
2012-06-28,43.98,32.11,38.06,1.83,25.15,7.504881661228804,8.24803815814301
2012-06-29,44.24,31.24,37.89,0.02,24.03,7.677815872632333,8.45053759667107
2012-06-30,45.13,30.83,38.49,0.94,23.44,8.135185457530845,8.981123961900021
2012-07-01,46.13,31.13,39.3,0.0,19.61,8.848578067308672,6.904216812002318
2012-07-02,47.27,31.9,40.08,0.07,19.91,9.355468753817984,7.65018070023146
2012-07-03,47.72,32.82,40.57,0.03,23.93,9.354102511659818,7.634982309768515
2012-07-04,46.04,32.91,39.68,0.04,28.82,8.140779764501865,9.963405665479804
2012-07-05,46.52,33.12,39.66,0.91,30.34,8.35216896271605,11.656662795775034
2012-07-06,43.0,32.78,38.1,4.76,34.67,6.388152446005903,9.23018182952121
2012-07-07,39.47,28.51,33.89,4.42,54.46,4.3874406722558295,7.885759625839581
2012-07-08,37.18,29.38,32.71,2.51,53.61,3.721533737068447,6.51686763724135
2012-07-09,40.01,29.08,34.77,0.12,48.58,4.788329423674046,6.744478908629272
2012-07-10,37.2,29.24,33.16,17.11,58.89,3.4146484227464238,5.809003899210617
2012-07-11,36.19,28.48,32.03,12.85,64.42,2.9850949673524574,6.287435740654241
2012-07-12,38.48,28.4,33.42,2.94,57.36,3.930912197640118,6.469638877507181
2012-07-13,37.59,29.63,33.85,11.89,56.69,3.532777542416675,5.804699501488827
2012-07-14,35.05,27.86,31.05,12.44,67.44,2.656111402688638,5.67720066084034
2012-07-15,37.29,27.69,32.44,3.11,55.54,3.727454205820118,6.279918562322546
2012-07-16,39.64,28.08,33.86,0.12,51.46,4.629769822543732,7.222884432202434
2012-07-17,41.4,28.85,35.06,0.0,44.24,5.545718261635834,8.653617690912391
2012-07-18,42.57,29.11,35.95,0.02,43.33,5.98802976049407,9.891021797296553
2012-07-19,42.65,29.01,35.71,0.42,43.11,6.0684765675113885,9.029539834291986
2012-07-20,39.51,30.49,34.88,4.18,49.56,4.469488171303455,5.954590293595858
2012-07-21,40.67,29.9,35.08,0.38,49.22,4.958594297091798,6.7876728895287615
2012-07-22,41.71,29.92,35.64,0.0,43.94,5.622776167037857,7.175244958988994
2012-07-23,42.8,30.36,36.53,0.07,38.78,6.291416631080919,7.094998500158156
2012-07-24,43.54,30.86,36.44,2.0,36.5,6.765452636881152,8.870022144734587
2012-07-25,41.38,28.6,34.93,2.89,45.94,5.466896463975946,6.781852535022974
2012-07-26,40.69,29.64,35.44,0.34,42.66,5.276480273237337,6.162212508083516
2012-07-27,41.02,29.6,35.43,0.06,44.16,5.338545933554766,6.631309436496066
2012-07-28,41.95,30.2,36.09,0.0,42.15,5.755372831920951,6.2602650149093
2012-07-29,42.31,30.55,36.22,0.22,38.72,6.114001631685092,7.120448367708946
2012-07-30,41.19,30.93,36.03,0.62,37.75,5.678135488526783,5.820836839999091
2012-07-31,41.96,29.54,35.9,0.35,37.98,6.0345620185385185,6.556247564554815
2012-08-01,41.41,30.99,36.3,0.06,34.5,5.910024150750236,8.292720115355392
2012-08-02,43.45,31.9,37.33,0.01,30.45,6.948069939253216,9.938768530858603
2012-08-03,43.83,30.64,36.96,0.1,31.51,7.126720245205626,9.046586784995652
2012-08-04,40.78,28.53,34.65,3.51,44.33,5.36538048738525,6.671747312582964
2012-08-05,39.9,29.56,34.52,0.93,45.58,4.952864503699983,5.56574343928194
2012-08-06,40.27,29.22,34.75,0.38,43.82,5.144128325864542,5.977681757746644
2012-08-07,37.03,29.97,33.45,11.18,50.05,3.7472095904500926,4.611462179548938
2012-08-08,37.73,27.68,32.51,5.81,55.71,3.8685584058220073,4.919973443760395
2012-08-09,38.14,26.83,32.64,4.25,52.81,4.183480812537914,6.394443208182817
2012-08-10,38.14,27.58,32.83,3.14,51.27,4.188067392481335,5.714709191646129
2012-08-11,37.41,28.39,32.46,6.64,55.99,3.7594541574131974,5.319617645252942
2012-08-12,37.41,27.54,32.33,1.44,55.6,3.801242502353783,4.996574319601578
2012-08-13,37.18,28.22,32.86,0.1,53.65,3.7167414935083913,5.46210579115973
2012-08-14,34.02,28.4,31.14,7.07,64.83,2.4156692848687054,4.930444005247416
2012-08-15,37.01,26.75,31.62,7.22,64.62,3.3931540759697936,5.760633554010829
2012-08-16,39.59,27.86,33.55,0.33,54.24,4.52657115248237,6.627947235535393
2012-08-17,38.71,27.76,33.34,0.95,53.76,4.211906679629189,7.058246544144596
2012-08-18,39.17,28.13,33.34,0.5,54.13,4.361222974025875,7.028754924977225
2012-08-19,36.75,28.5,32.26,0.07,55.41,3.5780017622045297,4.670897980980499
2012-08-20,33.84,25.72,29.68,9.82,67.99,2.4744909490168796,5.072406340246321
2012-08-21,34.41,25.45,29.48,12.68,74.94,2.4165396289727767,4.373344228898684
2012-08-22,30.85,26.08,27.97,16.81,85.46,1.244841772336292,2.3922041319588927
2012-08-23,33.56,25.47,29.16,6.35,74.56,2.250887722177036,5.115214940704562
2012-08-24,33.97,25.8,30.05,0.44,68.28,2.4633422385813213,4.940085107856488
2012-08-25,36.72,26.81,31.55,0.61,60.73,3.4375674068158983,4.766577458920565
2012-08-26,35.87,26.3,31.48,3.05,61.6,3.1281620388665408,4.861582736578493
2012-08-27,35.5,26.28,30.43,4.4,68.63,2.877423509888353,4.517277383707016
2012-08-28,34.21,26.01,30.0,3.78,71.13,2.426391283953916,3.480017726314279
2012-08-29,35.02,26.57,30.49,5.56,70.23,2.627025061824127,4.315157971519797
2012-08-30,36.17,26.23,31.02,1.98,68.82,2.996561516326705,5.533025379456636
2012-08-31,37.3,26.46,31.82,0.2,60.96,3.6074847028024015,5.496575848739348
2012-09-01,38.94,26.32,32.6,0.0,55.19,4.379348746977605,5.403705722877307
2012-09-02,37.9,26.7,32.01,3.64,60.69,3.8083400921722217,5.4738135198959865
2012-09-03,36.47,26.6,31.37,0.79,63.81,3.252320648240669,4.747283732514828
2012-09-04,34.94,26.63,30.19,6.3,67.58,2.7792944673974525,3.824518088869434
2012-09-05,32.32,24.87,28.62,27.06,79.36,1.772295478538052,4.70691782623043
2012-09-06,33.99,24.85,29.16,6.01,72.72,2.462376270420496,5.458793706856506
2012-09-07,33.54,26.17,29.66,0.25,70.55,2.309864997380707,5.1323331386338715
2012-09-08,30.55,25.95,28.05,12.77,80.38,1.3443351624611664,3.196790929864064
2012-09-09,33.77,25.88,29.8,5.13,72.22,2.2801148991084403,3.879364773002681
2012-09-10,35.93,26.33,30.82,0.47,66.77,3.0279171180482884,4.887653548015011
2012-09-11,36.3,25.86,30.86,4.09,66.32,3.161356983146834,5.124518405868849
2012-09-12,37.09,25.28,30.87,1.04,63.8,3.578397141999471,5.527305492206913
2012-09-13,36.72,25.68,30.96,3.86,62.12,3.4706655508512214,5.837158940098072
2012-09-14,34.65,26.14,29.97,14.89,72.34,2.505736223850154,4.915403997078995
2012-09-15,35.24,24.52,29.43,9.81,72.09,2.812616718037838,5.32554536351088
2012-09-16,34.09,24.26,28.96,13.22,71.83,2.538234758401362,4.752809749915656
2012-09-17,33.08,24.61,28.48,16.21,75.33,2.1798357711288436,3.8040601570357313
2012-09-18,32.54,23.81,27.8,6.32,75.39,2.147955657219387,3.2527803046235726
2012-09-19,32.91,22.47,27.07,0.28,68.08,2.64764532759792,4.649366394952957
2012-09-20,33.59,20.08,26.29,0.0,61.15,3.1800236265618747,5.4632445139547725
2012-09-21,34.29,20.5,26.46,0.0,55.45,3.5944236389318327,5.822830411722589
2012-09-22,34.51,19.54,26.45,0.0,53.9,3.7201716373744773,5.293947204217155
2012-09-23,34.78,19.35,26.26,0.0,50.39,3.9467059303438887,5.64717837248702
2012-09-24,34.2,18.0,25.45,0.0,53.05,3.757210108846368,5.645129386439116
2012-09-25,33.53,18.23,25.46,0.0,54.48,3.5013728001442157,5.367249791356497
2012-09-26,33.88,18.7,25.76,0.01,54.13,3.583958194969725,5.386062013705273
2012-09-27,35.31,19.41,26.66,0.0,52.87,3.9733425583905,5.794108762513253
2012-09-28,34.95,19.78,26.8,0.0,52.79,3.8506505124731945,5.235513396078264
2012-09-29,35.79,20.45,27.38,0.0,51.3,4.102808521432408,5.406631263041503
2012-09-30,35.96,19.86,27.16,0.01,48.51,4.31791946098787,5.57805609270404
2012-10-01,36.56,19.49,27.36,0.0,46.98,4.522186888040464,5.430681842742705
2012-10-02,36.7,20.31,27.72,0.0,45.83,4.578545473963777,5.437251892820127
2012-10-03,36.29,20.75,27.32,0.0,42.21,4.611266644444493,5.149136964380636
2012-10-04,35.66,19.26,26.45,0.0,41.44,4.524443109020409,5.62180103618036
2012-10-05,35.74,18.07,25.74,0.0,41.57,4.597185353277347,5.472579550325231
2012-10-06,35.8,20.37,26.34,0.0,38.55,4.652259619750689,4.865804486946222
2012-10-07,35.56,17.82,25.81,0.0,41.19,4.556212069364916,5.185505181380839
2012-10-08,34.99,18.42,26.03,0.0,42.28,4.285770765080671,5.2894156845676985
2012-10-09,34.95,19.21,26.05,0.0,43.77,4.226640082618001,5.099112161774186
2012-10-10,33.96,20.51,25.68,0.0,40.84,4.046999443331562,4.502376460445455
2012-10-11,34.29,18.44,25.41,0.0,44.67,4.052357206333663,4.841891534830006
2012-10-12,34.45,19.35,25.59,0.0,43.93,4.102389468494806,4.6185153606011955
2012-10-13,34.49,19.73,26.1,0.0,41.62,4.137609207225897,4.4471397053059585
2012-10-14,34.46,19.21,25.85,0.23,43.65,4.089217559619931,4.81055391954189
2012-10-15,32.92,19.09,24.92,1.26,49.17,3.53609786668296,3.830979577525624
2012-10-16,31.91,18.11,24.01,3.24,51.67,3.2706609347808993,4.078749567293825
2012-10-17,31.8,18.04,24.02,0.0,50.36,3.2782604200114616,4.250918637524692
2012-10-18,33.13,16.88,24.02,0.0,45.83,3.798073751109684,4.686391851117226
2012-10-19,32.76,16.45,23.93,0.0,44.17,3.750410904798326,4.333965279014181
2012-10-20,31.57,17.39,23.29,1.28,47.41,3.3774983626543174,3.474376553622683
2012-10-21,32.05,16.0,23.17,0.02,47.91,3.515358501127755,4.563020837254649
2012-10-22,30.55,16.08,22.36,0.0,45.66,3.21745798624016,3.9983290884202924
2012-10-23,31.33,15.25,22.3,0.61,42.32,3.5266419319641162,4.193510362228869
2012-10-24,29.18,14.7,20.82,1.98,53.97,2.8244998461569493,3.7180638374418207
2012-10-25,29.49,13.17,20.37,0.0,42.36,3.205283420789947,4.397259091197855
2012-10-26,28.95,13.1,20.43,0.0,39.06,3.118146678967287,3.518428498675214
2012-10-27,29.11,14.54,20.97,0.0,40.56,3.0751821701683197,3.2301589384428504
2012-10-28,29.99,14.61,21.25,0.0,44.25,3.1838314969303756,3.5918048693407303
2012-10-29,30.21,14.77,21.27,0.0,46.35,3.1823283827495388,3.818905199835516
2012-10-30,30.7,14.84,21.42,0.0,44.9,3.3429293522881522,3.9807260828238245
2012-10-31,30.68,15.24,21.81,0.0,44.11,3.3172492475327173,3.5961272020746806
2012-11-01,30.85,16.12,21.97,0.0,43.96,3.3617127544503767,3.88701771625087
2012-11-02,29.38,14.79,21.23,0.0,45.51,2.999600867699538,3.4226463713503255
2012-11-03,30.21,14.61,21.42,0.0,47.75,3.135477894488,3.5983181918822034
2012-11-04,29.72,14.21,21.18,0.0,45.81,3.0879252168153997,3.6598531091901765
2012-11-05,29.97,17.3,21.69,0.0,41.9,3.1940158508914687,3.3928047940356634
2012-11-06,29.94,15.8,21.41,0.0,42.33,3.1987734138400272,3.455142848562333
2012-11-07,28.71,14.42,20.1,0.0,44.14,2.9454011753039704,3.713596039675802
2012-11-08,28.98,13.57,20.52,0.0,38.85,3.1263006088183536,3.6587736605524293
2012-11-09,28.75,13.85,20.96,0.0,36.26,3.0933593631127296,3.093252736729097
2012-11-10,30.21,15.75,21.74,0.0,35.03,3.4324283095401125,3.121528048525126
2012-11-11,28.31,15.73,20.54,0.0,42.19,2.8639070858939975,3.0266455555863128
2012-11-12,26.85,15.55,19.94,0.0,44.05,2.537716641924847,2.540294242906759
2012-11-13,26.95,14.92,19.16,0.0,47.37,2.5391943990347143,2.9223202754156024
2012-11-14,25.71,12.23,17.18,0.0,48.73,2.383281423402474,3.3240144497146358
2012-11-15,27.73,11.06,17.83,0.0,43.77,2.890900110335005,3.5089163602687057
2012-11-16,26.93,11.88,18.32,0.0,38.25,2.7913432905798405,2.8796762912273532
2012-11-17,27.57,13.81,18.56,0.0,38.95,2.8855631318405988,2.981204616694992
2012-11-18,27.96,11.52,18.14,0.0,42.0,2.9692519232487387,3.910377912013666
2012-11-19,27.67,11.44,18.05,0.0,42.55,2.8871729120631278,3.5406259687519235
2012-11-20,27.95,10.15,17.22,0.0,35.09,3.141039992653069,4.14072707874057
2012-11-21,27.89,9.82,16.83,0.0,32.76,3.1897006401187507,3.649730970312582
2012-11-22,27.18,9.96,16.9,0.0,33.01,3.016813485672564,3.555977416559696
2012-11-23,25.42,11.68,17.25,0.0,31.49,2.6636867494225234,2.9518879985730124
2012-11-24,25.91,13.04,17.54,0.0,31.02,2.7516496842160616,2.7221684229907392
2012-11-25,25.89,10.43,16.47,0.0,39.02,2.63853449895464,4.254277340031282
2012-11-26,25.35,8.08,15.48,0.0,36.5,2.642474576606351,3.4938616860050886
2012-11-27,25.47,7.73,15.16,0.0,35.65,2.693124853228303,3.708251088230662
2012-11-28,26.64,8.12,16.38,0.0,33.63,2.910353233548794,3.4917201598216376
2012-11-29,24.0,11.65,16.21,1.15,45.18,2.1982813409390976,2.6856906821430178
2012-11-30,25.01,9.18,15.56,0.0,49.16,2.419394987731919,3.731543331019056
2012-12-01,24.38,5.8,13.93,0.0,32.79,2.5684860431769643,3.3117434564527586
2012-12-02,25.08,9.86,15.19,0.0,31.57,2.6814567031757592,2.9129151232107264
2012-12-03,25.48,9.05,14.81,0.0,29.83,2.795210165637367,3.1959202670461964
2012-12-04,25.67,6.51,14.26,0.0,31.21,2.830049203939337,3.4256802740118437
2012-12-05,25.56,7.07,14.46,0.0,29.11,2.833900059896046,3.567686332390024
2012-12-06,26.48,7.23,15.03,0.0,28.66,3.0057947158818923,4.0311063924118145
2012-12-07,24.64,8.98,14.55,0.0,27.37,2.664361362440569,3.7081201703776268
2012-12-08,28.38,7.84,16.16,0.0,27.81,3.3852467045632735,4.013497169015037
2012-12-09,27.38,10.49,17.24,0.0,34.23,3.0085316026162734,3.140087337958395
2012-12-10,25.54,12.32,17.41,0.0,30.88,2.682182237722837,2.870377161950474
2012-12-11,24.61,12.1,17.36,0.09,36.99,2.409234772732165,2.10181305439975
2012-12-12,23.23,10.92,15.43,0.0,50.13,2.038355350860478,2.033738340442235
2012-12-13,21.56,11.02,14.81,7.57,50.04,1.7787244269163496,2.2945481176113343
2012-12-14,20.56,11.36,15.25,1.31,66.46,1.294816679536948,2.5043727331347965
2012-12-15,19.81,10.38,14.45,0.16,69.0,1.192759340392063,1.517151290266667
2012-12-16,22.04,7.92,13.43,0.0,61.05,1.7805058240686709,2.641567998901044
2012-12-17,22.84,7.34,13.66,0.0,48.39,2.0701305229928377,3.5624080852907736
2012-12-18,24.24,8.77,15.26,0.0,44.7,2.296399899864529,3.949221117752323
2012-12-19,25.01,6.5,13.95,0.0,45.0,2.5733795363965903,4.589357884644965
2012-12-20,24.09,4.85,12.49,0.0,38.2,2.5067808259798294,4.071018562862966
2012-12-21,23.33,4.3,12.11,0.0,39.19,2.3600590764867726,3.2478382652714943
2012-12-22,23.01,4.63,12.34,0.0,39.09,2.29263885523626,2.926174189270753
2012-12-23,22.07,6.6,13.11,0.0,37.22,2.1195681207398853,2.272448604962964
2012-12-24,21.89,7.29,12.54,0.0,39.27,2.080615567406725,2.5302819011580007
2012-12-25,23.13,4.83,12.17,0.0,44.62,2.241383371040824,2.8321775398275
2012-12-26,22.99,4.88,12.92,0.0,38.92,2.2732602706805967,3.025655161966055
2012-12-27,21.61,8.71,13.97,0.0,32.26,2.0851155285079064,2.40527440956362
2012-12-28,22.21,6.48,12.64,1.52,39.8,2.1327242756743034,3.7441461754217396
2012-12-29,19.76,6.25,11.33,1.39,58.21,1.5566894553025472,1.8317416071157362
2012-12-30,19.87,4.5,10.76,0.0,56.54,1.6308754330794617,2.0099542465892912
2012-12-31,20.44,4.53,10.97,0.0,52.55,1.743650562152054,2.285485258930889
2013-01-01,15.4,4.75,9.46,0.0,50.05,1.1689615235780513,1.675246980891573
2013-01-02,18.62,2.15,8.97,0.0,49.68,1.6211532817191063,2.30207537943602
2013-01-03,19.09,2.03,8.88,0.0,37.7,1.806778625192619,2.3115403048028744
2013-01-04,19.22,2.21,8.78,0.0,37.22,1.8368891577354942,2.6256434971813962
2013-01-05,18.14,0.63,7.72,0.0,39.48,1.7034862250268437,2.5776007304969912
2013-01-06,17.27,0.24,6.86,0.0,36.47,1.6317824938617593,2.2610807315842036
2013-01-07,16.23,-0.04,6.22,0.0,38.98,1.4967352872720228,2.502851091501198
2013-01-08,19.08,-0.79,7.71,0.02,36.54,1.8591363369599139,3.148292324410621
2013-01-09,19.53,5.03,10.65,0.85,54.6,1.592277277633349,2.886445935076645
2013-01-10,21.74,2.85,10.96,0.0,48.6,2.033317377534065,3.424721772112195
2013-01-11,23.93,3.32,12.33,0.0,40.59,2.4740474738366838,3.614153148405735
2013-01-12,24.42,9.04,16.61,0.0,38.98,2.3385217045735676,2.3312688569364717
2013-01-13,24.3,8.59,15.79,0.0,41.67,2.32379906665031,2.8403764349103278
2013-01-14,23.52,4.57,12.14,0.0,29.29,2.525200202833127,3.226303484125994
2013-01-15,21.87,6.63,13.02,0.0,24.09,2.2762362724182412,2.432613727253711
2013-01-16,21.73,9.22,13.79,0.05,32.34,2.1063329604071632,2.248749597532043
2013-01-17,19.47,7.79,12.7,1.48,72.91,1.2223270162035207,2.156574625137276
2013-01-18,17.72,7.88,11.69,14.92,75.4,1.0219370444979725,1.4953585313748436
2013-01-19,19.0,3.82,9.6,0.0,43.91,1.7239726085850395,2.8085016594553087
2013-01-20,19.85,2.05,9.51,0.0,50.06,1.791584994484196,2.966220659396869
2013-01-21,20.57,1.01,9.15,0.0,39.08,2.0097660968862607,2.893073920285822
2013-01-22,21.34,1.45,9.71,0.0,37.99,2.1166427601872355,2.768420486584541
2013-01-23,21.53,4.84,11.09,0.0,34.42,2.1536769613086335,2.981220360059435
2013-01-24,21.72,3.15,10.95,0.0,56.76,1.9381567891747036,2.7970938171821613
2013-01-25,22.15,2.93,11.08,0.0,42.6,2.1535350338552166,3.2422091016059627
2013-01-26,23.14,3.04,11.46,0.0,38.38,2.3665932432205397,3.7203693021343063
2013-01-27,23.63,3.25,12.56,0.0,37.68,2.4179598938803535,3.3154124846682063
2013-01-28,24.48,9.56,15.16,0.0,35.97,2.494833951873141,3.239464326329958
2013-01-29,24.13,7.22,14.29,0.0,36.94,2.4407770013030823,3.164237145490462
2013-01-30,23.32,8.35,13.84,0.0,40.07,2.2512494827526104,2.4782943826527495
2013-01-31,21.02,8.58,13.4,0.0,43.39,1.8394887554763368,2.5414708396488987
2013-02-01,24.81,8.6,15.31,0.0,41.22,2.449356597456477,3.0883220192580825
2013-02-02,25.5,12.13,16.97,0.0,46.68,2.3959049791416778,3.4122741448025207
2013-02-03,21.51,9.54,14.4,6.42,65.61,1.5334557099377348,1.8872937095947202
2013-02-04,21.16,11.47,15.0,7.13,75.13,1.2794696931834835,2.783110853617876
2013-02-05,18.64,10.42,14.2,16.27,86.79,0.75426176257403,1.8053216959018015
2013-02-06,21.61,7.99,13.26,0.45,67.7,1.644028515593039,3.0634374289072768
2013-02-07,22.32,4.4,12.59,0.0,58.15,1.9229837891159587,3.1677921014250763
2013-02-08,23.27,4.26,12.54,0.0,48.4,2.2295659960097414,3.5965041580160206
2013-02-09,23.77,3.97,12.67,0.0,44.06,2.3651405724417884,3.241967180859752
2013-02-10,24.68,8.71,14.77,0.0,36.18,2.5476014550804704,3.013085886471846
2013-02-11,24.9,7.04,14.27,0.0,40.01,2.5518012117295727,3.4677265807628337
2013-02-12,24.88,6.62,14.47,0.0,42.97,2.5016484202132268,3.4586013069991735
2013-02-13,26.74,7.45,15.69,0.0,44.48,2.78986566303466,3.94092424639169
2013-02-14,27.0,9.7,17.1,0.01,46.59,2.7241905373544433,3.4659684961782102
2013-02-15,24.69,11.24,16.68,1.02,58.66,2.0743899508254526,3.0957147742872064
2013-02-16,17.3,10.51,13.79,11.49,89.43,0.5686093238926255,1.1965275532609734
2013-02-17,20.25,11.79,15.13,0.47,76.46,1.0930841216267848,1.8653748900522196
2013-02-18,23.95,8.45,15.46,0.0,60.13,1.986791555678821,3.3427851733967398
2013-02-19,22.64,9.88,14.99,0.0,49.98,1.9418563080221345,3.18857155246221
2013-02-20,24.74,8.45,15.64,0.0,53.96,2.2164469239344635,3.3582397478694417
2013-02-21,23.47,12.01,16.16,4.22,63.49,1.7507440661796638,2.254513097659499
2013-02-22,24.56,11.56,17.29,4.21,63.46,1.8998732473282989,3.6253337738337708
2013-02-23,22.41,11.13,15.75,10.01,80.75,1.2914309039705,1.6166185715250945
2013-02-24,24.22,10.78,16.31,0.75,66.79,1.8645835489668001,2.788403107931045
2013-02-25,25.32,10.48,16.93,0.0,53.37,2.259349819625614,3.2337095725103864
2013-02-26,25.56,11.12,18.09,0.92,49.59,2.3036740904538147,3.7372084668915235
2013-02-27,25.56,10.44,17.1,3.5,56.39,2.273134875366422,4.522266596273311
2013-02-28,26.06,10.76,17.04,0.07,44.28,2.5888543105673305,4.788719227933403
2013-03-01,26.57,7.0,15.76,0.0,47.08,2.7727557227997655,5.470321614992099
2013-03-02,29.28,6.03,16.53,0.0,43.41,3.362781163874652,5.622344795365301
2013-03-03,30.02,8.69,18.45,0.0,44.67,3.407963950355647,5.123645580539865
2013-03-04,30.8,10.85,20.53,0.0,38.18,3.617489883904942,4.609016847202773
2013-03-05,31.1,15.33,21.35,0.0,35.38,3.6899679935162077,4.4390396312449845
2013-03-06,30.83,12.46,20.39,0.0,42.36,3.5244926413708098,5.119086133723744
2013-03-07,31.43,11.26,20.7,0.0,41.67,3.699891979186722,5.181289491547266
2013-03-08,31.95,13.16,22.36,0.0,35.62,3.8781381654725218,4.7559281855878925
2013-03-09,30.84,15.05,22.43,0.0,34.23,3.586195477511989,4.217893955062135
2013-03-10,33.0,14.79,22.84,0.0,37.63,4.087893122177644,4.918081690098158
2013-03-11,31.61,13.93,21.53,0.0,39.86,3.719107513973064,4.581147128083963
2013-03-12,30.72,15.2,21.59,0.0,35.7,3.585614244994754,3.996716348478435
2013-03-13,29.61,15.37,21.5,0.85,48.69,2.990885782959028,4.467898366518195
2013-03-14,27.63,14.64,20.31,10.8,66.54,2.229663138867402,3.8536081757486813
2013-03-15,28.56,12.97,20.01,0.0,56.26,2.715124255529174,4.370422996060519
2013-03-16,29.54,11.99,20.17,0.0,48.79,3.097026893401476,4.597830044168203
2013-03-17,30.8,14.37,21.42,0.0,39.5,3.5397169428922215,5.18266265595808
2013-03-18,32.26,12.78,22.04,0.0,46.01,3.7227343587786166,6.052600201650118
2013-03-19,33.94,14.39,23.62,0.0,43.69,4.138635763856489,6.0633107407197775
2013-03-20,32.9,18.62,24.61,0.0,40.79,3.828885178435244,4.819522343452194
2013-03-21,34.05,16.43,24.39,0.0,43.12,4.154631710859885,6.78312580038199
2013-03-22,32.68,13.83,23.87,0.0,36.11,4.032295715575511,5.442204560703654
2013-03-23,34.8,19.68,26.44,0.86,30.36,4.580093250949073,6.540967826536186
2013-03-24,32.52,17.76,24.05,1.95,44.99,3.669148612474242,5.593100059950976
2013-03-25,30.77,15.58,22.21,0.0,42.52,3.3873512836216877,6.345007055242615
2013-03-26,29.82,12.45,21.37,0.0,44.57,3.18026665691951,5.390990179365152
2013-03-27,33.44,16.08,24.01,0.02,37.66,4.113877792022067,4.575555237344838
2013-03-28,28.02,17.19,22.46,0.47,46.56,2.556371766951127,3.965470975491481
2013-03-29,31.49,14.73,23.32,1.51,51.52,3.2732052823576043,4.142092983352493
2013-03-30,32.16,18.0,24.76,0.05,43.28,3.538350884390092,5.4416386055319395
2013-03-31,33.89,17.62,26.01,0.0,38.09,4.0913344555569715,5.598893518451752
2013-04-01,36.04,19.2,27.99,0.0,28.68,4.9920617856211935,5.6905974246134585
2013-04-02,32.77,21.22,26.92,0.0,27.53,4.033738375639398,4.447754745997033
2013-04-03,33.15,17.92,25.34,0.03,39.93,3.8739731543336675,5.128816601551931
2013-04-04,34.11,15.56,24.76,0.0,33.9,4.471053096592034,7.597049064850668
2013-04-05,34.83,15.96,24.83,0.0,30.79,4.739471040459107,8.254639046810265
2013-04-06,36.63,15.27,25.82,0.0,27.05,5.403971101122882,7.882665548056712
2013-04-07,37.11,18.28,27.23,0.0,30.71,5.313397885880625,6.909942927063336
2013-04-08,38.19,19.14,28.61,0.0,31.94,5.5967477887663595,6.474283255939716
2013-04-09,38.38,21.94,29.33,0.01,30.57,5.658252456352271,5.75589121093976
2013-04-10,35.21,19.67,27.36,2.13,37.09,4.461132145402138,6.122313987277774
2013-04-11,35.81,19.94,27.67,0.0,35.32,4.675041006381175,6.843934432974542
2013-04-12,36.41,19.76,28.01,0.0,33.35,4.929442670719302,6.520675255026249
2013-04-13,37.55,21.62,29.35,0.08,29.51,5.359152842804199,6.206969475991405
2013-04-14,37.18,22.69,29.69,1.35,34.03,5.051545133981773,6.727104036257596
2013-04-15,37.42,20.98,29.71,0.1,31.26,5.223552852018336,6.090032735891874
2013-04-16,40.04,22.7,31.41,0.0,22.57,6.449096891926894,9.807743879646154
2013-04-17,39.09,20.14,29.11,0.0,24.32,6.252908147733456,8.495571152818314
2013-04-18,39.14,19.81,29.15,0.0,18.15,6.42398633520791,6.685329475278021
2013-04-19,40.18,22.7,31.19,0.0,14.26,6.856442695550976,6.110515727299069
2013-04-20,40.07,23.27,31.51,0.0,17.38,6.667176301410537,7.278040475054649
2013-04-21,36.13,21.7,28.57,0.29,31.14,4.833114980071468,6.8378034171596385
2013-04-22,36.48,21.48,28.93,0.26,37.02,4.78741570312026,6.336037058598701
2013-04-23,37.01,22.69,30.26,0.0,28.97,5.094004944518646,5.4972332562881565
2013-04-24,39.06,23.56,31.17,0.65,31.17,5.703049641440815,7.138111581031526
2013-04-25,37.42,24.95,30.88,0.15,31.5,5.058305921405494,6.12876372844438
2013-04-26,37.71,25.61,31.44,1.25,32.1,5.107876127954926,6.868923658852385
2013-04-27,35.89,23.23,29.03,0.4,33.87,4.595136567427883,6.94426004134269
2013-04-28,38.55,21.53,30.16,0.03,29.04,5.715983755743639,8.862231276042868
2013-04-29,37.21,23.84,30.72,0.01,26.64,5.2027557912436695,6.678506720710844
2013-04-30,37.32,24.15,30.76,0.01,22.55,5.471052540831378,7.090954778134847
2013-05-01,40.59,20.91,30.91,0.0,13.33,7.084081789835557,9.114038590709765
2013-05-02,38.95,20.18,29.88,0.0,13.55,6.427888619926528,9.064414583601817
2013-05-03,40.63,21.24,31.35,0.0,12.91,7.107614131772481,8.94317593402636
2013-05-04,43.07,23.43,33.58,0.0,10.47,8.162970371319204,7.560274750311753
2013-05-05,44.05,24.22,34.26,0.0,13.24,8.4706956599792,9.573710317267166
2013-05-06,42.94,26.01,34.27,0.0,15.37,7.85857040191636,7.736280396024761
2013-05-07,43.47,25.86,34.6,0.0,15.01,8.096412453784287,9.951164988079327
2013-05-08,43.02,25.36,34.8,0.09,17.91,7.726359481359945,10.196538185990677
2013-05-09,43.57,26.93,35.42,0.0,15.71,8.076149109062138,10.615783329513272
2013-05-10,44.15,27.11,35.79,0.05,17.14,8.235032746071587,9.098283160923424
2013-05-11,40.64,26.67,34.08,0.62,23.1,6.457813202174986,7.741846895975839
2013-05-12,35.84,26.94,31.57,1.32,31.6,4.458489961717811,5.489801029550482
2013-05-13,38.73,24.14,31.52,0.5,32.09,5.49834425338427,8.007282921756378
2013-05-14,40.2,25.13,32.92,0.0,25.58,6.269568281068567,8.132640542953615
2013-05-15,41.94,25.23,33.93,0.0,21.85,7.1406132876163415,9.77345757593674
2013-05-16,43.17,26.44,34.9,0.0,18.83,7.774883454402809,10.147476560136084
2013-05-17,44.96,25.79,35.67,0.0,12.5,8.89606070170527,9.679655649998052
2013-05-18,45.67,25.77,36.39,0.0,10.09,9.36709734009194,8.758608715521724
2013-05-19,46.74,27.16,37.42,0.0,10.73,9.819351450392347,11.364472968244478
2013-05-20,46.6,27.61,37.57,0.0,10.12,9.780141424788471,10.305744789742736
2013-05-21,46.98,28.31,37.83,0.0,10.12,9.981403792571566,10.820572994367028
2013-05-22,47.23,28.32,38.25,0.0,11.03,10.043086923626971,11.643323023104173
2013-05-23,48.0,28.35,38.75,0.0,10.72,10.468695600097478,11.20564367554377
2013-05-24,48.25,29.92,39.51,0.0,10.92,10.577978732840815,12.575800341480317
2013-05-25,46.21,31.6,39.0,0.0,16.09,9.106761736808862,13.206741613483214
2013-05-26,45.09,29.52,37.54,0.0,17.92,8.513298226528969,10.964282153560514
2013-05-27,44.72,29.74,37.21,0.01,16.26,8.527586962718507,9.64359646571555
2013-05-28,44.51,28.53,36.69,0.0,13.38,8.5684823123069,8.701604510695741
2013-05-29,44.16,26.87,36.08,0.0,12.28,8.526079987430181,10.592894524981963
2013-05-30,42.97,27.14,35.39,0.0,10.9,8.019703396327785,10.111714470585724
2013-05-31,44.57,26.67,36.4,0.03,9.99,8.8168191828152,9.177948325962092
2013-06-01,43.52,28.25,36.49,0.0,10.39,8.260077353117225,9.156366022247102
2013-06-02,42.49,26.71,35.37,0.0,19.33,7.37417598712102,9.289295612341096
2013-06-03,44.25,29.12,37.56,0.0,19.9,8.011450556861053,7.956311585049495
2013-06-04,45.63,31.15,38.49,0.0,18.64,8.682440182550115,7.9788408644272835
2013-06-05,46.85,31.21,39.63,0.0,16.85,9.363976338477663,9.072898928926026
2013-06-06,48.02,33.49,40.63,0.01,13.51,10.23049269558847,8.137378379357708
2013-06-07,46.11,31.27,39.06,0.17,19.82,8.826895984724253,9.23821634663732
2013-06-08,45.43,30.28,38.41,0.0,17.93,8.658388678427208,8.968676699169551
2013-06-09,46.89,31.39,39.86,0.01,21.22,9.09377471196159,10.250034305431585
2013-06-10,45.33,34.05,40.13,0.0,24.82,7.936119353495512,9.34782316099326
2013-06-11,44.4,32.69,38.81,9.04,34.07,7.029472161674566,8.92065337588085
2013-06-12,38.13,30.94,34.52,5.84,52.29,3.8603305759138293,5.1114093620012016
2013-06-13,35.79,28.08,32.62,23.22,58.71,3.0241271377400314,3.1757845303469647
2013-06-14,39.51,27.18,33.4,6.23,52.42,4.651957172002996,5.958928722272913
2013-06-15,36.76,27.67,31.96,16.5,56.58,3.5925204353000995,3.1896464388404717
2013-06-16,35.05,26.99,30.54,19.59,66.12,2.8185889611878876,4.7694113292807945
2013-06-17,37.2,24.73,31.43,2.38,54.66,3.9877858674101216,6.198256754148607
2013-06-18,38.74,26.64,32.82,0.35,43.05,4.89953169371734,7.359637197075075
2013-06-19,39.23,26.05,32.72,0.0,38.85,5.272703785915727,7.479510995765687
2013-06-20,41.9,26.73,34.64,0.01,38.55,6.16481318173267,8.227318774391659
2013-06-21,42.48,28.72,36.03,0.0,37.98,6.309998321693917,7.215003801226831
2013-06-22,43.57,28.0,35.96,0.0,36.74,6.860311074886704,9.006154566148062
2013-06-23,43.15,28.86,36.3,0.06,36.07,6.625180446827354,9.034917345535595
2013-06-24,43.46,29.17,36.38,0.05,36.87,6.732564703988482,8.053374240460824
2013-06-25,41.18,27.97,34.83,0.6,45.69,5.479012310576627,6.777802073233653
2013-06-26,42.91,29.07,36.15,0.92,47.08,5.971247731712724,7.578284968869524
2013-06-27,41.64,30.18,36.14,1.18,41.65,5.680690065014864,6.950528104753064
2013-06-28,42.74,30.52,36.64,1.87,42.28,6.025379165713421,8.089460941942844
2013-06-29,41.42,31.33,36.48,3.64,42.34,5.451607402181623,7.674712567525513
2013-06-30,41.92,30.82,36.06,0.06,40.72,5.847902231383954,8.83266372092224
2013-07-01,42.94,30.54,36.58,0.0,35.45,6.562823465255649,8.357764875055814
2013-07-02,42.65,30.71,36.82,1.53,36.05,6.345299755133683,6.22756724200372
2013-07-03,41.55,30.97,36.52,0.16,38.2,5.782132922341974,5.76219317182816
2013-07-04,41.25,30.44,36.03,0.0,40.73,5.544517979146735,6.1391118101422535
2013-07-05,41.76,31.14,36.31,1.17,42.98,5.599955206323701,6.678284519281433
2013-07-06,38.92,29.87,33.86,8.13,54.6,4.157155890819094,7.084783761907878
2013-07-07,38.68,28.8,33.75,7.58,59.26,3.854140613696108,5.865414726959839
2013-07-08,37.27,29.81,33.76,30.74,61.26,3.2055624388356003,4.290751241960616
2013-07-09,37.09,28.2,32.08,14.5,66.3,3.20701031508904,4.963809336856859
2013-07-10,37.19,27.51,32.64,6.46,60.27,3.486120946701169,5.506145526998008
2013-07-11,38.31,28.67,33.62,2.74,54.71,3.9626639134097448,5.802313838975172
2013-07-12,38.54,28.29,33.43,0.24,55.66,4.053422023467416,6.527777488334075
2013-07-13,39.8,28.47,34.16,0.03,54.3,4.514993643067987,6.096053562989306
2013-07-14,40.53,28.38,34.63,1.96,51.83,4.8576119370474515,6.382983123402154
2013-07-15,37.63,29.65,33.61,41.59,58.03,3.54152828208137,6.1973881589759765
2013-07-16,38.64,27.5,32.99,3.1,61.97,3.8663909058530908,6.10777604954337
2013-07-17,37.28,28.01,32.74,11.55,65.91,3.1920294409880214,4.247164597156234
2013-07-18,39.97,27.88,34.26,1.42,57.37,4.433221761966015,4.8550686321332215
2013-07-19,40.78,30.06,34.91,1.35,52.97,4.837307687916931,7.513267417109719
2013-07-20,33.25,27.6,30.33,15.62,74.94,1.8896794230882374,3.142064115576111
2013-07-21,35.79,26.32,31.01,3.25,70.8,2.77055242924272,5.247683087140858
2013-07-22,36.53,27.57,31.96,0.13,65.88,3.0596383821902866,5.6638685581750865
2013-07-23,37.21,27.43,32.12,0.02,64.51,3.3378604058391748,6.2800215898028195
2013-07-24,38.25,27.54,32.88,0.08,60.79,3.8000605745149136,5.445633047381662
2013-07-25,38.6,27.74,33.31,1.36,57.06,4.045165587608579,6.12541102409008
2013-07-26,38.01,27.05,32.57,0.38,57.37,3.9225487829877266,5.750992361865179
2013-07-27,37.98,28.19,33.07,0.71,59.25,3.7133312167339736,6.2411997948477556
2013-07-28,37.23,28.45,33.03,0.06,60.57,3.3753022040360254,6.1025038142048205
2013-07-29,37.11,29.06,32.73,3.69,60.52,3.3642235797850475,6.0991892790932205
2013-07-30,37.84,28.73,32.91,6.53,62.55,3.4911689302016695,5.709533968777634
2013-07-31,37.56,28.53,32.62,10.4,64.68,3.366421896400257,6.523102144836112
2013-08-01,33.9,27.65,30.63,9.72,73.45,2.0935229330704375,3.7905907480838503
2013-08-02,32.05,26.88,29.3,6.69,79.12,1.5701324538681725,3.971000043424568
2013-08-03,35.89,26.29,31.02,4.0,69.6,2.8544048824154302,6.376415000429156
2013-08-04,35.81,26.91,31.63,0.33,66.35,2.864843002517083,5.616513281022898
2013-08-05,35.78,27.68,31.74,24.68,68.3,2.7263288077163454,4.89662364234191
2013-08-06,32.05,26.43,28.92,20.61,80.81,1.5644201116727152,2.12781853913607
2013-08-07,33.49,25.61,29.16,6.56,77.95,2.067727643644936,4.212693884997516
2013-08-08,35.22,25.97,30.18,5.75,72.07,2.6533402839303237,5.145789460879801
2013-08-09,35.22,26.95,30.45,0.43,69.6,2.7200086382199116,3.785609731057403
2013-08-10,33.75,25.8,29.5,1.77,76.69,2.1303359720135555,5.141632506203716
2013-08-11,32.84,26.68,29.67,2.38,78.8,1.7392102238481204,4.780955141627436
2013-08-12,32.99,26.3,29.61,1.37,79.16,1.7755709928246008,4.5525699357737235
2013-08-13,33.07,26.42,29.12,1.04,79.93,1.8632361645669686,4.087238755846461
2013-08-14,30.89,25.78,28.11,14.03,84.27,1.2854174893068895,4.4607645057328815
2013-08-15,29.62,25.52,27.16,27.85,89.27,0.9495541429016634,3.1468897664019435
2013-08-16,30.56,25.56,27.47,29.74,89.2,1.1256531190049799,2.883302728924394
2013-08-17,32.47,24.83,28.33,22.89,84.25,1.6710880550651206,2.184743641826541
2013-08-18,32.08,25.5,28.67,10.07,81.64,1.59908817696388,4.440573821864746
2013-08-19,33.32,25.08,28.96,0.87,79.52,1.9853002597976626,4.466159273159399
2013-08-20,33.46,25.26,29.31,0.24,75.13,2.1577236217972287,4.866755456506082
2013-08-21,34.11,24.35,29.53,8.65,73.37,2.387652628497731,5.103210688135311
2013-08-22,34.83,24.84,30.02,1.3,67.68,2.774192990055764,4.6920026815872315
2013-08-23,34.91,24.34,30.14,0.02,67.21,2.787033434053144,4.7841731134846635
2013-08-24,33.82,24.74,29.68,0.0,73.54,2.2498727363342064,4.965107205529192
2013-08-25,35.32,25.15,30.4,0.04,70.79,2.713809552373249,5.203106923801218
2013-08-26,36.3,25.39,30.82,0.0,64.76,3.2453067422046695,5.1991137218977705
2013-08-27,36.58,24.9,30.66,0.1,63.43,3.4236017207861207,5.8480208396796405
2013-08-28,34.54,24.56,29.57,0.54,64.31,2.8916604995973376,5.213176991668942
2013-08-29,35.13,24.02,29.83,2.92,64.42,3.041753491555429,5.267896014437484
2013-08-30,35.67,25.18,30.22,0.2,64.96,3.1218932608349874,5.628564619538022
2013-08-31,36.07,24.36,30.35,0.05,59.78,3.472261242136075,5.734104945403582
2013-09-01,36.16,24.41,30.13,0.04,61.29,3.4725384619284223,5.416335659917093
2013-09-02,36.63,24.02,30.11,0.03,59.2,3.731860811259953,5.653875390803559
2013-09-03,37.04,23.87,30.18,0.02,57.77,3.924036031708824,5.6156591625233565
2013-09-04,35.56,23.48,29.62,6.98,57.42,3.515224860819168,5.805585337315251
2013-09-05,36.05,22.13,29.25,2.32,56.78,3.76266225723559,5.679943956953678
2013-09-06,35.92,22.46,29.16,1.29,55.51,3.771817178891729,5.444308182542531
2013-09-07,36.34,21.45,28.94,0.0,52.55,4.067837923615714,5.43341568261737
2013-09-08,34.99,23.88,28.73,0.19,58.61,3.376532283519652,4.744574329084827
2013-09-09,35.59,22.39,28.7,0.1,61.93,3.503451813604999,5.082870721710871
2013-09-10,36.07,23.31,29.33,0.02,60.79,3.6342426318496965,5.098823463609723
2013-09-11,36.76,23.02,29.53,0.01,57.2,4.017697372502681,5.214078558009108
2013-09-12,36.93,22.66,29.31,0.01,58.84,3.999500000467676,5.695316080750292
2013-09-13,36.31,23.17,29.36,0.0,63.53,3.581640579679511,4.92019687659593
2013-09-14,36.51,23.76,29.5,0.01,60.01,3.8097846787283247,5.0418747572085385
2013-09-15,37.42,24.28,29.79,0.73,52.36,4.431137149548048,5.0215918588661514
2013-09-16,35.23,23.52,28.38,0.52,54.49,3.734609671155723,4.230518935659357
2013-09-17,36.2,21.69,28.28,0.0,52.26,4.119749863962923,5.54057472838982
2013-09-18,36.73,23.08,28.92,0.0,48.62,4.3741053448361145,5.683967825990897
2013-09-19,36.9,22.48,28.99,0.0,46.21,4.507729570006556,5.466085305939652
2013-09-20,37.23,21.3,29.07,0.0,50.99,4.467099341270558,5.237603488358281
2013-09-21,33.03,23.42,28.52,14.18,71.8,2.3014250244048284,4.063014784631175
2013-09-22,35.5,24.79,30.12,3.28,63.57,3.1680682360770427,3.2365976472873292
2013-09-23,35.56,24.88,30.43,1.55,61.89,3.180808531187497,4.332730358579713
2013-09-24,36.34,26.03,31.07,0.01,57.55,3.5380895638191663,3.429561196354971
2013-09-25,36.89,25.04,30.63,0.08,60.28,3.7118638908127486,4.36699432138816
2013-09-26,36.13,24.94,30.44,0.03,61.45,3.4362939850842276,4.237333293165588
2013-09-27,36.14,25.68,30.54,0.34,58.44,3.5089305258642645,4.7864141566362415
2013-09-28,35.65,24.57,30.29,0.25,55.34,3.526944075201653,4.187390654801156
2013-09-29,36.01,24.92,30.35,0.33,52.04,3.767344068175705,4.2086607008934225
2013-09-30,34.93,23.44,28.98,0.27,58.42,3.353731111905112,4.219459341115739
2013-10-01,34.62,24.32,29.42,0.0,61.03,3.082095093026727,4.008756710420869
2013-10-02,35.6,24.53,29.66,0.4,58.2,3.475011137935656,4.116222778143734
2013-10-03,34.73,23.65,29.05,2.69,60.62,3.2097038425782305,4.003065211106879
2013-10-04,32.49,23.3,27.79,0.4,63.65,2.57996933477104,3.8551976410428086
2013-10-05,35.54,23.02,29.09,0.0,56.97,3.5691083764978537,4.403731701270425
2013-10-06,36.26,23.97,29.97,0.02,53.68,3.8357258799451324,3.690813461199733
2013-10-07,35.77,24.25,29.76,0.02,55.93,3.5953248502138893,3.6929997032059716
2013-10-08,35.66,24.27,30.06,0.0,56.37,3.5144043605297703,3.2605232006030915
2013-10-09,34.73,24.86,29.6,0.0,59.38,3.1350985820007837,3.0415554719739624
2013-10-10,34.98,24.34,29.69,0.12,58.12,3.2665827563145666,3.0964987243865965
2013-10-11,32.46,23.7,27.34,11.82,70.41,2.3666818158927683,2.966560521584848
2013-10-12,32.47,21.99,26.85,0.46,64.73,2.7056104489147548,2.39026165298139
2013-10-13,32.74,22.82,27.17,0.03,58.94,2.895856643785931,3.275257803982042
2013-10-14,34.18,21.34,27.04,0.0,56.53,3.4485404638379586,4.661691933887078
2013-10-15,34.56,20.77,26.91,0.0,47.78,3.8929160135897733,4.41313860759315
2013-10-16,34.92,20.07,27.16,0.0,45.9,4.042315799674345,4.0050811820370065
2013-10-17,35.08,20.92,27.72,0.0,43.4,4.131102549382407,3.619989517529564
2013-10-18,35.48,21.38,27.1,0.0,42.34,4.344906928186739,4.683673018053979
2013-10-19,34.77,19.83,26.2,0.0,39.89,4.31786246610964,4.635373216683172
2013-10-20,33.71,20.28,26.0,0.0,35.84,4.102861169492776,3.824252168956124
2013-10-21,33.08,18.6,25.1,0.01,37.64,3.962332969551954,3.824497272772824
2013-10-22,32.42,16.41,23.8,0.0,38.12,3.8411952396655664,3.877191371242329
2013-10-23,30.74,15.15,22.73,0.0,48.79,3.182834040747853,3.5826841446585753
2013-10-24,31.25,16.02,23.31,0.0,49.6,3.220470487716044,3.243521746191997
2013-10-25,31.63,19.34,24.06,0.0,46.55,3.3144707259330675,3.642730355356052
2013-10-26,31.61,16.78,23.93,0.0,42.82,3.473117437253144,3.3054607244559855
2013-10-27,30.72,17.42,23.06,0.0,41.21,3.313874982460848,3.64542293933109
2013-10-28,31.49,16.52,22.86,0.0,43.72,3.496731966689725,4.440358249085264
2013-10-29,32.54,17.52,23.56,0.0,32.72,4.029492722655228,3.9221115871137333
2013-10-30,32.5,17.4,24.42,0.0,32.78,3.9478723074031077,3.0226007257634926
2013-10-31,30.7,16.86,23.02,0.0,38.81,3.376809638227268,3.1080535167460046
2013-11-01,29.41,16.11,21.66,0.58,48.37,2.9037239915213533,2.9975072400991047
2013-11-02,29.93,14.74,21.18,0.0,37.35,3.377212210867943,4.524956047489109
2013-11-03,28.97,12.91,20.19,0.0,32.13,3.3046276895530573,4.1599104617808536
2013-11-04,28.55,13.2,20.04,0.0,29.24,3.260982917545997,3.529776177940467
2013-11-05,24.36,16.11,19.91,0.0,29.91,2.369195735493485,2.303786331112768
2013-11-06,25.02,14.61,18.53,0.09,44.01,2.263288752451261,2.883608866782116
2013-11-07,23.79,13.35,17.36,4.5,72.56,1.5448731377832035,2.135339389952197
2013-11-08,25.58,12.56,18.11,0.6,65.52,2.0108571629447534,2.7638523240837123
2013-11-09,25.2,11.57,17.59,0.05,57.66,2.1063549108385473,2.5347001358852337
2013-11-10,26.78,11.48,18.01,0.0,49.66,2.561569327042315,3.4197893988891765
2013-11-11,26.96,10.65,17.73,0.0,43.24,2.746007666521382,3.750253206115758
2013-11-12,27.41,11.1,18.73,0.0,37.33,2.891003834937871,3.414641368635275
2013-11-13,26.51,13.12,18.19,0.0,37.03,2.7416405185046204,3.1623309713657366
2013-11-14,26.23,9.35,16.48,0.0,40.0,2.7177701461725903,3.659596641068426
2013-11-15,26.96,10.56,17.32,0.0,33.55,2.945737307832596,3.795014853891471
2013-11-16,26.98,12.83,18.06,0.0,29.69,2.983751125961839,3.281454234994327
2013-11-17,27.5,11.35,17.33,0.0,32.09,3.0942852205302795,3.8831850579348424
2013-11-18,28.12,8.72,16.95,0.0,33.33,3.222211192880269,4.272797457500394
2013-11-19,27.75,9.63,18.09,0.0,31.39,3.120650717186788,3.6739496712231805
2013-11-20,28.67,12.72,19.45,0.0,28.34,3.3366719374289793,3.470457637531452
2013-11-21,27.43,10.94,18.3,0.0,33.65,2.9943362591443328,3.0718370699213224
2013-11-22,27.06,10.21,17.56,0.0,42.55,2.786703907461977,2.84978818793227
2013-11-23,28.09,12.29,18.44,0.0,38.25,3.032825958321925,3.380699238625719
2013-11-24,27.3,12.25,18.4,0.0,40.05,2.822724084055025,3.649858738838989
2013-11-25,29.15,11.71,19.04,0.0,40.5,3.2040878517159594,4.166437313175633
2013-11-26,29.38,11.94,19.2,0.0,39.45,3.2806532298155435,4.28328009480281
2013-11-27,29.03,12.95,19.73,0.0,37.4,3.1999385379965566,3.2351339770277603
2013-11-28,28.85,14.69,19.89,0.0,37.09,3.1474632415671744,3.282533887439113
2013-11-29,28.72,11.2,18.3,0.0,36.05,3.252661215453062,4.374065445178352
2013-11-30,28.46,9.97,18.04,0.0,32.03,3.2684408842181467,3.880855995383865
2013-12-01,27.53,11.88,18.93,0.0,30.25,3.0466167014946,2.6935717947246047
2013-12-02,27.67,10.45,18.93,0.0,30.94,3.083640304653386,3.051758960749384
2013-12-03,26.49,9.81,17.26,0.0,36.51,2.790428052061819,2.654048523512336
2013-12-04,25.98,12.12,16.71,0.0,37.64,2.6800979005428247,3.3049936984848594
2013-12-05,26.1,9.17,15.87,0.0,37.19,2.759810527830229,3.5737411944689894
2013-12-06,27.06,10.23,17.39,0.0,29.27,3.0406595836334818,3.533083402698914
2013-12-07,26.23,12.35,18.37,0.0,26.91,2.8665822343893397,2.2895044125991397
2013-12-08,25.49,9.8,16.52,0.0,34.12,2.6581363570728267,2.5082400702093546
2013-12-09,24.78,11.21,16.86,0.0,37.88,2.430398489442116,2.5814724434192615
2013-12-10,25.42,10.35,16.23,0.0,43.51,2.4885158857166356,2.9774378918469933
2013-12-11,25.73,8.73,16.06,0.0,40.78,2.6145475191567105,3.6130600255764134
2013-12-12,25.9,10.86,16.55,0.0,41.44,2.6019454027890005,4.455604114141539
2013-12-13,26.91,8.35,15.8,0.0,40.96,2.893630850302075,4.467410340323041
2013-12-14,26.68,7.85,16.27,0.0,31.55,2.967624258828633,3.177760756617787
2013-12-15,23.32,7.21,13.84,0.0,51.08,2.121964496165991,3.008576282501091
2013-12-16,22.89,7.36,14.15,0.0,52.97,2.0211201934379597,1.9864499538243177
2013-12-17,21.88,10.28,14.12,0.0,51.03,1.841790258805137,2.0398863381793215
2013-12-18,23.24,9.4,14.23,0.0,43.47,2.194717401707765,2.1420042349142028
2013-12-19,22.35,9.48,13.92,0.0,41.1,2.072962755123946,2.206814627140638
2013-12-20,21.38,6.11,12.92,0.0,36.34,2.0359302880747867,2.627499614897066
2013-12-21,21.08,9.74,14.21,0.29,37.04,1.9129020456942474,1.5477457786228555
2013-12-22,20.12,9.16,13.33,1.14,49.6,1.6212804637067362,1.717944352282484
2013-12-23,20.46,7.04,11.99,0.0,41.39,1.8664619863554481,3.0976639177144984
2013-12-24,20.72,4.65,10.98,0.0,34.42,2.018876225875458,2.8186615178414574
2013-12-25,21.76,3.95,11.16,0.0,31.29,2.2206019866748874,3.3989871673122436
2013-12-26,21.55,2.5,10.95,0.0,26.78,2.2527243415469136,2.9310715923947996
2013-12-27,20.22,5.71,10.99,0.0,23.8,2.066433535779726,2.3867979731663693
2013-12-28,19.25,4.44,9.9,0.0,27.77,1.9062903155470237,2.5780815430480706
2013-12-29,19.01,2.98,9.12,0.0,27.61,1.9005799494179292,2.678477726275316
2013-12-30,20.04,4.22,10.79,1.74,34.76,1.958883019523794,2.7036535676403415
2013-12-31,18.2,5.99,11.34,0.04,72.17,1.1595004863090004,1.8171405882128728
2014-01-01,18.23,4.32,9.75,0.0,53.56,1.5250241974501089,2.5592822417918524
2014-01-02,20.26,1.57,9.27,0.0,34.64,1.9942251547899947,2.9207587012618674
2014-01-03,21.58,2.25,10.46,0.0,24.1,2.2915149644253496,2.9312215085848043
2014-01-04,22.31,6.85,13.1,0.0,21.52,2.375501269017563,2.189923991466651
2014-01-05,21.81,6.81,11.81,0.0,23.7,2.297155073225541,2.7872955113045705
2014-01-06,20.8,2.44,10.24,0.0,24.96,2.1570162876642462,2.9645342315632095
2014-01-07,20.49,3.87,10.99,0.7,29.54,2.0440307991908737,2.8847312904549627
2014-01-08,21.51,7.41,13.02,0.0,26.75,2.1950352252024983,2.8419552757990356
2014-01-09,20.09,7.1,11.96,0.0,43.16,1.7789882372947063,2.869855359256841
2014-01-10,19.83,4.93,11.06,0.0,44.85,1.7604552243154026,2.513877994180554
2014-01-11,20.58,3.5,10.69,0.08,43.72,1.9073679035925193,2.8993497889066235
2014-01-12,21.9,2.9,11.27,0.0,34.78,2.2063623875976224,2.724623864531147
2014-01-13,21.27,8.5,13.86,0.0,29.75,2.087124940041457,2.4344179186981685
2014-01-14,23.69,8.25,14.89,0.0,34.98,2.376326777548555,2.8096684099260347
2014-01-15,22.62,9.65,14.47,0.0,33.43,2.2157527697402397,2.247329114219449
2014-01-16,20.76,8.65,13.31,0.0,39.56,1.865939737046919,2.3086630921192293
2014-01-17,16.39,9.59,12.38,5.76,48.51,1.1744347717921124,1.416172499145205
2014-01-18,16.96,7.88,11.28,4.27,84.2,0.8184449763980381,1.2430181381419612
2014-01-19,20.99,6.83,12.45,0.53,71.14,1.50068874944817,2.291066406617376
2014-01-20,22.81,5.91,13.08,0.0,48.37,2.1023747931933574,2.3444438658669884
2014-01-21,18.77,8.3,12.81,1.56,74.31,1.0874322628241049,1.8067917186505993
2014-01-22,18.26,11.54,13.86,12.52,91.85,0.6465873585798596,1.1212028985651201
2014-01-23,21.22,9.71,13.86,0.19,78.07,1.3341905066762336,2.0141799397193854
2014-01-24,21.69,6.47,13.14,0.0,68.44,1.6156768625871538,2.213182596969099
2014-01-25,22.41,7.11,13.03,0.0,54.92,1.9486494904749048,2.6717334502623067
2014-01-26,24.52,7.59,13.91,0.0,47.04,2.3876934350524177,3.44782616944401
2014-01-27,24.61,6.14,13.95,0.0,48.02,2.3933181889355186,3.461537608790667
2014-01-28,24.57,6.66,14.44,0.0,46.21,2.3954192558914578,3.3882123238918935
2014-01-29,24.56,11.15,16.43,0.0,41.15,2.3647611210977626,2.440936143890392
2014-01-30,23.54,8.83,14.97,0.0,44.8,2.190283202113875,2.30425593972133
2014-01-31,23.45,8.82,15.54,0.0,40.59,2.205542685584943,2.4075994130946325
2014-02-01,22.93,9.52,16.11,0.0,36.49,2.1567955960312357,1.930998467011423
2014-02-02,24.07,10.48,16.48,0.0,37.37,2.3350139378646593,2.3375700991971686
2014-02-03,24.92,10.89,16.6,0.23,43.31,2.377564557926259,3.1572151383236733
2014-02-04,24.72,9.42,16.17,0.23,48.98,2.271224578729731,2.662220061482577
2014-02-05,23.5,12.57,16.45,0.06,50.25,1.9872660531534425,2.73719978055776
2014-02-06,24.63,11.29,16.78,3.36,53.62,2.1498376943923336,3.4356954028306235
2014-02-07,22.41,9.43,14.69,0.31,63.69,1.7191429508086038,2.6192577291051573
2014-02-08,21.47,4.89,12.08,1.42,45.34,1.978065042725345,2.9639767062319478
2014-02-09,21.66,3.36,11.31,0.0,33.14,2.1729134068636897,3.6641651501084147
2014-02-10,17.91,5.38,11.45,0.0,32.15,1.6381466746026088,2.5165650083608653
2014-02-11,20.93,5.96,12.59,0.0,28.12,2.089657673455551,3.0310297164631037
2014-02-12,22.28,3.55,11.83,0.0,36.78,2.2219680986017782,3.698947777256395
2014-02-13,24.19,5.83,14.26,0.07,33.74,2.524454595998838,3.0425965793815166
2014-02-14,15.05,7.8,11.13,6.24,85.72,0.5866056861537963,1.2461922922401008
2014-02-15,19.73,7.26,12.34,2.91,64.56,1.464213250701338,2.019267231918405
2014-02-16,21.26,6.31,12.71,0.0,49.63,1.855938178848982,3.095612198926289
2014-02-17,22.33,5.0,12.54,0.0,41.21,2.1583434131330383,3.9783274824173174
2014-02-18,24.22,4.13,13.95,0.0,32.17,2.5627473004250376,3.793304083416388
2014-02-19,25.26,6.39,16.45,0.0,27.81,2.7405462437119734,3.463975067452504
2014-02-20,25.78,8.72,17.36,0.0,28.61,2.7948399856154693,2.7696567447537546
2014-02-21,26.4,8.65,17.22,0.11,34.02,2.8233480906292208,3.541953151566853
2014-02-22,23.64,9.97,15.91,0.8,54.11,2.000998204907467,2.588850754651899
2014-02-23,23.66,7.67,14.79,0.29,46.9,2.196427552264309,3.2220045139670317
2014-02-24,25.05,7.89,15.91,0.0,38.08,2.5433782970580956,3.4757830394320974
2014-02-25,25.02,8.26,16.35,0.0,32.54,2.6108464709882755,3.568582963347312
2014-02-26,26.04,11.46,17.51,0.0,27.93,2.847426716117356,3.3176348993361993
2014-02-27,26.74,8.81,17.15,0.69,39.19,2.823649198628411,3.201954502782293
2014-02-28,25.04,12.06,17.62,2.34,58.81,2.0586866424005525,2.2618894184652936
2014-03-01,20.91,11.8,15.59,1.12,63.63,1.3850807796798714,2.830694196611049
2014-03-02,22.4,9.69,15.98,0.0,53.53,1.7906723287127027,3.110139249036045
2014-03-03,25.89,10.54,17.53,0.02,41.94,2.5748576483991865,3.666898619621392
2014-03-04,26.16,10.7,17.86,0.0,40.39,2.6312848264971103,3.909386016437751
2014-03-05,25.88,11.81,17.76,0.32,44.14,2.4816622398958947,4.1249720884618375
2014-03-06,25.9,10.74,17.22,0.54,43.7,2.5620705542585207,4.122566384105582
2014-03-07,27.75,8.96,17.85,0.0,35.66,3.0713843512214796,4.742075361443381
2014-03-08,28.12,10.96,18.95,0.0,39.21,3.007360076902092,4.630182683834118
2014-03-09,25.93,13.09,18.96,0.0,42.93,2.446834714375308,3.5459374091511684
2014-03-10,29.24,12.45,20.65,0.69,46.77,3.027623154782648,6.108640551810503
2014-03-11,27.01,13.05,19.58,5.57,59.84,2.2883638453140547,4.985095202922409
2014-03-12,27.36,10.94,17.97,0.36,56.09,2.6733599853963126,4.330815005387733
2014-03-13,28.79,12.48,18.93,0.0,38.19,3.212365696691882,5.0744574160629
2014-03-14,30.7,10.14,20.06,0.0,33.2,3.735642039489184,5.0241688532856426
2014-03-15,30.11,15.55,22.02,0.0,29.56,3.5396573891177474,4.26031661595557
2014-03-16,34.51,14.01,23.74,0.0,38.65,4.496837470959059,5.699078415204814
2014-03-17,32.24,17.73,23.5,6.89,41.07,3.7556087754825143,4.225653856331762
2014-03-18,30.77,15.71,22.29,0.18,46.33,3.3227398935779595,5.063084544724659
2014-03-19,30.03,13.16,20.87,0.0,39.96,3.3943654061979296,6.173771602781829
2014-03-20,31.28,11.84,22.38,0.0,29.77,3.8700967541186753,5.210327493947098
2014-03-21,33.34,16.78,23.81,0.25,28.81,4.356105371814024,4.716804612642164
2014-03-22,33.39,15.66,23.69,0.01,33.45,4.259134663415988,5.264894520742176
2014-03-23,27.73,16.92,21.14,0.99,45.67,2.617066579220999,3.6711351649574357
2014-03-24,27.17,15.47,20.25,8.99,67.53,2.070643153034375,2.9208093367121677
2014-03-25,32.32,14.82,23.58,0.01,50.86,3.5426156791414583,4.580586915948347
2014-03-26,31.21,16.98,23.54,0.99,45.75,3.313674788842405,4.91967028127567
2014-03-27,31.93,16.97,23.68,0.06,36.7,3.7430492477212853,4.254787153969092
2014-03-28,33.08,16.94,23.99,1.45,35.4,4.089448507319886,4.884389673017705
2014-03-29,32.58,17.14,23.92,0.67,41.51,3.7832712044661267,6.055401780606283
2014-03-30,32.94,15.52,23.52,0.0,35.14,4.117521526463516,7.290444727419182
2014-03-31,34.04,13.92,23.4,0.0,31.04,4.560893350086825,7.029603853116398
2014-04-01,34.76,14.51,25.18,0.0,26.13,4.817751255441103,6.451888219046683
2014-04-02,34.24,19.38,26.23,0.86,30.1,4.45434951490679,5.588202228687195
2014-04-03,32.39,15.66,23.58,0.0,42.43,3.766429420417678,6.546779505272686
2014-04-04,34.63,17.68,25.39,0.0,34.89,4.468380696816178,6.934439721747834
2014-04-05,35.94,17.06,26.48,0.0,39.02,4.685252190630688,6.830345570203792
2014-04-06,37.7,19.26,28.09,0.18,37.87,5.2609822514996365,5.644207508531369
2014-04-07,32.55,17.2,24.34,1.94,46.06,3.624641542977925,5.9652979194309985
2014-04-08,33.22,14.69,23.81,0.81,37.8,4.12457694668038,6.821052152234432
2014-04-09,34.15,15.17,24.28,0.0,29.89,4.600685887668259,7.243787062113038
2014-04-10,35.23,16.39,25.13,0.0,25.39,4.981810603474791,7.0536162556366
2014-04-11,37.2,15.75,26.29,0.0,22.18,5.674359186314888,7.504175404564057
2014-04-12,35.88,17.58,26.55,0.01,25.88,5.129583154482344,5.877917519285242
2014-04-13,33.66,18.95,25.58,0.46,31.38,4.263356077919992,6.925277833081771
2014-04-14,36.28,17.96,26.91,0.0,30.13,5.103578730469046,5.953662207693446
2014-04-15,36.39,18.2,27.63,0.66,26.85,5.161043922068771,6.414157969598133
2014-04-16,36.25,23.15,28.66,0.0,27.53,5.003787297705147,6.002301048658889
2014-04-17,34.89,20.24,27.56,5.73,35.24,4.389934694061241,5.129095245211121
2014-04-18,29.65,19.18,24.32,11.26,50.36,2.7015100921332005,5.7361943498561105
2014-04-19,31.19,17.24,24.0,3.36,52.88,3.087169350489584,5.741770430078228
2014-04-20,33.97,16.73,25.19,0.01,38.9,4.218467448272975,6.373176897072786
2014-04-21,35.48,17.3,26.35,0.0,35.37,4.665229208198379,7.002242227375807
2014-04-22,35.89,19.39,27.68,0.0,37.04,4.643967656855846,6.427939962850246
2014-04-23,36.57,21.06,28.36,0.0,37.44,4.791987124465356,7.716845944417587
2014-04-24,38.32,20.39,29.37,0.0,31.64,5.579720610503399,8.038281060840294
2014-04-25,38.55,21.14,29.66,4.66,38.92,5.3518450558595045,7.332388636190991
2014-04-26,38.84,21.22,29.97,0.0,31.34,5.776582044773882,8.722796489499798
2014-04-27,38.97,20.98,29.86,0.0,29.23,5.895702432226973,8.401144101922831
2014-04-28,40.92,20.65,30.95,0.0,24.92,6.777033139663374,9.433015566180382
2014-04-29,42.46,22.91,32.38,0.0,22.25,7.467294470516161,8.571035685546418
2014-04-30,43.34,25.49,33.98,0.0,19.37,7.860811546302172,7.447585059442771
2014-05-01,44.3,24.53,34.41,0.0,21.21,8.2451112807991,8.957948974397153
2014-05-02,44.42,25.34,34.79,0.0,19.98,8.314178397155652,8.131275519257965
2014-05-03,42.45,26.25,34.58,0.0,19.66,7.402506867752775,6.427062896875356
2014-05-04,42.14,26.61,34.06,0.48,23.69,7.091067828895027,6.75152176390107
2014-05-05,40.89,26.15,33.71,0.13,25.61,6.501459298081656,6.531732778197199
2014-05-06,39.26,26.96,33.28,0.05,28.99,5.698138278242128,5.861214928180416
2014-05-07,39.84,26.02,33.2,0.12,28.72,5.921446851409855,6.552241966935933
2014-05-08,41.44,26.68,33.91,0.74,25.54,6.735292713924453,8.609356120122765
2014-05-09,40.56,24.96,32.77,0.01,23.46,6.556849501734576,8.81773208136411
2014-05-10,41.39,24.95,33.35,0.06,23.44,6.829211812518691,7.949924149946918
2014-05-11,38.12,26.48,32.14,0.94,27.52,5.408281042091402,6.074565569554934
2014-05-12,36.55,25.3,30.8,4.24,31.31,4.83330015533545,5.977468354045467
2014-05-13,31.94,22.42,26.97,12.06,53.7,2.8757857385906327,6.510137919181711
2014-05-14,34.52,20.83,27.74,0.0,45.28,3.9003164464712716,7.000900286178823
2014-05-15,36.84,21.68,29.3,2.29,37.88,4.798232987817213,8.493519747550208
2014-05-16,36.94,22.61,29.99,1.52,41.47,4.595632524154912,8.854683444387407
2014-05-17,36.48,23.17,29.77,4.47,43.84,4.397202234633408,7.730593937552311
2014-05-18,37.95,21.83,30.11,1.15,41.98,4.960977405583915,8.237193784572066
2014-05-19,38.47,23.24,30.98,0.0,35.41,5.354047782746097,8.244271468558154
2014-05-20,38.63,23.92,31.32,0.02,35.74,5.321381350880239,8.545448620172195
2014-05-21,39.3,24.36,32.01,0.0,30.97,5.766617009952341,9.576203335745957
2014-05-22,42.0,24.4,33.86,0.0,25.7,6.998691593969388,9.382746849043567
2014-05-23,42.8,27.91,35.05,0.31,23.65,7.313642584061858,7.91709639035139
2014-05-24,41.29,26.29,33.63,0.15,22.11,6.846972687832874,8.411025463501636
2014-05-25,42.26,24.6,33.68,0.03,16.57,7.541383398007916,7.500143745781442
2014-05-26,40.82,27.8,34.37,0.1,21.9,6.5660822744175515,7.128825836283688
2014-05-27,41.78,27.33,34.82,0.0,21.54,6.973557390944041,7.486453002777285
2014-05-28,43.93,28.14,36.41,0.0,19.29,7.962967358018513,8.98665101354307
2014-05-29,46.16,29.27,38.04,0.0,15.88,9.214299323367495,8.521676799982696
2014-05-30,45.06,29.23,37.44,0.09,16.83,8.5873002134374,8.84792285433857
2014-05-31,45.91,27.52,37.41,0.0,16.73,9.059322473820774,9.196335405619417
2014-06-01,43.85,30.95,37.13,1.71,24.38,7.525397885931271,8.539359558369462
2014-06-02,43.45,28.11,36.13,0.0,19.47,7.770940247830801,8.891317493340175
2014-06-03,44.72,28.2,36.81,0.0,17.86,8.412119842887781,10.860364881361509
2014-06-04,45.7,29.0,37.82,0.0,17.29,8.877463355445975,9.423006448297881
2014-06-05,47.41,29.6,39.07,0.0,15.39,9.828042618167661,10.761658479974157
2014-06-06,47.47,31.64,39.97,0.0,14.01,9.889621863459798,12.950735118649865
2014-06-07,47.75,30.22,39.54,0.0,13.43,10.103372210032724,11.80227520773576
2014-06-08,48.06,30.25,39.89,0.0,11.97,10.373528346756839,10.541279025181847
2014-06-09,48.0,30.32,39.67,0.0,10.37,10.451590431283549,11.386721216499422
2014-06-10,47.79,30.05,39.23,0.0,9.5,10.416047841257175,11.349917082659694
2014-06-11,46.96,28.7,38.55,0.0,13.22,9.769417483087949,12.827081227661749
2014-06-12,45.37,28.81,38.19,0.89,23.56,8.29189251732592,11.406694946116463
2014-06-13,43.48,31.88,37.97,1.04,26.21,7.1725609570648645,12.689902819695515
2014-06-14,44.41,31.39,38.39,0.04,28.13,7.443280650487881,12.515322786773229
2014-06-15,45.26,32.52,39.32,0.01,26.73,7.855558367522031,11.317478327427699
2014-06-16,45.92,33.34,39.91,0.0,25.11,8.271701262405012,11.020634650401918
2014-06-17,46.92,34.22,40.97,0.04,23.36,8.807684439751291,12.691599364655156
2014-06-18,45.85,34.72,40.4,0.01,24.84,8.168843897279954,8.957875336788794
2014-06-19,46.07,34.27,40.41,0.0,21.07,8.602959796957027,11.309401594228643
2014-06-20,46.37,34.15,40.6,0.0,21.2,8.713741742034609,12.654660123902687
2014-06-21,46.46,34.18,40.21,0.02,21.97,8.74561048105088,10.419103342637095
2014-06-22,43.11,33.43,37.73,2.15,27.3,6.940637673738371,7.08001137547514
2014-06-23,42.12,31.17,36.76,0.03,27.37,6.622899641219954,6.937881474450959
2014-06-24,42.29,30.08,36.56,0.85,33.65,6.397987432893347,9.227250279628365
2014-06-25,42.12,30.47,35.82,7.02,41.29,5.995149570080718,7.645800128336831
2014-06-26,41.15,29.95,35.51,0.65,40.02,5.646535114406138,6.363967632512567
2014-06-27,42.54,29.76,36.26,0.0,34.54,6.468265762900613,8.046374907951572
2014-06-28,42.71,31.93,36.77,5.29,39.01,6.194523286960868,8.269286314626093
2014-06-29,35.94,28.56,32.02,4.12,56.07,3.295211399699401,5.140490058117894
2014-06-30,41.32,29.19,35.42,4.35,46.44,5.394359494337886,5.291979483199684
2014-07-01,40.46,29.96,35.23,1.2,44.82,5.137783103011641,5.120829041589992
2014-07-02,40.29,30.82,35.2,2.02,41.99,5.193740445729206,5.602179247149964
2014-07-03,38.89,29.68,34.35,0.27,43.26,4.6692840953311485,6.479189638959308
2014-07-04,41.49,29.39,35.43,0.14,37.78,5.9074137406045875,8.03956142552414
2014-07-05,41.7,30.12,35.99,0.0,36.4,6.002726548674264,7.816521242605311
2014-07-06,41.88,30.48,36.28,0.0,34.17,6.156241457501384,7.990035721393497
2014-07-07,42.66,29.87,36.43,0.0,31.58,6.649405860611521,8.50063889426022
2014-07-08,43.44,30.27,37.09,0.0,28.69,7.120170819512572,9.148336451882887
2014-07-09,44.8,30.95,37.86,0.03,27.08,7.776820884956252,9.498621451919735
2014-07-10,44.77,30.65,38.06,0.0,24.59,7.900953916162489,9.822047162356075
2014-07-11,45.57,30.97,38.38,0.0,21.35,8.480934061469556,10.060994186430777
2014-07-12,45.03,31.58,38.36,0.04,23.34,8.070854500425682,8.311106946332925
2014-07-13,45.39,31.68,38.86,0.24,23.47,8.214694578808128,7.513852922252809
2014-07-14,44.35,32.02,38.25,0.1,25.23,7.645188735717374,7.906683341201491
2014-07-15,44.89,31.51,38.62,0.03,24.91,7.898415849588844,7.788665471634441
2014-07-16,38.96,31.79,35.39,12.12,45.18,4.437049366934287,6.485307469770816
2014-07-17,33.76,29.22,31.54,11.9,64.11,2.2896549572873655,4.105862350171065
2014-07-18,38.0,28.04,32.98,5.75,57.19,3.8356466953407584,5.334188076320422
2014-07-19,39.39,28.37,33.74,4.48,51.97,4.563750731050828,6.684975437137338
2014-07-20,40.33,28.37,34.12,0.41,45.45,5.223900190327223,6.937723571933502
2014-07-21,41.22,29.49,35.04,0.0,36.51,5.913884371146082,6.260173664835999
2014-07-22,42.45,29.85,36.18,0.0,35.55,6.383397396784078,5.746190855345495
2014-07-23,40.31,29.59,34.37,0.58,45.17,5.129493074928559,7.7857183227753035
2014-07-24,37.47,28.28,33.01,3.35,54.31,3.7657895183978387,5.101388152450582
2014-07-25,39.02,29.17,33.66,0.03,47.08,4.605125267889431,6.138835134209615
2014-07-26,39.32,28.95,34.15,0.0,45.52,4.730407136755582,6.029026053065971
2014-07-27,37.96,29.63,33.45,7.02,53.14,3.9194147439005462,5.8756494863032085
2014-07-28,34.29,28.32,31.13,6.91,67.62,2.37858080789684,4.292822197167937
2014-07-29,35.77,27.57,31.46,4.12,64.41,2.9830937738069085,4.112909817257127
2014-07-30,37.66,28.97,33.21,0.0,52.0,3.91745882027375,5.770477300634095
2014-07-31,37.99,29.12,33.46,10.2,53.38,3.9317848480431583,5.509554320339273
2014-08-01,39.9,28.39,34.11,1.62,50.39,4.746762416746977,5.721582792310602
2014-08-02,39.92,29.18,34.23,4.3,51.16,4.676023854044007,6.0950925398848534
2014-08-03,39.4,29.32,34.27,4.33,50.3,4.50228739087704,6.78730042497154
2014-08-04,40.67,29.26,34.88,0.75,48.2,5.051866614330569,7.736063878289919
2014-08-05,40.02,29.79,34.74,0.16,46.49,4.8949455168006395,5.98230474638952
2014-08-06,40.19,28.58,34.19,2.33,47.94,4.986444850136651,6.730016207792644
2014-08-07,37.99,27.22,32.68,6.06,58.32,3.833753432591952,5.569979158514798
2014-08-08,39.1,28.6,33.54,3.25,53.69,4.333146975282698,5.571993107188721
2014-08-09,39.04,28.41,33.71,1.34,53.87,4.292471094799657,5.600493797966435
2014-08-10,40.43,29.85,35.13,0.25,45.33,5.071514280656524,6.30157652845884
2014-08-11,41.01,29.14,35.45,0.02,41.56,5.479652088409736,6.086850103531028
2014-08-12,41.28,30.08,35.41,0.0,42.01,5.552671338432647,7.198752988543861
2014-08-13,40.71,30.82,35.59,0.01,38.15,5.487831450108825,9.211003612863374
2014-08-14,41.58,30.52,35.81,0.08,38.33,5.818253674622957,9.13626549593796
2014-08-15,40.52,30.02,35.02,0.29,40.94,5.340837549551976,7.673936914009977
2014-08-16,37.99,29.02,33.37,1.79,44.93,4.362734802734517,5.979770620962539
2014-08-17,38.27,27.32,32.72,0.0,44.21,4.606941291823041,6.371205732691249
2014-08-18,40.19,26.41,32.96,0.0,40.5,5.543385773086257,7.329966468497024
2014-08-19,40.49,26.36,33.26,0.01,35.59,5.887988200221377,7.066290948251429
2014-08-20,42.38,26.98,34.53,0.0,31.92,6.7277151712769445,7.7867667876923035
2014-08-21,42.0,26.66,34.28,0.0,28.93,6.727433647805251,8.409487586200214
2014-08-22,42.09,26.57,34.21,0.0,28.06,6.809130221066834,8.02175471032012
2014-08-23,41.43,26.88,34.06,0.01,31.05,6.381690559940382,7.437687894258303
2014-08-24,41.64,27.0,34.08,0.0,29.78,6.555202024913026,7.942185182680233
2014-08-25,41.85,26.83,34.49,0.0,32.24,6.460799113184125,6.800351381785405
2014-08-26,41.69,28.1,34.9,0.23,33.04,6.294016741102183,7.680463709637478
2014-08-27,41.63,28.25,35.02,0.08,32.06,6.304584597937831,7.818094064883817
2014-08-28,40.0,28.28,34.05,0.13,35.37,5.56196731736042,5.7376820585164525
2014-08-29,39.83,27.18,33.67,0.08,35.52,5.51845043021793,5.221588036187078
2014-08-30,40.32,28.31,34.25,2.37,34.03,5.7254375029016,6.018973995589052
2014-08-31,40.41,26.79,33.73,1.8,38.72,5.629856268811922,6.173131333767515
2014-09-01,33.24,26.16,29.95,12.36,60.76,2.5728071812901567,3.4815998692060353
2014-09-02,35.47,26.15,30.2,2.44,58.18,3.3333603133464025,4.5250887091837315
2014-09-03,30.62,25.54,28.09,24.62,78.06,1.4497969553521313,3.9085217091373576
2014-09-04,30.38,25.51,27.63,71.57,85.43,1.1968434502388035,3.1221289362296196
2014-09-05,30.63,24.78,27.2,77.45,89.3,1.1931077378739685,1.8663060939729896
2014-09-06,31.41,23.79,27.32,12.8,82.33,1.6449211830382597,4.104996861606642
2014-09-07,31.52,23.63,27.26,0.0,78.53,1.8178770836610214,4.717152730103937
2014-09-08,32.64,24.05,28.34,0.2,75.46,2.058264337707566,3.960494444175034
2014-09-09,31.92,23.64,27.77,0.0,75.83,1.9408327890845825,4.169972348372949
2014-09-10,32.25,23.75,27.96,0.03,73.2,2.0951178446801664,4.103230067076072
2014-09-11,32.45,24.22,28.38,0.35,72.1,2.1265182258997832,4.286553701270852
2014-09-12,31.58,22.58,27.31,7.02,76.43,1.8925731170155675,3.3508674540175747
2014-09-13,32.14,23.38,27.81,0.75,76.05,1.9864802411613516,4.5569373072445964
2014-09-14,31.33,23.96,27.51,17.59,75.62,1.8238397634008958,3.6936547513173417
2014-09-15,31.65,22.75,26.95,2.58,78.95,1.890947648781907,4.576937949270713
2014-09-16,32.18,22.53,27.2,0.0,75.0,2.1497375486336185,4.5669591260216125
2014-09-17,32.65,21.84,27.34,0.0,69.28,2.4695650529718005,4.576386169310979
2014-09-18,33.15,22.07,27.53,0.0,65.92,2.72419231675872,4.737830370316576
2014-09-19,32.82,21.76,27.23,0.0,66.23,2.6427487711802042,4.460601685775917
2014-09-20,34.47,21.34,27.83,0.0,59.64,3.336933635066256,4.585242898552401
2014-09-21,33.14,19.28,26.41,0.01,59.69,3.0798739896638443,4.819479887747672
2014-09-22,33.47,20.03,27.21,0.0,60.11,3.0531108272769245,4.896855027897295
2014-09-23,33.51,20.09,27.07,0.0,59.07,3.1325267963655343,4.942045049376168
2014-09-24,33.49,19.24,26.64,0.0,57.49,3.238463222656973,4.8646683522331156
2014-09-25,33.34,19.94,26.77,0.0,56.85,3.1940533749083824,4.77743068130316
2014-09-26,33.87,21.73,27.54,0.0,58.58,3.1829052374583098,4.756226473829393
2014-09-27,33.76,21.76,27.6,0.02,59.21,3.136091754218222,4.6663041329993655
2014-09-28,34.3,21.37,27.62,0.0,57.25,3.3731471081843267,5.008689686660578
2014-09-29,34.36,20.52,27.4,0.0,54.97,3.5159349499210593,4.788090034540058
2014-09-30,35.01,21.2,28.14,0.0,52.01,3.729419687723805,4.609291163495111
2014-10-01,34.26,21.36,27.92,0.12,54.67,3.421872943808446,4.0791010318802705
2014-10-02,34.94,23.38,28.9,0.01,54.42,3.515285817913623,4.1799385020497795
2014-10-03,35.04,23.25,29.37,0.0,51.1,3.6401812311608506,4.199594428371506
2014-10-04,35.53,22.91,29.21,0.0,49.54,3.8591219762141407,3.9887209288643213
2014-10-05,35.53,22.34,28.41,0.0,56.97,3.7046506247848687,3.8608303998790334
2014-10-06,34.91,23.3,28.3,0.0,59.36,3.423291040302268,3.7296013211619212
2014-10-07,33.39,23.95,28.33,0.53,62.38,2.8058484117338214,3.3407725148301854
2014-10-08,33.18,21.38,26.37,2.96,59.19,3.1409710786758964,4.002974276750425
2014-10-09,33.11,19.52,25.36,0.0,60.07,3.2371656267140088,4.746090679859576
2014-10-10,33.95,18.45,25.37,0.0,53.98,3.6755305674157226,4.888405740801116
2014-10-11,33.43,20.13,25.64,0.0,51.16,3.562424957036239,4.700322375837702
2014-10-12,33.85,19.39,25.64,0.0,48.53,3.7967071475360608,4.414531050817169
2014-10-13,34.15,19.16,25.28,0.0,45.15,4.029158385312465,4.647397422840089
2014-10-14,28.8,15.91,21.66,2.88,59.68,2.4822927752002286,3.6517487169789287
2014-10-15,29.06,15.95,21.64,0.34,58.69,2.5833803048516293,3.709195630837864
2014-10-16,29.29,15.51,21.82,0.0,54.99,2.720799441995473,3.810510875223624
2014-10-17,29.89,16.81,22.57,0.0,52.86,2.8321936036870614,3.7333903596924305
2014-10-18,30.3,15.67,22.27,0.0,51.6,3.01087561869525,4.179405468080645
2014-10-19,30.3,15.85,22.41,0.0,47.72,3.1017666597263247,4.2698116414432725
2014-10-20,31.56,15.99,22.82,0.0,46.29,3.437557864831197,4.397429010821115
2014-10-21,32.27,17.54,24.19,0.0,45.6,3.5220537195761112,4.111242260808707
2014-10-22,32.8,19.95,24.74,0.0,46.09,3.6107046696423972,3.892251448288015
2014-10-23,32.28,19.24,24.75,0.0,47.35,3.4177572155640137,3.444759104864229
2014-10-24,32.01,19.77,24.61,0.0,49.65,3.284010593637251,3.3631845645663296
2014-10-25,31.37,18.12,23.9,0.06,54.21,3.064661671644592,3.5380413349398543
2014-10-26,31.05,19.21,24.18,0.04,50.76,3.034838931595139,3.0334857741110635
2014-10-27,29.67,18.52,23.1,0.0,54.16,2.6831836307744528,2.9211370975481716
2014-10-28,30.63,18.95,23.45,0.17,50.04,3.0100686463843327,2.813032634696891
2014-10-29,31.23,16.61,22.72,0.46,51.56,3.230289105920845,3.6791359527580827
2014-10-30,30.17,15.99,21.81,0.0,48.64,3.084350264922705,3.8185392836237217
2014-10-31,29.7,14.65,20.91,0.0,47.92,3.06750152249883,3.998071194682291
2014-11-01,29.93,13.26,20.51,0.0,44.84,3.2152218199000933,4.309676349817163
2014-11-02,30.56,13.44,21.14,0.0,44.56,3.3380936329649784,4.183572618032176
2014-11-03,30.19,15.51,21.72,0.0,48.48,3.0836042707033005,3.8027927274838325
2014-11-04,28.69,14.73,20.81,0.0,55.47,2.637383944906932,3.614038281149655
2014-11-05,29.71,15.03,21.2,0.0,55.13,2.8663768043282225,4.173218319315447
2014-11-06,29.64,13.52,21.55,0.0,51.58,2.915042877818399,3.601224740695647
2014-11-07,30.4,18.76,23.65,3.76,49.35,2.9397513401647806,2.788650833617502
2014-11-08,30.2,18.38,23.28,0.93,51.68,2.8633126151487636,3.071752771301758
2014-11-09,28.52,14.15,19.55,0.0,40.08,3.039291005719002,4.434390912171676
2014-11-10,29.01,11.13,18.28,0.0,39.6,3.2523751986148426,3.7848683324237773
2014-11-11,27.82,12.07,18.19,0.0,35.63,3.0513452068052063,3.7867529453908593
2014-11-12,27.6,12.25,17.83,0.0,37.48,2.9779987021897796,3.5690177073820943
2014-11-13,27.58,9.12,16.93,0.0,38.66,3.01353256615009,3.861751770896169
2014-11-14,27.02,8.83,16.54,0.0,38.11,2.9175407490188348,3.9365429773076777
2014-11-15,27.89,9.7,17.16,0.0,39.92,3.036908150000686,4.08470039059007
2014-11-16,27.96,11.42,17.74,0.0,36.28,3.096682799548234,3.8785586249984
2014-11-17,27.98,11.89,17.77,0.0,36.93,3.088357222857853,3.8335707922902182
2014-11-18,27.12,11.03,17.47,0.0,36.21,2.9247489135294504,3.370054688779002
2014-11-19,26.73,12.6,17.39,0.0,37.76,2.8026006508369266,3.2624311980404057
2014-11-20,26.73,10.15,16.76,0.0,41.09,2.7821177285970577,3.456200361915715
2014-11-21,27.09,11.92,17.24,0.0,38.9,2.8755315367101733,3.4004381379951854
2014-11-22,25.85,11.77,16.51,0.0,38.65,2.647037693489369,3.101251316087564
2014-11-23,26.22,10.7,16.18,0.0,39.86,2.7290076610548293,3.523831112002868
2014-11-24,26.31,7.83,15.65,0.0,39.94,2.7701341272646243,3.4102919748124876
2014-11-25,26.16,9.75,16.11,0.0,39.18,2.7295120997025246,3.4444777823441806
2014-11-26,26.16,8.71,16.62,0.0,38.16,2.729033463945598,3.461000879958456
2014-11-27,26.96,13.15,19.24,0.0,29.76,2.927714306870526,2.5905136837685045
2014-11-28,28.35,12.58,19.14,0.0,35.12,3.1200767147589943,2.6828191134318757
2014-11-29,28.65,14.06,19.53,0.0,43.47,2.982460443059617,2.941447537254019
2014-11-30,27.99,11.68,17.93,0.0,43.43,2.9644689306165923,3.5767286543239107
2014-12-01,27.31,9.84,17.03,0.0,41.79,2.8804282306835995,4.077179700859659
2014-12-02,27.71,9.23,16.78,0.0,44.89,2.9364703209146334,3.915320013200923
2014-12-03,27.64,10.41,17.29,0.0,42.59,2.9152258158817697,3.931640267751188
2014-12-04,26.99,10.64,17.71,0.0,39.53,2.811912042801941,3.291269346456623
2014-12-05,26.64,12.89,17.64,0.0,39.13,2.735110657950057,2.7089078426950586
2014-12-06,27.12,9.0,16.2,0.0,41.61,2.8848760770406123,3.776353291409518
2014-12-07,26.74,9.29,16.01,0.0,38.57,2.869619017730191,3.6977880865271215
2014-12-08,26.24,10.39,16.78,0.0,33.75,2.809649498066181,2.976343551987893
2014-12-09,25.6,9.79,15.43,0.0,31.04,2.783559098007879,3.307244891485388
2014-12-10,23.98,6.76,13.18,0.0,29.35,2.572406411904604,3.504112395021522
2014-12-11,22.89,4.69,12.57,0.0,33.24,2.3520338098425237,3.0687025122178344
2014-12-12,23.03,6.86,13.35,0.14,30.02,2.391760985451458,2.8861642524309072
2014-12-13,17.68,8.57,11.84,4.6,53.57,1.3435040251432615,2.1003622589041613
2014-12-14,19.39,9.54,13.56,2.4,76.18,1.1087875845597608,1.3321359719827488
2014-12-15,18.72,8.92,12.9,1.36,68.76,1.163616832203394,1.631389246700531
2014-12-16,19.22,5.47,10.98,0.0,47.92,1.6383757539471901,2.5283203588732808
2014-12-17,18.84,3.42,10.19,0.0,40.78,1.693551077493716,2.4371448479027253
2014-12-18,18.96,4.21,10.35,0.0,40.43,1.7041138707457903,1.9237469183167675
2014-12-19,17.78,5.81,9.91,0.0,42.44,1.5315437685397932,2.0299333743989925
2014-12-20,20.12,2.6,9.71,0.0,42.02,1.8808656020391543,2.5254587971086715
2014-12-21,20.65,4.11,11.66,0.0,36.39,1.9735841641182046,2.1028673670664615
2014-12-22,18.67,6.33,11.47,0.0,32.66,1.7226679821891944,1.8005249832363546
2014-12-23,20.47,3.7,11.36,0.0,37.09,1.93340800319642,1.993835794005809
2014-12-24,20.01,6.43,11.45,0.0,40.5,1.811928606334709,2.103515664296175
2014-12-25,20.35,4.18,10.87,0.0,43.18,1.856918229070531,2.598688940396261
2014-12-26,22.18,4.31,11.33,0.0,39.52,2.1701350272648225,3.5787726237304955
2014-12-27,22.26,3.43,11.98,0.0,36.11,2.2328866626865906,2.430000149155947
2014-12-28,19.98,6.57,11.62,0.0,29.18,1.9498979399961285,2.1325471064500747
2014-12-29,19.32,6.01,10.81,0.0,31.0,1.8534871718306158,2.206484683052735
2014-12-30,18.98,4.79,10.32,0.0,34.57,1.7788831092196693,1.9701970997948646
2014-12-31,19.22,5.22,11.47,0.0,34.72,1.7738161975612416,2.1172485145182973
2015-01-01,22.84,6.9,12.77,0.0,38.77,2.2363207699165235,2.8236506737600906
2015-01-02,23.7,8.36,14.52,0.88,44.39,2.252262761925872,2.091274269583145
2015-01-03,20.17,7.33,12.88,2.86,66.05,1.4541057429551096,1.5999951786081783
2015-01-04,20.28,6.74,11.91,0.0,49.13,1.7276044933685406,2.378751327027805
2015-01-05,20.49,4.45,11.06,0.0,44.98,1.8482100242270845,2.9445384440434688
2015-01-06,21.43,5.74,12.4,0.0,47.61,1.9005291756847469,2.6194328251153123
2015-01-07,21.77,5.07,12.09,0.0,49.62,1.9527491383628104,2.5345721301652167
2015-01-08,22.21,4.82,12.46,0.0,40.92,2.133929226823298,2.521757251455531
2015-01-09,20.72,6.98,11.86,0.0,35.22,1.9757234872396376,2.310680050988776
2015-01-10,21.18,3.09,10.44,0.0,36.85,2.0850699998657367,2.90008214790151
2015-01-11,23.0,3.69,11.59,0.0,30.83,2.425718238044903,3.3376321986928446
2015-01-12,24.13,7.06,14.03,0.0,27.41,2.59308847809143,2.5894523440527606
2015-01-13,22.45,4.37,12.31,0.4,39.62,2.184423517316289,3.0234196229148163
2015-01-14,17.41,7.48,11.02,7.26,69.19,1.105320751199683,1.8193582979954042
2015-01-15,19.41,6.21,11.5,0.01,74.36,1.2855877442652872,1.8260238437128746
2015-01-16,21.77,5.22,12.24,0.0,62.24,1.7898157537615726,2.4793561192425537
2015-01-17,22.18,5.63,12.1,0.0,48.73,2.031380658366655,2.899295195116132
2015-01-18,22.39,5.51,12.61,0.0,43.09,2.11592102573269,3.050669640530986
2015-01-19,22.26,8.44,14.3,0.0,39.22,2.0726494936083175,2.424009552436633
2015-01-20,21.28,6.5,12.4,0.0,43.1,1.9420339651237204,2.1631932013552873
2015-01-21,16.85,7.07,10.86,3.48,57.11,1.1958731087494443,1.9608820400299232
2015-01-22,13.55,8.91,10.93,7.13,88.08,0.4036792808149652,1.0360079569150618
2015-01-23,19.84,6.95,12.01,0.06,73.09,1.3439027080701025,1.6384599918474727
2015-01-24,20.35,5.18,12.05,0.0,62.61,1.575018299741692,2.147146201320919
2015-01-25,19.58,5.93,11.86,0.0,52.41,1.5880354498605336,1.9560510753553781
2015-01-26,19.04,7.53,11.92,0.12,46.35,1.5826845612724116,1.894734998330225
2015-01-27,17.83,5.56,10.12,0.04,51.32,1.4325624352196713,2.269211800144039
2015-01-28,18.74,4.04,9.77,0.0,50.85,1.5913268366395625,2.746056338056599
2015-01-29,19.02,4.76,10.45,0.0,42.77,1.697941859833223,2.8279718268427607
2015-01-30,20.91,3.12,10.89,0.0,43.42,1.9574770319046535,3.3974206346919025
2015-01-31,22.7,4.46,12.67,0.0,39.61,2.2255669707776318,3.2209149297175412
2015-02-01,22.64,6.62,14.4,0.0,38.26,2.1573267119388744,2.8691229661718705
2015-02-02,22.43,8.13,14.66,6.97,45.84,1.9936035009134312,2.613456930746174
2015-02-03,21.54,9.55,13.95,7.26,75.81,1.4172019977875863,1.983919191017487
2015-02-04,22.4,6.65,13.13,0.37,67.99,1.7283512144440563,2.8061113821567223
2015-02-05,23.36,4.89,13.09,0.0,51.45,2.1574333242638515,3.2053308809073244
2015-02-06,22.33,8.89,14.48,0.0,43.51,2.0192361475334004,2.5601949119929532
2015-02-07,23.43,9.15,14.99,0.0,43.99,2.179212943860229,2.7256215356595868
2015-02-08,24.15,10.03,15.39,0.0,52.43,2.1434367392891875,3.819084474332224
2015-02-09,24.58,7.09,14.68,0.0,54.08,2.264606593102773,3.3213159265860597
2015-02-10,24.45,7.63,14.7,0.0,41.51,2.4307035028172113,3.3885081312279213
2015-02-11,25.14,9.74,15.24,0.0,40.32,2.5484021563259076,3.5425964890442607
2015-02-12,25.28,7.16,14.61,0.0,37.31,2.656154964385423,3.8440655730114965
2015-02-13,25.86,7.21,16.38,0.0,36.97,2.6966523233541304,3.6581762546728713
2015-02-14,29.51,13.05,19.68,0.0,38.3,3.298158046533682,3.713793013487477
2015-02-15,28.16,13.05,19.42,0.0,39.28,2.9974360587837823,3.500129620368233
2015-02-16,28.34,11.7,18.5,0.71,40.75,3.0686614620556956,4.857455810020422
2015-02-17,27.36,12.35,18.75,3.12,52.36,2.582371560748225,2.96939166572481
2015-02-18,27.49,13.34,18.94,0.0,46.96,2.6931098418789774,3.242342569806066
2015-02-19,27.19,13.15,19.09,0.35,49.72,2.5535120169956174,3.2018867355866156
2015-02-20,27.63,12.89,19.11,6.58,58.54,2.470471126065143,2.968474942225069
2015-02-21,29.2,12.19,19.83,0.06,54.53,2.8987072894400012,4.566018720983589
2015-02-22,30.31,11.59,19.92,0.0,54.39,3.162476581646973,4.757650494961159
2015-02-23,27.4,14.29,21.28,0.0,47.08,2.524868164670591,2.7371033221805643
2015-02-24,29.05,15.75,20.62,0.0,44.21,2.9783575453063236,3.7039391752374256
2015-02-25,24.52,9.01,17.85,6.93,48.5,2.128879810674084,4.229591647221013
2015-02-26,23.99,7.38,14.2,0.0,30.37,2.5515835171558967,3.457254334316037
2015-02-27,23.73,6.16,14.23,0.04,40.19,2.360604286189665,3.5642052134091156
2015-02-28,21.53,8.69,14.68,0.02,43.15,1.8893216865811442,3.459022152972417
2015-03-01,18.47,11.31,15.01,40.56,82.56,0.7305966482166724,1.2055420591413093
2015-03-02,20.06,12.99,16.21,13.88,80.69,0.8831577533252875,2.200878944258626
2015-03-03,21.92,8.89,15.04,1.9,64.62,1.586461526087569,2.7818627729328536
2015-03-04,22.73,8.03,15.28,0.58,61.17,1.7633998138776954,3.384874786974879
2015-03-05,24.55,10.39,16.5,1.48,60.87,2.0132742909574954,2.983382404933217
2015-03-06,25.32,10.52,16.9,0.08,62.67,2.1089849408106165,3.716250611123163
2015-03-07,25.1,9.6,17.22,3.21,63.71,2.0008721241466283,2.4056244373187714
2015-03-08,23.9,9.98,16.53,3.23,68.31,1.7873932552517853,3.550992531530937
2015-03-09,22.26,7.45,13.92,0.04,61.99,1.797232936220106,3.4884585557858374
2015-03-10,25.73,6.87,15.79,0.0,52.45,2.4539491914739546,4.218332578600898
2015-03-11,27.48,8.86,17.59,0.0,44.92,2.843937435839401,4.057504005141628
2015-03-12,26.28,12.07,17.93,0.0,44.14,2.5721943722424383,3.7041185605329363
2015-03-13,29.24,11.32,20.16,0.0,38.67,3.219240701229932,4.22322483615404
2015-03-14,27.22,14.8,20.31,1.61,55.63,2.3188377325915273,3.636933249271155
2015-03-15,24.21,13.89,18.73,10.72,71.04,1.5347084763965788,3.72962451603698
2015-03-16,23.49,14.13,18.46,9.25,73.62,1.374324635741921,3.093708689077874
2015-03-17,25.4,12.61,18.62,0.03,63.05,1.9417624683426633,4.044944363019507
2015-03-18,27.29,10.75,18.42,0.0,60.56,2.433425840317473,4.783663274425871
2015-03-19,29.08,11.46,20.24,0.0,48.46,2.9602010563702486,4.537259432802647
2015-03-20,30.92,13.26,21.84,0.0,43.13,3.4247080150179876,4.916127702211772
2015-03-21,31.65,15.67,22.97,0.0,50.43,3.3277351570998404,4.969094893351816
2015-03-22,32.92,15.58,23.5,0.0,53.0,3.5789493526839316,5.778414888001938
2015-03-23,34.18,15.02,24.27,0.0,51.44,3.9674624133152783,5.934847868137835
2015-03-24,35.31,17.92,26.67,0.0,37.1,4.535509742923097,4.8769202487118
2015-03-25,35.78,17.86,25.99,0.0,42.92,4.573432744893169,5.500631153320072
2015-03-26,34.82,17.63,25.72,0.0,44.93,4.1937417515789726,4.955703063698523
2015-03-27,36.01,18.05,26.05,0.0,38.4,4.805471467993736,6.482260648956697
2015-03-28,36.77,16.88,26.58,0.03,33.29,5.152740689827838,5.826318075448114
2015-03-29,28.08,17.19,22.24,3.52,54.79,2.395933967435024,4.71800400519708
2015-03-30,28.77,16.37,22.06,5.93,68.35,2.2074677181244198,4.343867722138426
2015-03-31,30.43,16.91,24.07,0.02,56.97,2.7314702368910564,3.947387321156309
2015-04-01,30.43,19.56,24.57,0.09,54.17,2.7408788440343805,3.583370598325461
2015-04-02,31.3,18.19,24.98,0.0,50.34,3.072123485320035,4.23416006093205
2015-04-03,28.98,17.29,23.35,12.65,60.7,2.3218760882815066,4.202292617943253
2015-04-04,29.2,16.82,23.49,1.71,53.66,2.5758559869398265,3.591398761022234
2015-04-05,31.81,15.25,23.32,0.0,51.77,3.342477937877794,5.0953736014325015
2015-04-06,31.8,17.61,23.9,0.82,52.54,3.26980823331644,4.2472038483674375
2015-04-07,28.03,18.32,22.5,3.85,59.27,2.235033323466505,3.5210625683758634
2015-04-08,31.24,16.83,23.61,0.02,51.8,3.1284891316788404,5.262049013078161
2015-04-09,32.94,15.49,24.12,0.0,50.42,3.63180993737744,5.988291151099573
2015-04-10,34.65,17.22,25.65,0.0,46.09,4.123315706358913,6.185473799496066
2015-04-11,36.22,20.06,27.59,0.45,43.2,4.53866766757641,5.7246951089761895
2015-04-12,30.23,19.73,24.88,1.47,60.48,2.4717641532841608,3.8727755185614168
2015-04-13,33.76,19.91,26.83,0.01,47.79,3.639581578924234,5.117691515476439
2015-04-14,33.39,18.83,26.13,0.11,54.45,3.3970813520805283,5.410244156431317
2015-04-15,32.63,20.19,26.88,12.01,54.08,3.0779845602494778,4.5793122144452125
2015-04-16,33.51,20.41,26.61,2.04,53.86,3.3943899324969573,4.0508841097122215
2015-04-17,34.96,18.5,26.58,2.81,54.62,3.880611517831312,6.516595938332059
2015-04-18,38.19,21.38,28.89,0.0,45.64,5.042970314142708,6.770188370350405
2015-04-19,39.7,22.32,30.94,0.0,39.43,5.674360574870602,6.109255960150038
2015-04-20,39.71,22.13,30.27,0.01,36.32,5.854254734871148,8.43341406438235
2015-04-21,38.22,21.1,28.67,0.0,39.79,5.394744677322951,8.357732614185254
2015-04-22,38.74,19.58,29.12,0.0,34.17,5.720567411467205,8.006158022817303
2015-04-23,39.64,23.66,31.37,0.0,24.48,6.21678151365369,6.830467591983525
2015-04-24,40.01,24.45,32.06,0.0,22.68,6.398814176431044,6.003760659234256
2015-04-25,40.79,24.85,33.0,0.0,22.92,6.640816361722094,6.235023539810564
2015-04-26,37.22,20.74,29.1,0.0,38.32,4.8808029763269705,8.051377602018656
2015-04-27,38.3,22.77,30.26,0.0,38.38,5.189541602667642,8.30144853937813
2015-04-28,39.44,25.44,31.42,2.91,37.99,5.546164045763281,6.81151161694223
2015-04-29,39.29,23.72,31.11,1.1,32.04,5.817707282012211,6.451351326529381
2015-04-30,39.38,22.44,30.54,0.17,32.88,5.8296041934484135,8.192017519487631
2015-05-01,37.43,20.11,28.84,6.3,41.33,4.98234132529444,7.54633731839402
2015-05-02,38.44,21.5,29.85,0.0,29.4,5.730805441035221,8.154994449592591
2015-05-03,39.97,23.94,31.27,0.0,23.49,6.420922513803607,7.806800387109042
2015-05-04,41.08,23.11,31.71,0.0,23.38,6.860097610172549,7.785820439173479
2015-05-05,41.63,25.01,32.61,0.0,24.13,6.992021454659311,7.2416764194044685
2015-05-06,42.62,26.07,33.79,0.0,25.99,7.278373827108755,7.32033219860354
2015-05-07,43.91,25.26,34.35,0.0,24.75,7.913980400107658,9.098159473446348
2015-05-08,41.81,26.1,33.8,0.0,21.92,7.069289562937069,9.180898306038397
2015-05-09,42.79,26.17,34.87,0.0,24.82,7.279907028655693,5.85300030310376
2015-05-10,41.99,27.12,34.83,0.0,26.37,6.821407525777543,6.397734447764044
2015-05-11,40.98,26.65,34.53,2.06,29.28,6.286509140043911,7.533587005744402
2015-05-12,39.11,26.6,32.97,1.02,30.05,5.618227431627889,6.601501261036472
2015-05-13,38.71,23.77,31.38,3.11,38.29,5.296128838935489,6.90704208866072
2015-05-14,37.12,25.16,31.03,1.38,42.09,4.51730765164376,6.3208589912929805
2015-05-15,37.96,25.93,31.89,0.71,39.14,4.876339947184939,6.854763224343332
2015-05-16,40.05,25.29,33.38,1.45,30.33,5.989023057992892,7.325880949587471
2015-05-17,40.66,24.71,33.84,0.0,25.71,6.365919165289837,7.317092887989064
2015-05-18,43.44,29.24,36.45,0.0,25.06,7.421478584162201,6.755471003268171
2015-05-19,43.16,28.18,35.33,0.0,26.48,7.382561004899987,9.286512290226565
2015-05-20,43.35,25.45,34.59,0.47,19.4,7.878872229879399,10.90918459372643
2015-05-21,44.47,25.36,35.09,0.0,18.76,8.42988610061002,10.035654238201522
2015-05-22,45.23,25.83,35.86,0.0,15.32,8.945596553890818,9.676981869573254
2015-05-23,45.7,28.54,36.76,0.0,15.99,9.065370916519095,8.754202011586012
2015-05-24,46.03,28.81,37.3,0.0,13.42,9.332095636268631,9.603155034105109
2015-05-25,46.39,27.61,37.07,0.0,14.14,9.528446731238034,10.134824158114483
2015-05-26,44.76,26.7,35.71,0.0,11.49,8.878065237782101,12.42385383720729
2015-05-27,43.78,23.43,34.07,0.0,9.32,8.537212382065968,10.230888922318671
2015-05-28,43.84,27.18,35.4,0.0,10.84,8.460103592017253,9.426957599228809
2015-05-29,43.3,27.38,35.86,0.13,17.98,7.776583382243534,9.8047757404565
2015-05-30,43.95,27.53,36.1,0.0,18.44,8.043722460849276,10.09611429352839
2015-05-31,43.24,29.0,36.2,0.04,18.4,7.692244570182667,7.288383324289203
2015-06-01,42.63,29.69,36.13,0.58,17.9,7.466159052954596,8.330820953574285
2015-06-02,39.92,26.84,33.82,0.02,27.82,5.962790935335904,7.554192169629043
2015-06-03,40.57,26.97,33.85,0.69,28.71,6.185207209489572,5.689902672875553
2015-06-04,36.91,27.28,31.74,7.06,37.94,4.511132024025986,5.482493719236901
2015-06-05,39.81,26.37,33.46,0.08,35.33,5.615569363321357,6.964890174649858
2015-06-06,41.74,27.34,34.92,0.0,26.71,6.70983630343783,9.385493526525208
2015-06-07,43.27,28.65,36.43,0.0,21.48,7.532390241724261,8.206987294993846
2015-06-08,45.58,30.13,38.02,0.0,17.61,8.775617270987437,9.448756013388861
2015-06-09,45.58,29.74,38.33,0.05,18.44,8.716152607150445,10.885955929339955
2015-06-10,42.14,31.23,36.72,0.0,30.83,6.423668851676369,11.98102468594449
2015-06-11,43.02,30.89,36.92,1.48,27.19,7.012263508725557,10.936221907287853
2015-06-12,44.01,29.12,36.94,0.0,26.94,7.502457423910791,9.809559825904516
2015-06-13,43.04,30.73,36.6,2.81,28.62,6.9577604577054855,8.781150386660876
2015-06-14,38.57,28.75,33.6,4.4,40.15,4.832961262132499,9.235413349656035
2015-06-15,38.54,27.07,32.92,9.07,50.92,4.45180606528241,6.601572057598442
2015-06-16,40.61,27.62,34.36,0.17,40.22,5.557398056521501,7.9734633010415275
2015-06-17,42.08,28.16,35.23,0.15,36.84,6.280962440279883,8.926504488448687
2015-06-18,43.44,28.4,36.43,0.04,32.07,7.025037007953101,8.2836676155298
2015-06-19,45.27,29.82,37.8,0.03,28.42,7.972175358145624,8.2625729240938
2015-06-20,42.26,30.32,36.32,0.13,31.52,6.486341730024762,9.536241838383773
2015-06-21,41.35,30.17,35.61,16.24,41.6,5.647728896068428,7.210785809412701
2015-06-22,40.94,27.44,34.63,5.0,41.49,5.626104027066843,7.172573498334559
2015-06-23,41.49,29.25,35.39,0.11,38.98,5.8279016712891085,4.631809900798349
2015-06-24,39.92,28.31,33.39,14.6,52.68,4.7923308239843045,5.355921801022488
2015-06-25,37.59,27.21,32.38,8.35,53.3,4.063183821346577,6.783426832037669
2015-06-26,40.27,25.96,33.24,0.05,38.61,5.6791663018937415,9.169288780667928
2015-06-27,40.49,26.74,33.76,0.27,46.19,5.353755271149618,8.436677423829407
2015-06-28,42.7,26.97,34.97,0.0,40.16,6.445199140626064,8.94947462243809
2015-06-29,41.67,28.38,35.1,0.51,37.5,6.047764880701802,8.142260256955666
2015-06-30,38.32,26.46,32.9,14.84,50.1,4.393269355130464,5.559011064740736
2015-07-01,39.8,27.67,33.82,0.0,42.99,5.160901647957225,6.9751640570773645
2015-07-02,39.21,27.71,33.77,0.44,44.96,4.806606819350517,7.126468635141118
2015-07-03,40.32,29.23,34.53,2.39,44.68,5.1451680284805414,8.681277254416294
2015-07-04,41.44,28.79,35.23,0.94,46.31,5.470726631553553,8.304495705476675
2015-07-05,41.66,30.51,35.66,7.46,46.02,5.506421371388947,8.048024905803194
2015-07-06,38.53,28.66,33.11,12.45,56.56,4.0413533009391855,5.854427875317215
2015-07-07,35.5,27.34,31.26,7.14,61.83,3.0310977603141356,4.496899203250238
2015-07-08,36.38,27.61,32.12,11.7,58.18,3.338745921889243,4.710984683084242
2015-07-09,38.51,27.85,33.24,2.91,52.42,4.223174511989425,5.766915128400101
2015-07-10,39.02,28.06,33.13,2.78,52.33,4.470427568440719,5.742353906512409
2015-07-11,33.21,26.88,29.8,20.41,70.08,2.2080998518487664,3.8699953236438343
2015-07-12,32.78,26.15,29.42,62.39,76.45,1.8660729099652125,3.203762245541696
2015-07-13,34.56,25.98,30.35,4.19,68.59,2.584859362936764,3.7351382112575497
2015-07-14,36.76,26.13,31.71,0.0,62.38,3.3684847037977237,6.069471007177101
2015-07-15,38.86,27.24,32.88,0.01,57.59,4.180233977638039,7.29006342692877
2015-07-16,39.27,27.41,33.25,0.48,56.18,4.327883284325147,6.8772513070323225
2015-07-17,35.23,26.71,31.21,40.1,69.44,2.608856470301943,4.994330726921315
2015-07-18,32.86,27.4,30.02,18.37,73.84,1.890300115912725,2.775376941955376
2015-07-19,34.93,25.99,30.67,1.09,70.41,2.575604203165185,5.071546048901542
2015-07-20,34.75,26.39,30.62,3.75,69.05,2.5758333985674056,4.347269801583074
2015-07-21,35.54,26.58,31.18,3.36,68.17,2.7727581354049313,5.3743120113394
2015-07-22,35.56,26.91,31.33,0.15,67.07,2.807975962202105,4.607320735128174
2015-07-23,34.16,26.38,30.24,1.94,73.65,2.2403286082235097,5.2470977660141855
2015-07-24,34.39,26.57,30.37,0.8,73.09,2.3186731399243428,4.9891071536714575
2015-07-25,34.83,26.51,30.95,2.82,71.18,2.4323526476572606,5.209678993554484
2015-07-26,33.74,26.44,30.01,0.33,73.95,2.1496564548201937,5.874169807372113
2015-07-27,34.7,25.24,29.89,0.4,73.31,2.510192147686296,6.357204387540605
2015-07-28,35.4,25.66,29.96,0.18,67.97,2.9759166779488804,6.74995222697212
2015-07-29,34.54,24.69,29.53,0.0,68.67,2.709023239898247,6.611715874160421
2015-07-30,35.5,25.64,30.59,0.64,67.97,2.884409369351723,5.757835078015108
2015-07-31,35.09,25.71,30.19,2.79,69.94,2.7201035029560843,5.08513114145134
2015-08-01,34.83,25.75,29.6,2.1,73.56,2.5986618079447608,4.442225817508937
2015-08-02,33.18,25.56,28.62,8.5,78.48,2.063041309861149,4.364393521127668
2015-08-03,34.81,25.01,30.01,2.52,72.3,2.574608475487311,5.078066460957838
2015-08-04,36.99,26.57,31.72,0.03,62.6,3.4260774419793396,5.434402645615594
2015-08-05,37.53,27.21,32.46,1.84,60.0,3.6077564526172567,5.086030619849575
2015-08-06,37.62,27.94,32.67,11.83,59.83,3.609973137095535,5.1296363331537105
2015-08-07,38.31,27.26,32.79,0.11,60.28,3.834097558737091,3.53153853350457
2015-08-08,37.53,27.11,32.02,4.58,61.87,3.606035085186338,4.936921499843949
2015-08-09,37.73,27.41,32.29,1.92,58.34,3.8129737589759465,4.244869271548773
2015-08-10,38.59,26.5,32.59,0.38,53.8,4.308945356306539,5.0403898415818125
2015-08-11,38.65,28.0,32.67,0.06,52.81,4.368049152923177,4.945474478855174
2015-08-12,31.95,26.38,29.09,19.58,73.69,1.7948450621273504,4.178534144986947
2015-08-13,34.69,26.14,30.41,2.54,65.82,2.7176177994691253,4.33273632181687
2015-08-14,35.62,27.34,31.44,0.87,66.1,2.8253604030266732,4.315479797814883
2015-08-15,35.5,27.66,31.47,5.26,67.5,2.7199678599180226,4.637768517402362
2015-08-16,35.4,26.58,30.88,0.95,67.82,2.792805803966303,4.747935235518918
2015-08-17,36.67,26.02,31.46,3.88,62.36,3.382224216244635,6.006280599893037
2015-08-18,36.7,26.39,31.52,8.35,64.66,3.279218853143278,5.173017505801845
2015-08-19,37.37,25.6,31.17,4.97,61.87,3.712989113004203,6.009664243402148
2015-08-20,36.85,25.08,30.83,3.96,60.24,3.624586322861851,6.34115117963943
2015-08-21,36.04,26.08,30.62,7.65,63.84,3.2085389830386752,5.663848690463131
2015-08-22,34.99,25.17,30.06,15.02,64.98,2.939981388881146,5.125782429171216
2015-08-23,36.14,25.15,30.57,0.5,61.3,3.392400429954109,5.450167610722369
2015-08-24,36.21,25.38,30.78,0.85,60.72,3.401108205234347,6.02302029597628
2015-08-25,37.23,25.03,30.85,0.0,56.28,3.9481515357853074,6.796141529391789
2015-08-26,37.7,24.68,31.04,0.0,56.18,4.074996291059376,6.38974989618395
2015-08-27,37.96,25.17,31.97,0.0,52.53,4.215110582595775,5.797875824419189
2015-08-28,37.44,26.03,31.57,0.72,55.51,3.9428137348801,5.887394062907224
2015-08-29,38.17,26.39,32.18,1.08,54.08,4.203471343071763,5.971333256520286
2015-08-30,38.35,26.8,32.15,0.0,50.51,4.424439064695015,6.717860457540136
2015-08-31,37.91,24.22,30.76,0.17,47.03,4.625187949665373,6.6059274605186475
2015-09-01,37.86,24.42,30.9,0.0,45.36,4.662679473430417,6.680353015342409
2015-09-02,38.33,24.37,30.69,0.0,43.86,4.9151208845969006,7.241221473037899
2015-09-03,38.38,23.53,30.42,0.17,43.93,4.966908858308365,6.515662207044723
2015-09-04,38.28,22.81,30.18,0.0,40.81,5.090440716024151,6.597273177839648
2015-09-05,37.61,22.26,29.89,0.0,39.75,4.891861262318651,6.893893476230972
2015-09-06,37.79,24.22,30.58,0.0,38.68,4.937759440913757,7.280521967509472
2015-09-07,38.23,22.85,30.53,0.0,39.79,5.070197253664972,6.879825669604608
2015-09-08,38.41,23.0,30.36,0.0,41.18,5.089532388379461,7.044638804663523
2015-09-09,39.6,23.48,30.97,0.0,40.11,5.529784605067078,7.185239861134434
2015-09-10,38.97,23.03,30.76,0.0,37.88,5.419594705133596,6.9048537173392335
2015-09-11,39.05,23.12,30.9,0.0,37.37,5.446584090644905,6.367325271662804
2015-09-12,39.74,24.79,32.39,0.0,34.21,5.716442922707373,5.337111764364205
2015-09-13,39.13,23.08,31.43,0.0,34.51,5.5504569628809195,5.544831659822295
2015-09-14,40.1,25.3,32.35,0.0,32.24,5.950230057875943,5.661311629035991
2015-09-15,39.87,24.82,32.82,0.0,30.28,5.918397585880298,5.03136415365905
2015-09-16,39.83,25.3,31.84,0.07,31.62,5.917545777952812,4.511417527190985
2015-09-17,38.35,23.8,30.97,2.11,38.97,5.122226687249524,4.91127118221254
2015-09-18,38.87,23.06,30.99,0.01,38.11,5.353533144694914,5.367626849856798
2015-09-19,28.38,23.77,26.12,5.85,68.97,1.5448438489218272,2.6285041648787573
2015-09-20,33.07,23.67,28.2,25.11,74.18,2.260821000234229,1.7119567777176827
2015-09-21,34.88,24.0,29.52,8.65,66.22,2.9528244112450324,3.932201621942996
2015-09-22,34.01,25.35,29.04,20.03,68.1,2.6344664577634394,4.34856936928004
2015-09-23,32.31,21.83,26.51,8.09,70.71,2.4771636741343848,4.7473677137157875
2015-09-24,33.73,21.48,26.95,0.0,55.78,3.35546018998373,5.247007700785424
2015-09-25,34.32,20.49,27.02,0.0,51.71,3.6401504084808938,5.071132171415327
2015-09-26,35.13,21.27,28.03,0.08,47.4,3.939106763977806,4.751119899645335
2015-09-27,34.87,21.93,27.94,0.62,49.26,3.8077868201782374,4.684864350782735
2015-09-28,35.05,20.21,26.91,0.27,51.35,3.938373932645681,5.161451393631712
2015-09-29,35.16,19.79,26.83,0.0,47.41,4.10586754088742,5.490774360338846
2015-09-30,35.49,18.62,26.21,0.0,47.23,4.31197508239113,6.127798491978427
2015-10-01,36.08,18.38,26.73,0.0,45.5,4.4994567780280255,5.566344271142187
2015-10-02,36.73,20.0,27.26,0.0,44.05,4.717377637828753,5.727537751243357
2015-10-03,36.87,19.98,28.0,0.0,41.33,4.80841627892542,5.210292460033112
2015-10-04,36.0,21.99,28.56,0.0,35.39,4.6352479374519895,4.4872977493241475
2015-10-05,36.57,21.09,28.28,0.0,39.95,4.681756032014614,4.487922710179197
2015-10-06,35.5,22.28,27.89,0.0,44.32,4.19991307457604,4.578619335220983
2015-10-07,36.17,21.97,27.94,0.0,46.4,4.347550340606372,4.942527630524663
2015-10-08,36.11,20.86,27.55,0.0,45.63,4.402047386644742,5.376511856682873
2015-10-09,36.83,21.05,27.74,0.0,42.92,4.751201903290376,5.206767709433046
2015-10-10,36.29,20.62,28.17,0.0,39.48,4.640999388047736,4.568545457819436
2015-10-11,36.63,19.93,28.5,0.0,44.27,4.501436864030052,4.608245458422745
2015-10-12,35.2,22.63,28.7,0.0,51.68,3.7102569349184025,3.7048815843488883
2015-10-13,34.39,23.19,28.45,0.19,50.41,3.5431024234748376,3.5728804593695003
2015-10-14,33.72,21.6,26.99,2.02,52.36,3.4599960694642355,3.3257283221983474
2015-10-15,33.09,21.39,26.6,0.29,53.98,3.2592598637367227,3.5893435939285157
2015-10-16,34.2,21.22,26.98,0.0,48.45,3.7360810572189873,3.925382336645136
2015-10-17,33.2,20.53,26.47,0.0,47.34,3.5221625800088985,4.047719164079257
2015-10-18,34.19,21.65,27.87,0.0,41.32,3.894595217840492,3.4056367705098403
2015-10-19,35.29,20.5,27.53,0.04,40.99,4.294134997790493,3.6237477118781496
2015-10-20,34.69,21.27,26.51,0.0,44.03,4.101202387692451,4.228118538901755
2015-10-21,32.09,17.8,23.95,0.0,47.05,3.482783965113609,4.146398165863167
2015-10-22,32.98,15.51,23.13,0.0,36.22,4.092630190480233,4.7417962235319955
2015-10-23,32.98,15.63,23.62,0.0,36.18,4.065172484026655,4.620959266791686
2015-10-24,32.8,19.61,25.13,0.0,33.5,3.978308187808638,3.2403014545635527
2015-10-25,33.34,17.54,24.23,0.61,39.33,4.036445497283708,4.195419823920143
2015-10-26,31.44,16.81,23.2,2.35,49.33,3.329850368285401,3.9289377457023673
2015-10-27,29.24,15.29,21.36,1.43,49.08,2.887663458757256,4.2069959761623865
2015-10-28,29.5,14.28,21.44,0.16,44.57,3.0603027227306954,3.0541900795645422
2015-10-29,30.04,16.73,22.34,0.06,41.48,3.185144590057967,3.251467207410245
2015-10-30,29.8,14.85,21.75,0.0,39.72,3.2132260720202677,3.4057934992145973
2015-10-31,30.23,16.32,21.91,0.0,40.49,3.2906042209570785,3.620013481378976
2015-11-01,29.7,17.13,22.15,0.0,39.77,3.155592596944091,3.020210421636794
2015-11-02,29.65,17.89,23.15,0.0,39.45,3.079262152371697,2.5946152510462137
2015-11-03,29.48,17.2,22.64,0.0,40.86,3.039512561742698,3.033302272444888
2015-11-04,29.62,15.62,22.93,0.01,41.65,3.0188144129811296,3.056864450660981
2015-11-05,29.9,16.93,22.93,2.41,41.91,3.092264283391758,3.511121367660249
2015-11-06,28.62,14.08,20.27,0.1,46.09,2.8951634652384772,2.9593269570799907
2015-11-07,27.91,14.1,20.32,0.0,42.46,2.802816992267606,2.6271790172689213
2015-11-08,27.92,16.3,20.57,0.4,37.48,2.8888293253930666,2.756830884271619
2015-11-09,28.67,17.37,21.21,0.0,39.19,2.9652730189066925,3.0650849043762824
2015-11-10,28.1,15.38,20.35,0.0,44.0,2.7876862471208574,3.4228854254454024
2015-11-11,29.14,12.91,19.93,0.0,48.36,2.9893048400569917,4.297696119353839
2015-11-12,29.54,12.78,20.8,0.0,47.37,3.050085457410829,3.6008950733843053
2015-11-13,30.32,15.76,22.29,0.0,46.17,3.1245268753017545,4.076599482330205
2015-11-14,29.94,15.88,21.74,0.0,46.77,3.0943100212901102,4.21038955628711
2015-11-15,29.83,14.59,21.59,0.03,41.06,3.18616599237445,3.2686220073201606
2015-11-16,28.51,14.32,20.11,0.07,38.42,3.064791088629314,4.602520733592572
2015-11-17,28.65,10.74,18.35,0.0,36.39,3.2342370226100923,4.285123606901255
2015-11-18,28.29,11.39,18.52,0.0,31.38,3.22492962253671,3.8115344634661676
2015-11-19,27.76,13.45,19.42,0.0,27.3,3.1470538074219108,3.0223809196042923
2015-11-20,27.97,14.47,19.31,0.0,31.37,3.104198680728353,2.892266463302279
2015-11-21,28.25,12.15,18.59,0.0,35.68,3.123069171218662,3.261381785420938
2015-11-22,28.03,11.65,18.67,0.0,34.41,3.096894053831398,3.1288236545116
2015-11-23,25.34,14.48,18.72,0.0,32.47,2.553180874796663,2.674964350436831
2015-11-24,27.45,11.38,18.08,0.0,34.28,2.9938266975841152,3.6979583467826376
2015-11-25,28.55,10.47,17.93,0.0,36.78,3.218952036884296,4.2098048561113375
2015-11-26,27.45,13.89,19.51,0.51,33.01,2.9396195493222645,3.02586847171303
2015-11-27,26.08,13.96,18.26,0.38,44.03,2.543854775238461,3.4437150925054514
2015-11-28,25.86,12.99,18.87,0.02,42.59,2.4304917465785776,2.6976449507767857
2015-11-29,25.78,12.35,19.2,0.0,45.03,2.3763680620292926,2.426807379644673
2015-11-30,26.31,15.39,19.42,0.0,41.08,2.5240644657618803,1.9527502337042912
2015-12-01,25.89,12.94,17.89,0.0,42.77,2.496723521710159,2.7627802165802944
2015-12-02,25.16,11.5,17.4,0.0,42.78,2.3750502683528785,2.6570671126703913
2015-12-03,26.81,10.7,17.03,0.0,39.32,2.8110072663282804,3.745032717261327
2015-12-04,26.56,9.23,17.71,0.0,34.08,2.831707592331421,3.1865972690260365
2015-12-05,26.95,12.87,19.03,0.0,25.99,3.0120640653825888,2.6027604890622524
2015-12-06,25.86,12.48,18.42,0.0,27.81,2.7734259188269963,2.295721632721172
2015-12-07,25.22,9.85,17.84,0.0,29.01,2.64716976233732,2.4767570050976797
2015-12-08,26.21,12.36,18.06,0.0,29.84,2.8191843889093766,2.450639100052209
2015-12-09,25.81,9.72,16.42,0.0,36.05,2.7041218546622896,4.353368977432811
2015-12-10,25.73,11.89,17.35,0.63,40.0,2.5589559663155685,3.6655011371730533
2015-12-11,22.45,10.14,15.55,1.0,46.31,1.9405271975663103,2.368412966996445
2015-12-12,22.37,8.9,14.25,0.02,48.82,1.9985064615527817,3.1419695425225154
2015-12-13,21.6,6.29,12.79,0.0,31.72,2.1293014600803404,3.008560207552091
2015-12-14,21.51,5.32,12.1,0.0,27.55,2.2040809651061806,3.348893174032183
2015-12-15,22.84,4.39,12.34,0.0,31.36,2.3710001594950123,3.343414828923067
2015-12-16,23.17,8.09,14.86,0.0,21.03,2.499894723003335,2.315757985248541
2015-12-17,21.86,8.77,13.77,0.0,22.98,2.272205809182898,2.629308086135657
2015-12-18,21.64,4.65,11.6,0.0,28.97,2.2155154854749592,3.252467597708823
2015-12-19,22.54,4.06,12.81,0.0,26.3,2.3660904396871905,2.922515357779681
2015-12-20,21.38,8.17,12.94,0.0,26.21,2.1651587701848527,2.383938497772872
2015-12-21,21.12,4.86,12.47,0.0,30.37,2.0902581585296343,2.3833171276765586
2015-12-22,19.91,7.4,13.32,0.0,26.71,1.9311353896666832,1.848692263207275
2015-12-23,19.05,7.68,12.15,0.0,28.74,1.8101066945657989,2.6309036833620256
2015-12-24,19.99,4.87,10.97,0.0,35.66,1.9220119392104265,3.4461511795321234
2015-12-25,20.63,2.88,10.33,0.0,23.37,2.1540483251276883,3.074866520769843
2015-12-26,24.36,4.88,12.84,0.0,20.21,2.7651018010354425,3.8582124359235124
2015-12-27,25.89,7.8,15.41,0.0,29.0,2.8540235106184646,3.601464654188901
2015-12-28,26.11,9.5,16.53,0.0,39.5,2.68775455334199,3.5686879239976252
2015-12-29,26.57,11.56,16.73,0.0,36.5,2.8448264727069903,4.160616314931143
2015-12-30,25.55,9.2,15.82,0.0,29.86,2.7671061122479452,3.129280190006821
2015-12-31,25.21,6.83,15.25,0.0,32.52,2.703927355298385,2.9634949884711275
2016-01-01,23.58,9.38,15.63,0.0,24.24,2.5022076979897765,2.4872608873238136
2016-01-02,24.35,11.05,15.64,0.0,20.49,2.7025105557943574,2.7333801573756684
2016-01-03,25.19,6.93,15.38,0.0,25.0,2.7842262560746476,3.408061185877565
2016-01-04,23.98,11.98,16.46,0.0,27.98,2.4671977538738097,2.3161990004987913
2016-01-05,25.16,11.79,16.71,0.06,33.95,2.5805937057581176,2.5349578427530894
2016-01-06,24.08,11.42,16.19,0.0,44.24,2.220378655395905,2.208095293495632
2016-01-07,23.28,11.31,16.05,0.1,42.09,2.1171687999708846,2.2483324904133877
2016-01-08,23.99,8.23,14.96,0.02,45.54,2.2529151042963713,3.124326477383117
2016-01-09,23.3,6.47,13.84,0.0,43.76,2.2370090527636908,3.406752299516944
2016-01-10,24.15,8.07,15.69,0.0,34.01,2.434748217014847,2.449444852048848
2016-01-11,23.92,9.32,16.53,0.0,35.69,2.330240158676958,2.137595970591359
2016-01-12,24.88,8.51,16.0,0.03,34.09,2.569065232203508,3.33445648860805
2016-01-13,22.56,9.84,14.73,1.88,42.27,2.062049754947605,2.0177344075342996
2016-01-14,21.45,9.4,13.69,0.1,49.05,1.8273728662990925,1.8765532837779142
2016-01-15,21.04,6.48,12.5,0.0,52.07,1.7788498304719904,2.3220420607747063
2016-01-16,22.1,5.21,12.66,0.0,45.18,2.0659761028381833,2.829315876895307
2016-01-17,21.52,8.55,13.77,0.0,33.83,2.059729828962777,1.8455789197101484
2016-01-18,20.55,6.62,12.29,0.0,37.05,1.9265283740365147,2.2992733359348154
2016-01-19,20.29,4.72,11.74,0.0,39.8,1.8620901238605825,2.288730286531429
2016-01-20,21.14,4.64,11.99,0.02,36.51,2.04280049055755,2.7926488829391714
2016-01-21,20.77,4.4,11.49,0.0,26.93,2.1135256912067137,2.7471964462009644
2016-01-22,20.51,5.69,12.59,0.0,20.48,2.120777901367015,2.121491707900095
2016-01-23,20.64,5.96,11.58,0.0,22.65,2.1288964139801267,2.6519291301575003
2016-01-24,20.05,4.83,10.8,0.0,24.68,2.036824610426424,2.5665094353855187
2016-01-25,20.09,2.24,10.66,0.0,25.76,2.0332877153640503,2.5323786596566302
2016-01-26,23.1,7.55,13.98,0.0,22.95,2.4823405846937567,2.353241389924631
2016-01-27,23.64,9.32,14.5,0.0,26.92,2.506169174424983,2.6754206910737524
2016-01-28,24.82,7.64,15.4,0.0,43.8,2.4263079481628838,3.215931507325191
2016-01-29,23.81,10.98,17.26,1.54,39.33,2.2322034140782225,2.210922076904837
2016-01-30,25.67,11.42,16.86,1.41,48.01,2.419838651444688,2.5499818665111516
2016-01-31,23.48,9.68,14.81,0.0,46.78,2.184885486998475,3.4492733167652436
2016-02-01,23.08,6.1,13.38,0.01,36.5,2.3219861000719617,3.306380463684846
2016-02-02,22.75,5.06,12.89,0.0,36.5,2.267651295154556,3.2608710870485074
2016-02-03,23.93,4.48,13.0,0.0,33.42,2.5188504793998967,4.009353578777003
2016-02-04,25.19,4.76,13.95,0.0,31.06,2.7603748268454438,3.756452025781188
2016-02-05,25.88,6.15,14.85,0.0,26.25,2.940188259575792,3.668000272472689
2016-02-06,25.41,8.18,15.67,0.0,24.76,2.83834907696526,3.3034752940754712
2016-02-07,23.45,10.82,15.49,0.84,40.48,2.2239232197950227,3.039347839685655
2016-02-08,23.91,9.47,15.32,0.0,54.28,2.0838881555705537,2.754761427908422
2016-02-09,25.34,8.42,15.97,0.0,44.44,2.5120802342164357,3.415564933458243
2016-02-10,25.34,10.11,16.31,0.0,30.25,2.7147716066561163,3.2405359936362568
2016-02-11,23.59,8.95,14.6,0.0,27.32,2.51469997109407,5.095544854001623
2016-02-12,23.28,6.16,13.89,0.0,37.94,2.358158151229234,3.200271361129673
2016-02-13,23.69,10.31,15.42,0.21,34.51,2.3791678225725734,2.9834876589776704
2016-02-14,24.3,7.11,14.29,0.14,33.45,2.5429351801952342,3.6072793147610005
2016-02-15,23.7,7.06,14.05,0.0,28.53,2.5013668278507195,3.328004042576895
2016-02-16,25.0,6.3,14.89,0.0,29.04,2.7240114842087877,3.5809096483348006
2016-02-17,27.05,6.79,16.31,0.0,21.89,3.21390370657861,3.751256930726196
2016-02-18,28.52,11.48,18.77,0.36,30.95,3.238713106907226,3.4018241201966815
2016-02-19,28.01,15.74,21.21,0.77,40.4,2.790545779745238,3.2112358528077
2016-02-20,27.7,15.13,20.24,3.14,61.62,2.335705159647067,3.9857447711931613
2016-02-21,28.52,10.78,18.35,0.0,38.53,3.210201278656177,5.403103758028391
2016-02-22,30.86,9.3,18.72,0.0,28.99,3.931058040963423,5.801207772366754
2016-02-23,32.14,9.13,19.14,0.0,24.45,4.339286007603559,5.41037099058876
2016-02-24,33.19,11.0,20.9,0.0,18.31,4.696142721691891,4.683658933439265
2016-02-25,29.86,9.74,20.64,0.0,15.54,3.8617552578207275,4.092593870374215
2016-02-26,30.4,10.18,19.89,0.0,17.81,3.961190798634354,4.419256035937619
2016-02-27,30.4,13.34,20.65,0.0,19.66,3.900963410306984,3.555234146212906
2016-02-28,29.85,13.94,21.38,0.0,24.18,3.6385267014679306,3.4156551736988683
2016-02-29,30.34,13.88,21.07,0.0,25.73,3.746141443742742,4.063184990665426
2016-03-01,32.46,15.05,22.56,0.0,25.68,4.238078491961907,4.06278742234088
2016-03-02,31.94,16.97,23.36,0.0,25.8,4.039574485307833,3.9994515385052547
2016-03-03,34.57,17.0,24.65,0.0,26.93,4.72725829265485,4.662306468764163
2016-03-04,34.37,15.76,24.33,0.0,29.52,4.625112625465344,5.108188213915388
2016-03-05,29.86,15.45,21.18,6.21,48.61,3.1015151563724537,3.9555068854919684
2016-03-06,28.63,13.28,20.62,0.88,57.59,2.658710229359137,3.396130574870304
2016-03-07,28.98,14.8,21.13,0.33,48.49,2.8661081634676755,3.9058411329831646
2016-03-08,30.83,13.41,21.66,0.0,41.26,3.4712602769655696,4.595031314578446
2016-03-09,30.71,16.52,22.44,0.0,35.59,3.4973486893703116,4.493029052043652
2016-03-10,32.98,16.97,24.67,0.0,35.1,3.9863087531631782,4.765032741590429
2016-03-11,29.03,20.42,24.37,4.24,46.16,2.6538437992135164,4.0607103576764185
2016-03-12,27.0,17.17,21.72,15.35,64.75,1.9552881190657956,3.4919888850599836
2016-03-13,27.09,16.01,21.11,3.22,63.94,2.0677207515137086,3.477833415462989
2016-03-14,28.84,14.65,21.13,0.62,52.58,2.7588120082294587,4.312519293434417
2016-03-15,28.75,13.2,20.41,0.0,44.22,2.967437479776199,4.925703341399164
2016-03-16,29.42,11.53,20.55,0.0,41.04,3.2069647420038168,4.910356328646843
2016-03-17,28.76,16.22,21.87,0.91,49.59,2.7191972084383558,3.1163238788322314
2016-03-18,31.37,16.06,23.68,0.63,49.26,3.2569457793864953,5.459452076561943
2016-03-19,33.43,19.51,26.63,2.63,39.67,3.839162516018166,4.362311557147651
2016-03-20,31.87,18.29,24.57,0.35,38.7,3.59648057345476,4.563553284092399
2016-03-21,30.87,15.46,22.18,0.08,32.71,3.7027577751923615,7.408008103329074
2016-03-22,33.02,11.0,21.22,0.0,27.28,4.48530616537652,7.904115396676118
2016-03-23,36.16,12.46,23.38,0.0,27.26,5.347929331627633,6.795995030391563
2016-03-24,32.78,16.41,25.22,0.0,25.3,4.2250384219925,4.638751365415254
2016-03-25,35.62,19.33,26.08,0.0,31.17,4.862875246454108,7.126643694165345
2016-03-26,32.61,15.28,23.17,0.11,45.46,3.778506225501835,6.8820784790581575
2016-03-27,33.13,13.97,23.07,0.0,37.77,4.148533402913527,6.113663008474352
2016-03-28,34.01,14.97,24.28,0.01,32.62,4.440120968575233,5.7070989535674475
2016-03-29,34.19,16.93,25.38,0.0,30.31,4.481937642279661,6.46980733915488
2016-03-30,36.17,18.11,27.0,0.0,27.06,5.138231407305013,5.7767086901034315
2016-03-31,38.17,18.25,28.26,0.0,24.49,5.862275341554275,5.754199838879822
2016-04-01,37.71,19.68,28.02,0.0,30.99,5.457544095762564,7.454191833140515
2016-04-02,40.32,21.01,30.33,0.0,32.17,6.241065054001675,6.164266069147137
2016-04-03,39.86,23.99,30.84,0.0,32.53,5.981636484090783,6.366222137672305
2016-04-04,38.22,23.0,29.92,0.0,32.83,5.412914364676885,6.575341246542793
2016-04-05,33.37,20.63,26.79,0.54,33.92,4.019598258474744,5.300807092864463
2016-04-06,36.17,19.95,28.02,0.32,30.02,4.953457764496344,6.446957501418072
2016-04-07,35.13,18.78,26.65,0.0,30.68,4.681800794033148,7.400964694637164
2016-04-08,36.58,19.45,27.39,0.12,26.44,5.28976378064539,5.751057899999494
2016-04-09,36.58,19.41,28.19,0.0,26.25,5.2046721993936655,7.494501120875627
2016-04-10,36.71,20.06,28.17,0.0,27.41,5.240618914502444,7.797812533758668
2016-04-11,34.86,19.72,27.35,0.11,30.83,4.520353658114047,7.680127381573688
2016-04-12,36.34,19.55,27.74,0.01,29.8,5.066580042638057,9.093183749518579
2016-04-13,38.93,19.92,29.5,0.0,22.7,6.113416569760411,9.858876605451039
2016-04-14,41.19,19.82,30.85,0.0,21.38,7.005182423482973,8.839296481993463
2016-04-15,42.5,22.57,32.47,0.0,17.98,7.59083934121368,8.009314199493572
2016-04-16,43.95,26.28,34.65,0.0,18.88,8.114975759923576,7.571314068161602
2016-04-17,42.89,25.91,34.61,0.06,21.56,7.477266365413517,8.109158275439036
2016-04-18,40.53,24.99,32.65,0.16,25.22,6.46834993927356,7.791278652679473
2016-04-19,41.11,25.75,33.15,0.0,17.78,6.938694552424041,7.548205879327996
2016-04-20,40.03,25.44,32.2,0.0,19.35,6.495425232186937,11.20629314901066
2016-04-21,40.39,22.36,31.62,0.0,21.54,6.618244363591155,9.986128249225029
2016-04-22,40.39,25.96,32.4,1.33,23.49,6.523617755574439,8.894588910638188
2016-04-23,38.13,20.69,29.54,0.01,21.92,6.000886979359403,8.275690675163418
2016-04-24,38.25,20.29,29.22,0.0,14.16,6.196339378017236,9.175838496086085
2016-04-25,39.84,20.64,30.51,0.0,13.29,6.803609223663566,8.478199543956453
2016-04-26,40.83,22.03,31.33,0.0,11.22,7.2456468334230655,7.264238568850449
2016-04-27,41.27,21.41,31.57,0.0,15.42,7.2428585550509155,9.146479664631212
2016-04-28,40.98,23.19,31.99,0.0,16.54,7.0785169387753255,9.25296241384811
2016-04-29,41.44,25.0,32.8,0.0,12.74,7.378285807495542,8.813905323025674
2016-04-30,42.71,22.55,32.7,0.0,10.16,8.044422470055691,9.000552192745744
2016-05-01,44.41,23.93,34.04,0.0,10.31,8.786180714401722,9.050119716123756
2016-05-02,45.4,25.73,35.41,0.0,11.34,9.191989507552131,9.322375778566668
2016-05-03,41.7,28.44,34.6,0.0,21.02,6.973492577653024,7.146466188147882
2016-05-04,42.08,24.98,33.61,0.01,23.21,7.1385906499203085,8.52526610802328
2016-05-05,40.22,24.92,32.57,2.21,27.25,6.213845981260572,7.885222217852053
2016-05-06,38.84,25.15,32.34,0.78,29.96,5.562932337246255,6.849843378249025
2016-05-07,40.42,25.4,33.29,0.0,25.25,6.3184620032067835,7.25221365463435
2016-05-08,42.54,27.34,35.22,0.0,20.81,7.300245034720457,7.847971541046516
2016-05-09,44.17,27.74,36.76,0.0,16.37,8.222920136353835,7.141723104122871
2016-05-10,43.36,28.09,35.77,0.0,21.17,7.6339665522445435,9.482562255084883
2016-05-11,39.66,25.43,32.74,12.43,39.0,5.454697460225729,7.515343447346929
2016-05-12,40.43,26.75,34.02,0.0,31.88,5.959095722500957,7.299506646308991
2016-05-13,42.9,26.72,35.76,0.0,27.1,7.139416582093178,6.7049458277234955
2016-05-14,43.36,28.19,35.96,0.95,23.83,7.4895494777714156,8.821392086482854
2016-05-15,43.83,27.5,35.68,0.0,22.42,7.839637330761171,10.798659353194486
2016-05-16,44.08,26.26,35.44,0.0,17.39,8.212190911934522,10.241622494916964
2016-05-17,45.11,27.67,36.65,0.0,15.91,8.742966214306914,11.48213166328637
2016-05-18,46.62,27.4,37.65,0.0,15.61,9.46580754011192,11.07155372315932
2016-05-19,46.81,30.14,38.84,0.0,15.14,9.52620404572584,9.68450385417893
2016-05-20,46.27,30.27,38.56,0.0,13.96,9.324226053021825,10.208079223644686
2016-05-21,47.57,30.73,39.88,0.11,13.06,10.029519530692507,8.966557020763862
2016-05-22,48.13,29.62,39.35,0.0,19.36,10.03903458315391,10.424185464102498
2016-05-23,45.06,31.1,38.49,0.56,24.44,7.993666045081625,9.855794832988101
2016-05-24,38.22,26.59,33.22,15.82,45.99,4.48869438897829,7.782240406865634
2016-05-25,39.94,26.42,33.32,0.08,35.86,5.665289942999405,8.33387677287667
2016-05-26,42.38,27.85,35.2,0.0,29.5,6.81658415849995,8.049783494878655
2016-05-27,44.19,29.26,36.78,0.01,25.8,7.7617637578402725,10.945117306759055
2016-05-28,42.97,28.66,36.12,0.0,28.01,7.019149464171168,9.640066277798656
2016-05-29,41.51,26.91,34.59,7.82,37.17,6.097470923113745,9.035869392238206
2016-05-30,38.86,25.86,32.38,5.39,48.05,4.7526454359157055,7.684696941786932
2016-05-31,41.31,26.45,34.3,0.02,37.83,6.001541787512229,7.671544752744339
2016-06-01,43.03,28.54,36.0,0.0,34.04,6.761555882731315,8.907544663157449
2016-06-02,44.14,29.46,36.73,0.07,25.42,7.6903417675612085,11.046401276644062
2016-06-03,44.09,28.49,36.8,0.0,25.87,7.652080106579744,7.858845600130667
2016-06-04,45.45,29.77,37.99,0.0,24.32,8.300827874532793,8.543535692234878
2016-06-05,45.81,30.5,38.65,0.0,21.18,8.64618920274247,7.841055628664723
2016-06-06,45.36,29.98,38.19,0.86,20.41,8.482234337046417,9.565173105020449
2016-06-07,43.1,27.98,35.86,3.79,25.48,7.3277632523084595,9.533928707678031
2016-06-08,45.0,27.83,36.81,0.25,22.99,8.296575007961376,9.931865600218728
2016-06-09,44.37,28.35,37.27,2.01,23.5,7.894905261044097,9.055932985169324
2016-06-10,44.87,29.74,38.22,0.75,25.06,7.939606119635403,8.620654228331045
2016-06-11,43.85,31.13,37.96,1.23,27.53,7.282523634504816,9.863405873583117
2016-06-12,43.75,32.55,38.12,0.02,33.12,6.870830129150017,10.721622736572618
2016-06-13,40.99,32.01,36.62,8.99,38.32,5.495585182978151,9.161870982112706
2016-06-14,41.62,30.43,35.52,4.62,42.88,5.667830627638857,9.709872872198796
2016-06-15,41.68,29.56,35.74,0.71,40.31,5.826045431759386,8.495056016345039
2016-06-16,42.47,29.44,35.77,3.15,40.06,6.186911647590893,8.405211850718503
2016-06-17,41.94,29.45,35.83,0.91,36.46,6.1362536733732655,7.456768671875919
2016-06-18,42.9,29.5,36.64,0.0,31.16,6.7809730705093685,7.794687084682482
2016-06-19,42.05,30.54,36.37,0.68,32.69,6.302347849549415,8.267845003738486
2016-06-20,42.29,30.88,37.0,0.47,33.81,6.242464491177373,8.156927050434094
2016-06-21,42.08,30.49,36.63,1.57,37.17,6.018198523051149,8.137263952123286
2016-06-22,36.63,31.04,34.01,19.92,50.67,3.474751526734078,5.288971051166955
2016-06-23,41.57,29.49,35.36,0.84,45.02,5.554384211327092,7.729689480561274
2016-06-24,42.23,30.38,36.26,0.0,37.07,6.1767552123975875,7.500447133157152
2016-06-25,43.03,29.94,36.75,0.06,34.35,6.622623490625452,7.80948089058935
2016-06-26,42.61,30.49,36.7,1.02,35.43,6.359480752624799,7.814374134363245
2016-06-27,41.45,30.97,36.43,2.96,38.96,5.654068400192239,5.296248094912757
2016-06-28,38.39,30.99,34.75,24.05,50.3,4.013565768606769,5.386413137564331
2016-06-29,41.37,30.77,36.07,0.02,44.95,5.357593218450318,5.946598581561868
2016-06-30,42.78,31.24,37.17,0.37,41.31,6.029377362056092,6.631875145066294
2016-07-01,39.11,31.11,35.54,23.64,51.6,4.104014847540196,5.727390834372728
2016-07-02,36.34,28.66,32.3,32.79,65.08,2.9485386053340146,3.557199310532862
2016-07-03,36.03,26.82,31.36,9.2,66.81,2.9471081860655532,5.68057502715631
2016-07-04,36.66,27.56,32.13,0.25,60.93,3.3296460522753,6.37570257006534
2016-07-05,38.54,28.27,33.65,3.82,57.24,3.9076343622515517,6.5600528239907785
2016-07-06,40.62,29.45,35.42,5.87,53.02,4.72206796218383,5.918790198475364
2016-07-07,40.59,30.13,35.54,0.2,49.17,4.856863507242929,5.777612052850264
2016-07-08,41.74,30.8,36.46,0.08,45.15,5.4597649391524055,6.494063228221678
2016-07-09,40.95,29.51,35.06,1.93,47.95,5.169269368342697,4.64496205981111
2016-07-10,40.11,29.28,34.53,0.65,49.57,4.807090985776721,6.528392796455737
2016-07-11,39.44,29.56,34.43,0.0,49.39,4.544838351842348,6.902653167208878
2016-07-12,39.31,28.64,33.55,1.15,53.77,4.39628162900538,7.193257760951818
2016-07-13,40.22,28.43,34.27,1.18,53.28,4.686901069937882,6.693335865683047
2016-07-14,36.83,29.56,33.06,2.24,57.66,3.3664665553611046,5.643847352168552
2016-07-15,36.59,28.25,32.55,14.19,65.99,2.9531312072306384,4.92570110416866
2016-07-16,35.06,27.76,31.35,6.88,68.65,2.544574905183569,4.543070374139015
2016-07-17,34.34,26.17,29.8,4.54,72.42,2.433287532673898,4.5606095483619695
2016-07-18,36.83,26.74,31.88,3.54,62.89,3.3578506415372757,5.465418830798075
2016-07-19,38.73,27.92,33.32,0.05,52.49,4.320064362004658,7.076358514760029
2016-07-20,40.9,27.78,34.66,0.0,44.63,5.394185859825372,7.234933062160576
2016-07-21,41.88,28.75,35.29,0.79,44.99,5.72832152133915,7.458002537373432
2016-07-22,41.29,28.48,34.9,1.83,46.92,5.4002996297723715,6.947711383962265
2016-07-23,33.74,28.11,30.46,18.41,62.6,2.543516547306615,5.884563164327453
2016-07-24,37.11,26.35,31.89,5.4,59.53,3.580293652095687,5.515287099070186
2016-07-25,39.06,27.25,33.39,0.16,52.35,4.422803689942089,5.9340049691946435
2016-07-26,40.0,27.8,33.81,0.2,53.65,4.650025986456589,6.676679751729174
2016-07-27,35.18,26.74,30.51,10.42,68.7,2.744726249307432,5.5214917539834705
2016-07-28,34.43,25.26,29.68,7.13,71.16,2.5541572715848426,4.126205421083031
2016-07-29,34.93,25.79,30.36,15.19,70.22,2.6206265041048473,4.999987869757434
2016-07-30,36.76,25.83,31.12,3.31,66.4,3.2994654956025338,5.281691535605046
2016-07-31,37.18,25.97,31.85,0.98,64.4,3.4218189320955754,5.570268917101314
2016-08-01,37.76,26.48,32.11,0.57,61.25,3.7093731338844718,6.377507777753159
2016-08-02,36.03,26.21,30.92,0.95,66.24,3.0882356648858242,5.8609934703055515
2016-08-03,37.31,26.27,31.93,0.75,59.07,3.6856017966638706,6.46745985477546
2016-08-04,37.04,27.46,32.69,1.58,57.73,3.5279643044399336,6.262323725097853
2016-08-05,35.25,27.31,31.55,1.47,62.13,2.8658128172373667,5.898781317203932
2016-08-06,31.75,27.52,29.6,10.19,73.0,1.6680884266936369,3.147275169150889
2016-08-07,36.12,26.48,31.16,3.83,65.59,3.0881818547775617,3.8036575120425415
2016-08-08,36.16,27.27,31.65,2.32,64.53,3.0645060406546185,4.280995622179813
2016-08-09,36.18,27.68,31.89,7.07,63.82,3.046317489895586,5.517740308373925
2016-08-10,33.89,26.3,29.7,9.77,73.83,2.254149904468872,5.287354303495028
2016-08-11,33.59,25.36,29.11,4.93,76.1,2.18271821657649,4.1643812496905515
2016-08-12,36.12,25.59,30.67,2.72,67.48,3.1280245284219483,4.668962405553023
2016-08-13,37.8,26.82,32.4,1.44,57.04,3.8722246403014546,5.84284872904748
2016-08-14,37.92,27.21,32.97,1.11,53.19,4.000183771725493,5.636924727249824
2016-08-15,39.25,26.69,32.69,1.19,53.7,4.5464234641081775,6.894406935433886
2016-08-16,39.34,26.56,32.78,0.16,52.5,4.622369653680694,7.164485364337028
2016-08-17,38.59,26.13,32.47,1.21,50.97,4.455516337404564,6.089081249820462
2016-08-18,36.37,27.41,32.0,0.68,52.9,3.6075652376173784,4.201648312151612
2016-08-19,39.57,27.01,33.29,0.01,50.29,4.734961889596786,5.195056925089118
2016-08-20,36.78,28.04,32.39,6.49,57.28,3.4826896871075412,3.4508872350381683
2016-08-21,35.41,26.59,31.02,23.73,70.63,2.637887311656281,5.248018385129915
2016-08-22,36.3,26.51,31.52,3.06,65.17,3.103586551147317,5.019253752073688
2016-08-23,36.41,26.55,31.62,3.12,63.42,3.232350009475804,4.986879547603101
2016-08-24,33.89,26.04,29.48,5.15,69.4,2.473929942805611,3.367595185830008
2016-08-25,34.85,25.26,30.13,4.08,70.19,2.6561873795006967,4.706163832137443
2016-08-26,37.17,26.84,31.9,1.68,61.1,3.5237125375471834,5.192355456995122
2016-08-27,33.17,26.47,29.6,6.74,71.94,2.1229310451403522,3.6196186919630415
2016-08-28,35.47,25.73,30.41,3.09,67.77,2.918197564262749,5.086937073970545
2016-08-29,32.74,25.47,28.46,6.79,75.05,2.077385528890823,2.8527211096752754
2016-08-30,32.82,24.78,28.4,2.59,72.49,2.2106702296580236,4.554331985317474
2016-08-31,34.79,25.12,29.68,2.71,69.66,2.7312719539993915,5.172982485606803
2016-09-01,34.43,24.76,29.75,5.3,69.74,2.6026232287886186,4.418539109606324
2016-09-02,36.66,24.3,29.98,0.16,58.43,3.799458019164518,5.917133196471419
2016-09-03,37.0,23.57,30.01,0.0,52.13,4.163640820479434,6.538683367405238
2016-09-04,36.96,24.01,30.09,0.13,52.83,4.1139770388127985,6.455473097335689
2016-09-05,37.67,23.38,30.28,0.62,55.46,4.243390530774659,6.032358209153317
2016-09-06,37.49,23.67,30.29,0.0,54.95,4.178760798348831,6.297708271695273
2016-09-07,36.83,24.1,30.16,0.0,53.82,4.007184237559368,5.9556962585974995
2016-09-08,37.43,24.4,30.62,0.0,52.69,4.1899867925428325,6.174677280579813
2016-09-09,37.84,24.09,30.63,0.0,50.1,4.453833836503648,6.32785721032834
2016-09-10,37.84,23.44,30.37,0.39,49.82,4.510147584757007,6.202589035691585
2016-09-11,37.58,23.76,30.59,0.04,49.3,4.393548759035294,6.2903174249635665
2016-09-12,37.75,24.32,30.81,0.02,47.98,4.492409177224083,6.160385186633586
2016-09-13,37.25,24.47,30.81,3.12,51.01,4.196057295408588,5.438164785502836
2016-09-14,36.75,24.98,30.29,2.34,55.32,3.91735250711816,5.002560551050068
2016-09-15,37.44,24.66,30.52,0.0,51.17,4.312942462228875,5.427003473135305
2016-09-16,37.96,24.33,30.93,0.0,45.62,4.670255629980399,5.22624381532673
2016-09-17,38.26,24.79,31.65,0.0,44.12,4.7435861527341405,4.751600935364963
2016-09-18,38.11,23.75,31.21,0.06,43.95,4.769097874292115,4.573290590063956
2016-09-19,37.34,23.54,30.89,0.18,49.86,4.252821859983147,4.588796706518962
2016-09-20,37.92,25.32,31.55,6.92,54.01,4.2185042446039684,4.297130907529588
2016-09-21,38.29,25.02,31.63,0.39,47.01,4.666656837024625,4.556438044793059
2016-09-22,35.44,23.66,29.22,2.96,55.27,3.605616237412559,4.682650614503306
2016-09-23,36.15,23.17,29.57,1.04,53.55,3.8868219927350265,4.697741402494984
2016-09-24,36.48,23.84,30.42,0.13,45.9,4.189592010483826,4.626667170702728
2016-09-25,36.56,23.63,30.06,0.0,45.49,4.264280005475254,4.3846972654847605
2016-09-26,36.85,23.2,30.16,0.46,42.9,4.472844847816813,4.123558464206367
2016-09-27,37.19,22.4,29.44,0.24,45.24,4.580149959613278,4.401076962238398
2016-09-28,37.49,23.01,29.96,0.0,43.16,4.720131980510927,4.266636283433426
2016-09-29,36.85,22.91,29.81,0.0,43.66,4.472844847816813,4.165702335127306
2016-09-30,37.52,23.09,30.29,0.0,42.73,4.692579996367686,4.020125283149204
2016-10-01,36.54,24.32,30.32,0.0,45.8,4.193810882837263,3.713463621527995
2016-10-02,37.93,25.43,31.51,0.0,44.13,4.631080753861599,3.722145692720144
2016-10-03,37.79,26.8,31.79,0.0,39.52,4.76616468324546,3.9898358677334302
2016-10-04,37.14,24.34,30.36,1.34,46.96,4.402217410492149,3.949125602110653
2016-10-05,37.4,23.75,30.0,0.2,48.7,4.483671226566953,4.4346202408290285
2016-10-06,36.09,22.97,29.25,1.69,49.91,4.058305723464687,3.9710469624142486
2016-10-07,36.51,23.41,29.32,0.0,44.48,4.3785060947187135,4.673968483257757
2016-10-08,37.22,23.22,29.33,0.0,38.6,4.877909840091912,4.573457393723695
2016-10-09,36.77,22.33,28.63,0.0,38.03,4.796840372835428,4.041468003706396
2016-10-10,35.65,21.98,28.03,0.0,37.07,4.505511655445245,4.499705927911179
2016-10-11,36.11,21.43,27.76,0.0,32.66,4.859544086074335,4.821644940072982
2016-10-12,35.93,19.98,26.56,0.0,26.68,5.067586673536521,5.179676244857946
2016-10-13,36.36,17.62,25.92,0.0,25.31,5.315457064483362,5.456038872005432
2016-10-14,35.49,20.05,26.72,0.0,25.03,4.966924948425718,4.738943864568293
2016-10-15,35.73,19.12,26.69,0.0,24.24,5.080592879219146,5.111609415053573
2016-10-16,34.94,19.73,27.05,0.0,26.19,4.70396737019443,4.079519997993844
2016-10-17,34.81,20.31,27.03,0.0,27.13,4.663808714263651,4.416890496580063
2016-10-18,34.8,18.97,26.68,0.0,24.72,4.757809285759114,3.7427028415260337
2016-10-19,34.66,18.68,26.65,0.0,24.58,4.71316175137951,4.07336755426777
2016-10-20,35.42,18.69,26.28,0.0,27.87,4.855682112066309,4.56659010840407
2016-10-21,34.83,18.62,25.9,0.0,26.7,4.734794215573571,4.244730439936536
2016-10-22,34.03,19.33,25.84,0.0,28.48,4.441118519075021,4.298359828562453
2016-10-23,33.5,17.64,24.54,0.0,27.28,4.401087939805383,5.126374922739645
2016-10-24,34.11,17.81,25.08,0.0,22.3,4.705102640754659,4.672929845206853
2016-10-25,33.66,16.55,24.59,0.0,26.98,4.467514519684778,4.186116295442969
2016-10-26,33.71,20.43,25.83,0.0,23.62,4.495873085944749,3.690421818502064
2016-10-27,33.56,16.48,23.84,0.0,25.23,4.52263210953012,5.0193365544445365
2016-10-28,33.58,16.12,23.54,0.0,24.06,4.575023402571833,4.700415884099656
2016-10-29,32.64,14.77,23.84,0.0,18.6,4.429131298414651,3.632405762287219
2016-10-30,27.47,14.41,20.74,0.0,23.44,3.1143506381002224,2.938056431929412
2016-10-31,30.27,15.91,21.76,0.0,24.06,3.715540192141228,3.1085706068986636
2016-11-01,31.29,16.5,22.6,0.0,26.98,3.871195241235228,3.2259010368651406
2016-11-02,30.48,15.77,22.41,0.0,28.42,3.6382947184157426,2.8160249236940635
2016-11-03,30.98,15.96,22.51,0.0,29.86,3.7210651057237625,3.103872223187727
2016-11-04,30.8,16.19,22.29,0.0,31.2,3.6465660923212635,3.4743201772769345
2016-11-05,28.79,16.73,21.15,0.0,36.24,3.081961321900378,3.0967513507621764
2016-11-06,29.6,15.87,21.86,0.0,30.38,3.409109974152788,2.810014238678501
2016-11-07,29.94,13.8,20.43,0.0,29.51,3.5636747269509783,4.401778393568382
2016-11-08,31.49,11.26,19.93,0.0,23.6,4.134915111086493,5.0684736764991625
2016-11-09,31.51,12.52,20.79,0.0,19.59,4.189889160953771,4.461504457018476
2016-11-10,31.38,14.94,22.25,0.0,14.87,4.225425235323438,3.138620643438366
2016-11-11,30.64,12.14,20.29,0.0,19.25,3.962565726988631,4.224689775805654
2016-11-12,30.48,12.44,21.24,0.0,21.97,3.833491166293731,3.522488865788462
2016-11-13,29.46,16.21,21.81,1.66,29.06,3.382106397168509,2.5888014650583115
2016-11-14,28.57,15.02,20.06,0.0,31.71,3.1990379621512472,3.3499777214749944
2016-11-15,27.76,13.02,18.92,0.0,30.97,3.0861960419144463,3.4847245566840876
2016-11-16,27.96,11.88,18.45,0.0,29.73,3.183067822386986,3.8443096040449114
2016-11-17,29.03,10.08,17.84,0.0,27.22,3.5047976338765388,4.561378452953044
2016-11-18,27.87,10.72,17.83,0.0,22.99,3.309318881289826,4.070420068747169
2016-11-19,29.66,13.37,20.48,0.0,19.04,3.7229134303452645,3.2104754278692584
2016-11-20,29.44,11.04,20.28,0.0,21.86,3.616106469135015,3.352637741394755
2016-11-21,30.39,11.86,20.64,0.0,23.11,3.820410085486521,3.3026958014009775
2016-11-22,30.55,15.28,21.23,0.0,25.9,3.7535980690006703,3.4749140378803256
2016-11-23,27.99,14.15,19.74,0.0,26.82,3.196504447119044,3.51886092870866
2016-11-24,28.98,14.73,20.3,0.0,24.13,3.461812870657425,4.236059793378675
2016-11-25,30.86,12.42,20.39,0.0,24.09,3.92597468690924,5.5659429386732855
2016-11-26,31.43,13.27,20.89,0.0,29.77,3.9297814304002254,5.4279260483686524
2016-11-27,31.1,12.69,20.36,0.0,25.54,3.996262786862406,5.112715251511121
2016-11-28,30.51,11.22,19.5,0.0,16.64,4.039841064193235,4.943663899151327
2016-11-29,30.56,15.53,21.56,0.0,12.49,4.063468703483232,2.6281244807036903
2016-11-30,27.77,10.92,19.29,0.0,18.91,3.325080403879855,3.4659887152571676
2016-12-01,27.37,11.84,18.34,0.0,21.96,3.1976877313400345,2.985145596675365
2016-12-02,28.43,12.11,18.3,0.0,28.13,3.332374895672734,3.550541394289073
2016-12-03,27.95,11.06,18.4,0.0,21.62,3.335780138421545,3.2647852373215245
2016-12-04,27.13,12.6,18.49,0.0,21.41,3.150194646728301,3.462002544215406
2016-12-05,27.45,11.12,18.28,0.0,24.22,3.1807102198165396,3.563123706663703
2016-12-06,27.78,13.65,19.43,0.0,24.03,3.211741127049879,2.5466294564503253
2016-12-07,28.18,13.82,19.91,0.0,25.21,3.256129247716968,2.7698443665522134
2016-12-08,26.86,12.27,19.28,0.0,27.26,2.947663214472627,2.32513247212293
2016-12-09,27.09,11.45,18.74,0.0,28.59,2.9961408242676497,2.1141388668921017
2016-12-10,27.93,10.28,18.28,0.0,32.01,3.1515252107927254,4.204479811978498
2016-12-11,27.22,12.25,18.37,0.0,34.21,2.9115110310157113,2.9794198206650364
2016-12-12,25.33,11.35,17.47,0.0,34.0,2.5930513986551578,2.8360675802136788
2016-12-13,25.51,12.04,17.24,0.0,33.84,2.62313184451849,3.054130393251946
2016-12-14,25.38,9.28,15.93,0.0,30.87,2.7281937014825113,3.431077283647006
2016-12-15,24.98,7.75,15.62,0.0,26.13,2.7292038856883245,3.540959397230132
2016-12-16,23.6,10.16,15.95,0.0,26.35,2.4501403851035497,2.5660843381483245
2016-12-17,23.63,7.71,14.9,0.0,32.19,2.4024757503030525,2.981920397493095
2016-12-18,24.48,8.08,15.22,0.0,29.14,2.6073954813358498,3.017591847531184
2016-12-19,25.6,8.01,15.24,0.0,28.52,2.8146457751709066,3.614231366803504
2016-12-20,26.51,7.79,15.16,0.0,31.36,2.966765810139506,4.364250785416111
2016-12-21,26.95,6.77,14.91,0.0,27.68,3.1425906243155777,4.2186747813497965
2016-12-22,27.96,7.07,15.92,0.0,19.97,3.4445062544366563,3.8026111181308275
2016-12-23,26.61,11.27,17.6,0.0,19.59,3.104664874936494,2.4367993389764
2016-12-24,24.68,8.99,16.49,0.0,25.57,2.645013855010857,3.0038456098394124
2016-12-25,23.25,8.46,14.11,0.05,28.74,2.4067565412100675,2.519865785979463
2016-12-26,24.57,5.84,13.27,1.04,22.19,2.7898274002903496,3.6782234830118004
2016-12-27,25.11,7.45,15.36,0.0,18.07,2.876228496154566,3.175199081820623
2016-12-28,25.48,10.15,17.42,0.0,17.74,2.9129373291127734,2.7312533212186856
2016-12-29,25.29,9.13,16.24,0.0,22.74,2.816842422231488,3.15472990765846
2016-12-30,23.23,7.62,13.69,0.0,27.73,2.4317223425101635,3.4864228385023965
2016-12-31,20.63,7.3,12.95,0.0,34.71,1.9265992416731175,2.92125223070859
2017-01-01,22.17,8.12,14.47,0.0,47.46,1.907207093379458,2.3975439307059885
2017-01-02,24.16,10.48,15.59,0.0,50.93,2.1536887338303856,2.275162790645841
2017-01-03,24.1,10.22,15.96,0.0,46.87,2.1954568029993293,2.3155351043180876
2017-01-04,24.25,10.48,16.9,0.0,43.71,2.2287975616085025,2.51631277448112
2017-01-05,24.78,10.36,16.63,0.0,41.84,2.3681981042371203,2.3739253050989992
2017-01-06,22.62,8.6,14.98,5.34,49.05,1.9537451916551252,2.5734525617720063
2017-01-07,18.29,8.7,13.45,10.43,68.49,1.0623067072304433,1.5520043412940379
2017-01-08,18.26,7.96,12.37,0.03,66.64,1.199755216808241,1.5488391975102571
2017-01-09,17.98,4.5,9.93,0.0,55.23,1.464238634487775,2.2872208774686418
2017-01-10,17.95,0.69,8.07,0.0,35.2,1.7049970950621092,2.824412844341138
2017-01-11,18.49,0.6,8.46,0.0,36.53,1.7473667397096446,2.629221397360096
2017-01-12,18.74,1.32,9.31,0.0,31.46,1.81572277564117,2.545986460464689
2017-01-13,19.24,4.88,10.69,0.0,26.38,1.9023466668557507,2.4124888137192917
2017-01-14,18.27,4.36,9.79,0.0,35.45,1.691670204963502,2.867901444491938
2017-01-15,19.18,6.17,11.34,2.28,56.2,1.5043371005098045,2.320719889394108
2017-01-16,18.95,7.02,11.16,0.5,68.75,1.3267254204867691,1.8233211307907315
2017-01-17,18.81,4.73,11.1,0.0,57.06,1.460265449063281,2.0071223282442974
2017-01-18,19.93,7.46,12.06,0.01,46.74,1.7025422681107418,1.9726767914502858
2017-01-19,19.09,3.77,10.32,0.0,58.09,1.5425525421349302,2.756874072100465
2017-01-20,21.43,2.4,10.52,0.0,53.34,1.9479702687282978,2.8364639396360363
2017-01-21,18.3,6.91,11.19,0.71,43.85,1.5392325345091575,2.0272320583680625
2017-01-22,23.75,8.56,14.11,0.68,40.52,2.3343889227036336,2.3612567473325745
2017-01-23,23.89,6.51,13.99,0.0,39.87,2.37663485841159,2.8098834602448783
2017-01-24,20.96,7.66,13.78,0.05,43.19,1.835479948356196,2.22233376033803
2017-01-25,17.68,11.21,13.66,10.4,77.69,0.8257829508419099,1.5617583472454706
2017-01-26,14.68,8.48,12.14,30.53,93.85,0.3420252643000321,0.7370318708619833
2017-01-27,19.96,7.32,12.4,0.36,79.93,1.2181197717950891,1.8347782302436497
2017-01-28,21.18,6.2,13.14,0.0,69.3,1.521002875783477,2.164907939403224
2017-01-29,23.84,9.15,14.88,0.0,52.67,2.11599887158142,3.0919277739524853
2017-01-30,24.05,8.73,15.53,0.0,49.14,2.1761823143899157,2.52036958504295
2017-01-31,23.47,8.82,15.17,0.01,55.31,1.9699776015939734,2.994849056358794
2017-02-01,23.18,6.67,14.4,0.0,55.01,2.0054850506709454,2.747366007136016
2017-02-02,22.3,10.48,15.56,0.0,43.99,1.9370467148482307,2.1281094559081324
2017-02-03,22.9,7.32,15.07,0.0,48.95,2.0112842986194,2.3021597776884324
2017-02-04,24.29,10.59,16.65,0.56,47.31,2.1742394051542786,4.208376646268114
2017-02-05,17.92,12.43,14.55,2.7,72.52,0.8557833577104288,1.9624495193768252
2017-02-06,21.08,5.86,12.55,0.01,55.76,1.778831430283098,2.980632742399281
2017-02-07,22.06,4.37,12.89,0.0,46.2,2.017929964131667,2.9468781191215627
2017-02-08,22.68,8.66,14.54,0.0,44.62,2.058415872883084,2.6534229501342823
2017-02-09,22.25,6.63,13.31,0.0,44.44,2.0469581206620755,3.367299939456611
2017-02-10,23.46,4.98,13.49,0.0,48.65,2.1979252041076016,3.444809572411148
2017-02-11,24.64,6.63,14.98,0.0,38.52,2.503760304758795,3.257433698840124
2017-02-12,23.95,8.22,15.19,0.0,37.11,2.372129358462435,2.8301519940240265
2017-02-13,24.99,6.22,14.86,0.0,41.59,2.511548026553987,3.6784089795500794
2017-02-14,26.73,6.16,15.48,0.0,44.38,2.804620639086866,3.7278803473029987
2017-02-15,28.15,11.43,18.81,0.0,42.92,2.9516584953359453,3.6999175714753223
2017-02-16,30.33,13.8,20.55,0.0,45.43,3.316666765106965,4.528462757485353
2017-02-17,29.44,14.23,20.21,0.0,50.33,2.977555967395767,4.311560994112839
2017-02-18,30.08,12.62,20.15,0.0,52.49,3.1106296205518085,4.009316644859802
2017-02-19,30.01,15.05,21.97,0.0,46.86,3.0834035886912954,3.3777480114163816
2017-02-20,29.15,14.52,20.21,0.15,46.31,3.021344169065722,4.470762789177906
2017-02-21,26.29,11.58,18.11,0.13,50.19,2.498535233458305,3.616255761426338
2017-02-22,25.9,11.22,17.23,0.01,30.69,2.7955770318131186,3.861847877031415
2017-02-23,26.63,7.57,15.96,0.0,35.4,2.937376693864599,4.953923197518549
2017-02-24,27.15,6.89,15.98,0.0,33.53,3.0729291182357907,5.29548200955348
2017-02-25,28.29,8.3,17.32,0.0,34.36,3.262576209555852,4.764102912613226
2017-02-26,29.18,8.91,17.9,0.0,37.6,3.3603604311821873,5.047397236645962
2017-02-27,28.91,10.38,19.99,0.0,30.69,3.351962868735024,4.105768531009501
2017-02-28,27.57,14.1,19.46,0.0,31.83,3.0352732341478217,3.811004720534933
2017-03-01,28.38,12.12,19.74,0.03,40.42,3.015527716212369,3.969037498021515
2017-03-02,27.6,11.64,18.63,0.03,38.54,2.963050100406936,4.372508456131446
2017-03-03,27.05,10.19,17.85,0.0,39.76,2.830326218281451,4.247757595994413
2017-03-04,26.97,8.75,17.14,0.0,34.61,2.969280375385895,4.7662696244258695
2017-03-05,28.34,9.35,17.97,0.0,34.52,3.227053241386301,5.509657833276549
2017-03-06,28.95,10.24,19.31,0.0,32.88,3.328349267315234,4.913247894631831
2017-03-07,25.08,14.89,19.03,0.86,44.39,2.2439034110717175,4.308900772444855
2017-03-08,24.44,13.58,18.2,7.99,54.59,1.9582916878968737,3.1975341760234564
2017-03-09,26.4,10.47,18.77,5.66,51.09,2.428132759678964,3.6334931120009863
2017-03-10,25.57,12.45,18.23,0.65,45.44,2.3892848619507747,3.6614166861503263
2017-03-11,22.78,8.77,15.43,12.59,48.94,2.035748121712765,3.553483947312044
2017-03-12,23.51,9.74,15.86,0.0,33.99,2.319868047968593,4.0049384595728785
2017-03-13,25.71,8.37,16.54,0.0,31.58,2.778782125370431,4.765838854812541
2017-03-14,26.46,9.26,17.62,0.0,31.13,2.874833610750459,3.93469567332781
2017-03-15,26.27,11.95,18.27,0.0,35.05,2.7228464851011918,4.23030787406631
2017-03-16,28.46,11.59,19.13,0.03,47.62,2.9256698624042126,4.34376210731476
2017-03-17,28.37,12.8,19.95,0.14,45.88,2.8684980600107144,4.8753356651943625
2017-03-18,30.58,14.13,22.23,0.0,32.14,3.6370748901233094,4.797666121363124
2017-03-19,30.63,16.12,22.36,0.0,31.68,3.5935378452684477,4.97760620668118
2017-03-20,32.61,14.11,22.81,0.0,34.56,4.062143687684127,6.0554852351900506
2017-03-21,34.47,17.87,25.32,0.0,29.73,4.582244200005519,5.291121532571457
2017-03-22,36.03,18.3,26.55,0.0,33.31,4.896144381476041,5.676348343779348
2017-03-23,35.88,17.96,26.4,0.0,39.5,4.68468709437472,5.697979136070927
2017-03-24,35.57,17.92,25.6,0.0,31.99,4.887663866437489,7.071026838858257
2017-03-25,35.41,16.51,25.19,0.0,28.22,4.964608131563538,6.810185875376373
2017-03-26,36.95,17.62,27.1,0.0,32.95,5.182051574018302,7.984628394894049
2017-03-27,39.28,18.53,28.49,0.0,33.12,5.955372878421617,7.212677409471608
2017-03-28,38.84,20.64,29.55,0.0,30.29,5.799000649924912,6.470599316846264
2017-03-29,39.01,20.7,29.19,0.0,34.55,5.727200256688098,7.059631436658342
2017-03-30,37.24,20.56,28.99,0.0,30.28,5.2653925945998115,7.206427158307911
2017-03-31,40.12,21.48,30.58,0.0,32.32,6.130996273020767,6.547533850497601
2017-04-01,39.56,22.7,30.25,0.0,27.89,6.133090637036323,7.404985171292071
2017-04-02,39.54,18.96,29.02,0.0,24.77,6.343682373202468,7.894445324990404
2017-04-03,39.55,20.3,29.59,0.0,22.73,6.361165911183178,6.8266690672270185
2017-04-04,38.57,23.26,30.23,0.29,25.75,5.807599468261254,4.960653420174674
2017-04-05,36.28,22.95,28.3,9.19,40.32,4.588149373159636,6.603203159840413
2017-04-06,34.51,19.59,26.41,0.02,41.67,4.186272864069283,7.759934091289605
2017-04-07,32.86,15.94,24.22,0.05,27.14,4.353251157921299,5.776856279346272
2017-04-08,33.5,14.9,24.08,0.0,23.97,4.558139080471335,7.029263211962853
2017-04-09,33.48,14.02,23.47,0.0,21.39,4.679006081361033,8.579097878727584
2017-04-10,35.99,14.3,24.92,0.0,20.83,5.377443817131929,9.092321751551822
2017-04-11,38.53,15.24,26.88,0.0,22.33,6.148813597349796,9.335573040897572
2017-04-12,40.82,17.37,28.77,0.0,21.35,7.022332972714869,9.460723294538639
2017-04-13,40.93,19.21,30.1,0.0,18.37,7.108806162696229,6.36277950824018
2017-04-14,41.81,21.89,31.48,0.0,18.63,7.358087251462916,6.629935176849399
2017-04-15,43.02,23.63,32.61,0.0,18.04,7.88706056936737,9.353732041335746
2017-04-16,44.77,21.91,33.12,0.0,16.82,8.763069318512455,7.597125109629694
2017-04-17,43.92,24.06,34.68,0.0,12.68,8.422094939843868,7.142934066175252
2017-04-18,45.24,25.82,35.49,0.0,11.52,9.073934758167034,9.430571216928694
2017-04-19,44.81,25.5,34.86,0.0,10.14,8.951602527315702,9.957803605143292
2017-04-20,45.32,26.13,35.66,0.0,13.59,8.981911745016685,8.15205630163083
2017-04-21,44.77,26.86,36.23,0.08,18.02,8.46165463769211,7.147615945817606
2017-04-22,42.8,27.46,34.84,2.51,24.82,7.268228617239798,5.59659263129048
2017-04-23,39.18,24.45,31.55,1.5,34.08,5.599323221372042,7.735084223394894
2017-04-24,37.16,22.1,29.27,2.87,35.04,5.0497840289528355,7.615608096528417
2017-04-25,38.62,20.88,29.81,0.0,28.59,5.767797494904199,8.652776595098903
2017-04-26,39.19,21.95,30.7,0.03,25.39,6.029854479663149,7.6147185045333865
2017-04-27,40.03,23.5,31.82,0.2,22.82,6.410726659986252,6.722220749312218
2017-04-28,40.25,25.53,32.76,0.02,20.23,6.527626520082541,6.878015134129926
2017-04-29,40.5,24.59,32.93,0.0,20.7,6.601106511405013,6.9387818731545154
2017-04-30,39.03,24.27,31.36,2.14,27.64,5.833566706072659,7.380871588331832
2017-05-01,39.15,22.03,31.04,0.12,17.57,6.367176132399034,7.210733332743894
2017-05-02,40.07,22.03,31.55,0.0,18.32,6.650768909083959,7.387908470527141
2017-05-03,39.09,26.38,31.84,0.0,28.26,5.75220786506285,7.456372710052866
2017-05-04,39.85,24.17,32.16,0.0,25.88,6.179606527965182,7.727359191697016
2017-05-05,42.43,24.42,33.49,0.0,18.09,7.532372988917755,9.429718293061551
2017-05-06,43.3,24.62,34.47,0.0,17.87,7.86616591841853,8.258824649525671
2017-05-07,44.99,27.2,36.17,0.0,15.53,8.713129410042967,9.194226316600341
2017-05-08,45.32,27.91,36.68,0.0,16.74,8.794466307640757,8.012421555235093
2017-05-09,44.94,27.76,36.81,0.0,15.18,8.660966578535199,7.219004850835515
2017-05-10,43.78,28.09,36.16,0.0,17.91,7.9760355911879,8.681632014152816
2017-05-11,42.83,28.71,35.84,0.13,19.9,7.435214748759196,7.805333921393636
2017-05-12,43.52,28.36,36.0,0.0,18.58,7.831361493475805,8.230544468931209
2017-05-13,44.59,28.12,36.78,0.07,20.08,8.192453887875915,9.755928083369497
2017-05-14,44.75,30.65,37.65,0.01,19.08,8.266143291937905,9.875865086005632
2017-05-15,45.17,29.45,37.72,0.0,17.51,8.58940989328244,8.149287965504714
2017-05-16,42.78,30.77,36.67,0.09,21.69,7.2447032723841644,9.9008781322897
2017-05-17,40.98,29.06,34.93,0.49,23.82,6.494836663589149,8.623074660008193
2017-05-18,41.57,27.46,34.91,0.29,25.88,6.6459235420032945,8.138536850563309
2017-05-19,43.41,28.99,36.59,0.0,21.95,7.540154494501655,7.9308269041065795
2017-05-20,42.39,29.46,36.11,2.73,24.01,6.9997254156236925,8.37194915007438
2017-05-21,42.0,26.85,34.02,4.26,35.03,6.480389654373589,6.324420594096588
2017-05-22,37.17,26.53,31.7,0.99,41.56,4.499710222651688,6.369584837016132
2017-05-23,40.67,27.19,34.13,0.0,31.16,6.048622576140278,7.113230742033676
2017-05-24,42.46,29.4,36.15,0.0,25.83,6.927649926477029,7.417744545484609
2017-05-25,44.44,30.2,37.51,0.0,21.63,7.993724258890751,8.041001525050964
2017-05-26,46.3,29.38,38.12,0.0,19.63,9.031056716538652,9.447269204808853
2017-05-27,46.04,30.7,39.07,0.06,14.7,9.165981576747207,6.611778366512202
2017-05-28,44.0,30.88,37.56,0.0,18.19,7.9609454109931255,11.297153684254393
2017-05-29,42.64,29.25,35.89,1.12,27.63,6.95223746468113,10.598499946456657
2017-05-30,42.08,28.9,35.66,0.17,29.63,6.632795852238636,8.630944291860668
2017-05-31,39.58,27.72,34.11,6.53,34.58,5.466831217312528,7.030658899167537
2017-06-01,40.81,25.91,33.47,1.0,32.59,6.143453637298651,7.629642152782557
2017-06-02,43.13,26.79,35.18,0.0,22.89,7.5299565761847225,8.568640497551526
2017-06-03,46.25,28.66,37.89,0.0,19.85,9.014710557116402,10.530981757942676
2017-06-04,48.38,29.97,39.92,0.0,15.68,10.298047257001139,12.732892085108453
2017-06-05,46.39,33.32,39.94,0.0,21.61,8.741439015514867,14.368152622205
2017-06-06,44.91,34.18,39.23,0.0,26.18,7.7268916519999875,12.032472563409657
2017-06-07,36.84,29.9,33.85,30.25,46.14,3.8338607862655456,7.0454610209676645
2017-06-08,39.5,27.62,33.35,1.24,43.98,5.054209140836965,6.056981391633808
2017-06-09,38.95,27.47,33.16,1.49,43.63,4.850938225327836,7.152422216606155
2017-06-10,40.82,28.65,34.81,0.05,40.02,5.603491248341566,7.396553047880262
2017-06-11,39.91,28.93,34.32,1.7,36.13,5.467905083979549,7.70058424009464
2017-06-12,40.78,26.12,33.64,0.0,36.06,5.950339428402398,8.685272129737706
2017-06-13,42.94,29.05,36.11,0.01,33.62,6.725828873837527,8.146619954487539
2017-06-14,43.35,30.46,36.73,1.23,32.77,6.910605979004244,8.364325028538754
2017-06-15,42.57,31.38,36.83,0.37,32.95,6.498861521828724,9.618636930112164
2017-06-16,42.3,30.15,36.55,2.33,36.23,6.240281800538444,7.760862851021899
2017-06-17,41.14,30.52,35.81,0.13,34.77,5.876972541721649,7.492700582884876
2017-06-18,38.06,30.99,34.19,7.58,50.33,3.96831807199222,6.553259875475863
2017-06-19,40.05,30.82,35.06,11.24,50.61,4.64644821035186,7.916269199439358
2017-06-20,38.64,28.47,33.6,7.0,52.28,4.2678469806068025,5.922050826507723
2017-06-21,33.13,27.75,30.77,15.46,57.66,2.530632037014048,5.3154582353713025
2017-06-22,37.33,26.87,32.13,3.84,48.52,4.164906702568857,6.06252324520176
2017-06-23,38.28,26.7,32.5,2.55,49.73,4.398991782605503,7.124899066416003
2017-06-24,40.29,27.88,34.04,0.0,44.28,5.24872670188555,7.206313001025424
2017-06-25,41.48,28.44,35.16,0.01,41.07,5.766460676611851,7.248021438440552
2017-06-26,41.84,29.57,35.79,0.05,41.72,5.77749303839061,7.76511346734144
2017-06-27,39.63,30.26,35.43,4.87,45.41,4.688871219705577,6.410516869911671
2017-06-28,36.04,27.85,32.33,19.87,58.56,3.1683130277566955,3.3008200943459496
2017-06-29,32.93,26.46,29.74,11.72,72.31,2.0139534318794095,3.1533143889065354
2017-06-30,33.76,26.34,29.69,20.46,74.66,2.1812870084646487,4.472501623590017
2017-07-01,37.39,27.61,32.42,0.66,60.93,3.53467832790576,6.204689803319789
2017-07-02,38.09,28.18,33.16,1.53,58.8,3.7615344744379007,6.274284867977758
2017-07-03,38.92,27.52,33.55,1.66,53.7,4.294923052314481,6.6530890350772305
2017-07-04,40.68,28.53,34.79,3.01,51.93,4.868141478150705,7.538663662201674
2017-07-05,40.13,28.36,34.04,9.35,54.89,4.591840442409564,7.123539225952807
2017-07-06,40.24,28.7,34.27,2.27,50.8,4.839411266778885,6.955042800410632
2017-07-07,37.38,26.91,32.44,1.95,56.24,3.7667587003348135,6.295999401889003
2017-07-08,39.97,28.04,34.01,0.0,50.19,4.8134973899155025,6.85904758202114
2017-07-09,40.57,29.29,34.79,0.0,45.39,5.1865311622432495,8.008925177945239
2017-07-10,41.41,29.14,35.17,0.41,41.42,5.693968009686821,8.837718714552004
2017-07-11,37.85,28.39,32.84,21.95,54.99,3.9143623338691858,6.475484706196153
2017-07-12,36.43,26.77,31.59,11.97,61.9,3.276562598018211,4.915104403379055
2017-07-13,36.98,26.69,32.11,1.86,59.7,3.5208071618626002,5.072217587090179
2017-07-14,37.95,27.32,33.11,0.85,56.09,3.8613579562487823,5.426777940479242
2017-07-15,38.89,28.0,33.57,0.4,55.46,4.161178941775839,6.388504288367469
2017-07-16,37.45,28.32,33.03,0.17,58.67,3.543436550042176,6.335867671756614
2017-07-17,39.35,28.41,33.68,1.53,55.36,4.328030086436744,5.863335848257806
2017-07-18,37.77,28.09,32.64,5.33,60.74,3.661206548549747,4.737323839413669
2017-07-19,38.47,28.22,33.28,2.75,57.02,3.98044403022632,5.855791968727399
2017-07-20,38.76,29.05,33.59,0.32,53.74,4.186219996631974,4.880044071226071
2017-07-21,38.78,27.97,33.42,1.73,53.55,4.252469641992956,5.550606698712074
2017-07-22,38.63,28.26,32.89,1.02,55.4,4.169301689574262,7.342928130333078
2017-07-23,35.43,27.95,31.8,13.15,64.26,2.7791482815484057,5.9788277345781395
2017-07-24,33.14,27.38,30.46,6.33,69.27,2.0894462369089117,5.2129263986645045
2017-07-25,36.73,26.96,31.66,1.88,65.01,3.2348372929575744,5.889878587697895
2017-07-26,37.96,26.94,32.59,0.39,59.87,3.763403007477931,5.826653010058376
2017-07-27,37.94,27.25,32.36,10.41,58.7,3.8327036554823595,5.287802263333886
2017-07-28,35.43,27.17,31.37,7.08,62.0,2.9719612902021955,5.581954899625041
2017-07-29,33.98,26.56,30.46,0.39,68.32,2.368598166732179,5.203475909701404
2017-07-30,36.12,27.66,31.47,1.44,62.79,3.155457809588386,5.015371853175316
2017-07-31,34.45,26.77,30.16,6.25,72.86,2.379345258314579,4.088378318331388
2017-08-01,31.83,26.41,28.77,31.77,82.93,1.4498029074265921,2.3008573941998036
2017-08-02,34.58,26.26,30.31,14.72,74.23,2.3538801146518638,4.3187090787712075
2017-08-03,37.22,26.05,31.48,1.91,63.94,3.480932371379774,6.094816376761725
2017-08-04,38.16,25.61,31.54,4.92,60.94,3.953388440242566,6.181721483211693
2017-08-05,37.72,25.88,31.7,2.4,60.72,3.7746013764176842,5.879829864237946
2017-08-06,37.72,26.24,32.26,0.5,58.98,3.772932828602999,5.38556318857106
2017-08-07,35.08,27.4,30.72,3.65,67.05,2.731058011829546,3.859559604420035
2017-08-08,37.43,26.32,32.06,4.02,64.24,3.4785355349382487,4.681248676192343
2017-08-09,37.33,28.05,32.53,4.52,61.37,3.4684366101589985,4.951807434751347
2017-08-10,39.48,27.2,33.06,1.24,58.18,4.362504007111566,6.733980057167956
2017-08-11,39.3,27.72,33.25,0.86,53.92,4.426888591365446,7.796173373360689
2017-08-12,38.54,27.23,32.59,1.73,56.69,4.093414416558945,6.992196272354753
2017-08-13,38.12,27.53,32.49,3.02,57.41,3.922355018317779,6.483088599730494
2017-08-14,36.05,25.59,30.91,5.65,62.28,3.2383402904019962,5.508036069635126
2017-08-15,35.84,27.16,31.89,8.51,59.72,3.118450333851513,5.256831480111214
2017-08-16,38.82,26.14,32.01,0.0,52.79,4.567029568720541,6.820292276862394
2017-08-17,39.27,25.32,32.52,0.0,48.96,4.8448109563951025,6.411066200105428
2017-08-18,39.96,25.24,32.6,0.0,46.69,5.193844390053787,6.523466383705115
2017-08-19,38.33,25.54,31.47,1.73,56.64,4.270596638019617,6.087208967057402
2017-08-20,34.03,26.41,29.79,26.37,75.56,2.212824543085784,4.029925768452525
2017-08-21,34.12,26.13,30.08,16.74,71.7,2.349426592085426,4.758096320047018
2017-08-22,35.62,25.68,30.49,5.62,69.39,2.8699603588799745,4.787299901849447
2017-08-23,35.4,25.71,30.45,1.96,66.68,2.921711687569736,4.78490425520466
2017-08-24,36.45,25.51,30.9,0.7,64.81,3.296770595879115,4.5794595135965945
2017-08-25,35.06,27.19,31.06,8.39,66.22,2.716031870608596,3.2564565268901338
2017-08-26,36.39,25.42,30.9,0.73,64.62,3.2785087418670145,5.456957807604184
2017-08-27,37.1,25.38,31.03,0.01,61.66,3.648983841964397,5.926909814866893
2017-08-28,35.37,24.36,29.81,0.07,66.06,3.078601115910783,5.74276380399286
2017-08-29,33.49,25.68,29.5,2.14,69.08,2.3944299661496946,3.2419391089962657
2017-08-30,34.58,25.93,30.1,2.16,69.15,2.5856987180742377,5.177227288482334
2017-08-31,33.01,26.06,29.35,17.53,78.38,1.8557455117831925,4.2276496672065615
2017-09-01,31.46,25.69,28.22,37.85,84.19,1.4115958582017463,2.629782084693177
2017-09-02,32.67,24.02,28.19,8.73,77.64,2.0194946809856305,4.454948479817922
2017-09-03,33.42,23.35,29.01,0.04,67.53,2.52201026103934,5.049888474039739
2017-09-04,34.77,24.07,29.38,1.41,67.42,2.84744911641541,4.825155246751642
2017-09-05,35.25,25.15,30.0,0.45,68.03,2.894799692654896,5.390804377999112
2017-09-06,35.09,24.52,29.74,3.89,65.61,2.9841341762792086,5.023670904689999
2017-09-07,34.96,24.4,29.76,1.89,64.4,2.987208558750624,4.963736731722535
2017-09-08,35.54,23.81,29.88,0.02,61.1,3.310257755840401,5.045201074644498
2017-09-09,36.24,23.76,29.67,0.01,59.77,3.622866550094,5.575761528852816
2017-09-10,35.69,23.59,30.15,0.52,54.69,3.594855368952828,5.088114768370126
2017-09-11,36.18,26.32,30.73,0.03,54.23,3.6688692378485865,4.461325362041161
2017-09-12,36.32,24.27,30.25,0.0,56.75,3.6845620429608754,5.297103721802984
2017-09-13,36.02,24.14,30.31,0.0,56.23,3.599087367326071,4.607010879481317
2017-09-14,36.47,25.09,30.76,0.0,54.5,3.764869805246508,5.0072092844876614
2017-09-15,36.98,25.57,30.6,0.0,51.19,4.108682124487229,5.4666741694087415
2017-09-16,37.19,22.85,29.85,0.0,49.29,4.381340167614882,4.537138055302801
2017-09-17,38.12,23.03,29.44,0.0,45.89,4.924829221877308,6.573499330301273
2017-09-18,37.86,20.6,28.96,0.0,41.28,5.083844651537264,6.332817190020782
2017-09-19,37.66,23.09,29.79,0.0,31.6,5.282533102568756,5.030177859947424
2017-09-20,37.85,23.0,30.21,0.0,28.85,5.394138742908224,5.014434057199687
2017-09-21,37.68,20.48,29.03,0.0,36.62,5.157586328864392,5.0561122000346685
2017-09-22,36.74,20.67,28.26,1.14,58.49,4.166220920458741,5.0586629173153055
2017-09-23,28.68,20.37,24.85,20.31,72.22,1.7127720024007096,3.4058895364350112
2017-09-24,34.87,18.65,26.97,0.0,52.15,3.885824118717583,4.408157693875436
2017-09-25,36.62,22.86,29.18,0.0,41.44,4.562988993906329,5.195983163654539
2017-09-26,36.39,22.1,29.06,0.0,39.54,4.563681739497824,4.674234908641469
2017-09-27,36.81,21.64,29.07,0.01,41.08,4.649545263534245,4.530638734495818
2017-09-28,36.64,22.31,29.48,0.0,40.32,4.602321670456867,4.105712243259275
2017-09-29,37.44,21.18,28.8,0.0,43.24,4.8446836449611785,4.98292371775108
2017-09-30,37.5,22.2,28.44,0.0,35.37,5.178013993869522,5.184715469426795
2017-10-01,37.23,20.71,28.99,0.0,31.66,5.16483154304539,4.780468545474421
2017-10-02,38.21,21.21,29.18,0.0,34.29,5.4110148123544874,5.25296434525268
2017-10-03,36.53,21.53,28.71,0.0,33.18,4.883042507893631,4.807692612516804
2017-10-04,36.14,20.28,28.13,0.0,35.03,4.720453674807318,4.453328701082664
2017-10-05,36.12,21.71,28.57,0.0,37.56,4.58320075880213,4.744900245857921
2017-10-06,36.25,21.73,28.14,0.0,37.69,4.676732105704149,5.117352873648973
2017-10-07,36.76,20.82,28.18,0.0,38.82,4.807248887437317,5.111319254415565
2017-10-08,36.32,20.5,28.89,0.0,36.68,4.687319640094158,4.068241114450692
2017-10-09,36.5,19.67,28.07,0.0,40.59,4.678199425550832,4.308248048093282
2017-10-10,35.47,20.52,28.07,0.0,42.01,4.283370573137117,3.8594800489296643
2017-10-11,35.5,22.29,28.81,0.0,36.83,4.379224884935287,3.417888466920951
2017-10-12,35.87,22.04,28.03,0.0,39.66,4.463489706047014,4.573414576424756
2017-10-13,36.34,21.35,27.77,0.0,34.92,4.837051401284757,4.8893690455234955
2017-10-14,36.58,19.82,27.67,0.0,32.0,5.048168899040757,4.538112894674279
2017-10-15,36.36,21.49,28.61,0.0,26.93,5.100680912556747,3.4907311781454093
2017-10-16,36.37,21.25,27.44,0.0,28.96,5.084636776976203,5.0675150097040325
2017-10-17,35.62,18.28,26.01,0.0,33.09,4.83074153233075,5.0150238040719906
2017-10-18,35.17,20.51,26.5,0.0,25.6,4.850367418581547,4.371736357290318
2017-10-19,35.9,18.33,27.21,0.0,26.27,5.039814426688452,3.965566335945427
2017-10-20,36.19,19.71,26.9,0.0,26.61,5.139388576727453,4.0561204128234385
2017-10-21,34.93,20.29,26.08,0.0,28.33,4.727434301799557,4.418008365928082
2017-10-22,34.45,17.89,26.13,0.0,24.41,4.676647572197179,3.710944920121449
2017-10-23,33.63,17.55,24.63,0.0,29.86,4.3600201453925225,3.873768331777448
2017-10-24,33.65,16.39,24.05,0.0,30.58,4.380615559579603,4.9193889121546865
2017-10-25,33.41,15.35,24.34,0.0,26.45,4.4275968452573595,3.8072380219738524
2017-10-26,32.07,15.74,23.04,0.0,27.75,4.05061889204959,4.127696187942289
2017-10-27,31.33,14.67,22.05,0.0,34.98,3.7264606012642565,3.682901031190292
2017-10-28,31.95,16.5,22.95,0.0,32.15,3.905500310890675,3.487199171273067
2017-10-29,30.46,15.14,21.88,0.0,35.77,3.4624551457373247,3.2103872919863616
2017-10-30,29.5,15.54,21.74,0.0,37.44,3.1890700631367213,2.9959351950113304
2017-10-31,31.05,15.99,22.0,0.0,38.69,3.5407512882353025,3.075165558537774
2017-11-01,29.34,14.53,20.73,0.0,46.34,3.013020204162867,3.529022377570552
2017-11-02,29.44,15.32,21.74,0.0,44.76,2.998058911686416,2.830716390460529
2017-11-03,29.0,16.34,22.25,0.0,41.31,2.9336391913144944,2.368437175743389
2017-11-04,29.02,17.98,21.87,0.0,42.69,2.9213604111839917,2.534377628112705
2017-11-05,28.44,16.02,21.28,0.0,45.44,2.771762000571707,2.6784375416787114
2017-11-06,28.03,16.39,21.08,0.0,43.85,2.7326183804493707,3.0337554820168386
2017-11-07,29.26,16.33,21.35,0.0,38.17,3.1420980358861956,2.6837124455319934
2017-11-08,29.11,15.48,21.12,0.0,38.97,3.102556341831076,2.8543252597196824
2017-11-09,29.67,15.63,21.58,0.0,36.84,3.2701780725698786,2.8176967036933687
2017-11-10,29.07,16.45,21.6,0.0,33.8,3.1913159978245504,2.5915371941830307
2017-11-11,29.32,16.79,21.49,0.0,34.06,3.247421904506155,2.7070323717101945
2017-11-12,27.93,13.86,19.61,0.0,35.35,2.997049979852694,3.137847934949258
2017-11-13,26.83,14.88,19.61,0.0,32.13,2.822777706437689,2.280364920253856
2017-11-14,27.03,12.9,18.54,0.03,42.01,2.719796762183469,4.20108283141036
2017-11-15,25.57,12.6,18.11,2.7,52.15,2.24581478910876,2.5267089384071184
2017-11-16,24.92,13.78,18.38,2.52,53.75,2.0511148700204087,2.298122439340634
2017-11-17,24.78,13.65,18.2,0.3,50.05,2.107314933892478,2.703712200251552
2017-11-18,25.54,12.29,17.39,0.14,49.14,2.345667572783204,3.0633005472247263
2017-11-19,24.53,9.39,16.14,0.02,41.93,2.360775378070124,3.147731795107084
2017-11-20,25.28,9.33,15.9,0.01,39.03,2.560486293381759,3.286009827617304
2017-11-21,25.18,8.41,15.6,0.0,39.41,2.544717805135437,3.376975221242318
2017-11-22,25.82,7.8,15.08,0.0,32.83,2.8130792502000777,3.9752474447734714
2017-11-23,26.33,10.21,16.93,0.0,26.7,2.9530871637996863,3.573826821987072
2017-11-24,26.4,9.69,16.3,0.0,26.83,2.980253077710002,3.4939651261360702
2017-11-25,26.6,9.28,16.96,0.0,26.0,3.0165008882549267,3.233281945609056
2017-11-26,26.02,12.59,17.48,0.0,25.13,2.88628854055901,2.954384827888075
2017-11-27,26.33,10.14,16.55,0.0,31.75,2.8619015070633407,3.763060111938035
2017-11-28,27.05,10.96,18.36,0.0,28.17,3.01880322482656,3.0367335842030303
2017-11-29,27.24,11.27,18.75,0.0,27.31,3.055554541965164,2.6617197104584505
2017-11-30,26.76,11.07,17.4,0.0,30.16,2.9522619079211094,3.410849906623377
2017-12-01,26.12,10.84,17.48,0.0,27.12,2.874500574795304,2.8426660092338505
2017-12-02,25.5,12.65,18.07,0.0,26.31,2.735556100639866,2.07425180822941
2017-12-03,24.67,10.43,17.13,0.0,29.93,2.54244278359187,2.2324466926132955
2017-12-04,23.64,11.96,16.72,0.0,30.91,2.3485325218247026,2.1091289497164594
2017-12-05,25.11,10.02,15.41,0.0,31.06,2.6743092053566797,3.0171552664686714
2017-12-06,25.51,8.98,15.1,0.0,22.76,2.9028257161670203,4.477629806041347
2017-12-07,25.53,7.14,14.72,0.01,18.55,2.975661009042704,4.119609934004439
2017-12-08,25.53,8.16,14.97,0.0,22.13,2.908379008587949,3.664678438299128
2017-12-09,25.27,10.02,16.83,0.0,21.53,2.8191649298725134,2.135084358186001
2017-12-10,24.82,11.0,16.88,0.0,22.02,2.724171691796956,2.417840743844996
2017-12-11,17.81,11.06,13.44,11.03,54.08,1.262663368290362,1.9212396808967431
2017-12-12,19.68,10.59,14.48,2.07,75.23,1.0831971353501955,1.5867537398526048
2017-12-13,19.52,8.17,12.54,0.06,64.5,1.3863668128176927,1.627560959359169
2017-12-14,18.85,5.51,10.88,4.09,71.2,1.2799446628038893,1.760234541727514
2017-12-15,19.47,4.62,10.74,0.0,55.0,1.6016705434435563,2.557227096479429
2017-12-16,21.36,3.03,10.45,0.0,46.06,2.019403154439056,3.2510507291336967
2017-12-17,22.9,3.51,11.39,0.0,40.4,2.297353231185814,3.3916121629611737
2017-12-18,24.96,5.43,13.16,0.0,39.41,2.6137920820784983,3.8557041550838047
2017-12-19,26.01,6.56,14.25,0.0,41.37,2.7405205240846326,3.6530332004884123
2017-12-20,23.74,8.65,15.02,0.0,45.47,2.191120398123017,2.763982932368206
2017-12-21,26.55,9.77,16.33,0.0,47.71,2.6381899460798452,3.3441520534338802
2017-12-22,25.36,7.82,14.73,0.0,45.94,2.5261450802013714,3.6901233305763177
2017-12-23,24.5,6.41,13.93,0.0,42.78,2.4512897132353544,3.1827663512535462
2017-12-24,23.06,10.67,15.19,0.0,40.95,2.1305000732862993,2.121792082086809
2017-12-25,22.53,7.05,13.42,0.0,44.22,2.091639756440208,2.817772789069331
2017-12-26,23.45,6.52,13.95,0.0,37.62,2.3269357898773233,2.653398885269067
2017-12-27,23.97,10.5,16.34,0.0,33.65,2.3721796131311783,2.2944905525689787
2017-12-28,24.3,10.94,15.68,0.0,38.36,2.378989114941875,2.688737500032146
2017-12-29,23.99,6.53,13.46,0.0,40.81,2.4089350549300135,3.0996202379623408
2017-12-30,22.25,7.53,13.67,0.0,28.53,2.2613887458701933,2.350641470915863
2017-12-31,21.18,8.47,13.73,0.0,25.83,2.117155658325412,2.185124394934713
2018-01-01,19.65,6.16,12.42,0.0,28.8,1.8823378193647442,2.0715466427115263
2018-01-02,20.71,6.23,12.65,0.0,31.74,1.9911759170289711,2.082564147885448
2018-01-03,20.3,5.88,11.95,0.0,34.24,1.9205659804595387,2.1479656865005228
2018-01-04,21.22,6.02,12.51,0.0,33.11,2.0713182993027788,2.0171841619578466
2018-01-05,21.19,4.58,11.9,0.0,36.38,2.036692632319049,2.2974052754328937
2018-01-06,20.68,4.9,10.88,0.0,44.9,1.8860210983339833,2.6038112592398286
2018-01-07,20.99,3.33,10.66,0.0,43.6,1.9681321857986336,2.821136568394873
2018-01-08,21.05,3.55,11.56,0.0,38.97,1.9995172673888653,2.471374777673772
2018-01-09,22.62,5.02,11.89,0.0,36.32,2.2735062344985826,3.0309657412373423
2018-01-10,23.6,3.48,11.6,0.0,34.34,2.4821533164399483,3.5755710957107594
2018-01-11,22.61,4.71,13.04,0.0,33.76,2.265075653347744,3.0229534212412315
2018-01-12,22.51,8.18,14.93,0.0,31.26,2.2228008798892835,2.666255561219985
2018-01-13,22.97,9.12,14.84,0.0,31.37,2.2983986289987306,2.398040710371098
2018-01-14,23.65,8.68,14.0,0.0,30.9,2.4529752518425254,2.822681519674311
2018-01-15,23.27,4.7,12.25,0.0,33.57,2.414219549445701,3.4017748596491852
2018-01-16,25.53,3.37,13.46,0.0,26.46,2.9061422673553903,3.3799920336802964
2018-01-17,24.16,5.61,13.78,0.0,29.33,2.5811711053220656,3.923562915884882
2018-01-18,25.96,10.16,15.64,0.0,29.52,2.8516786879384384,3.0230169927782984
2018-01-19,23.64,8.0,13.35,0.0,31.63,2.4729180139829694,3.132532873291223
2018-01-20,24.95,4.1,12.54,0.0,29.31,2.766911073163561,3.759215591469008
2018-01-21,23.83,4.77,13.5,0.0,22.91,2.6215764544735785,2.8839688599138427
2018-01-22,23.26,6.47,14.19,0.0,23.32,2.493688782341405,2.5927112848653935
2018-01-23,12.53,6.02,8.96,14.87,67.11,0.720524221036524,1.5333771814629031
2018-01-24,18.01,5.77,10.04,0.39,80.97,1.101307322104562,1.781045856594496
2018-01-25,19.65,3.78,11.34,0.0,55.13,1.6256792891328349,2.4834841076269205
2018-01-26,21.25,7.26,13.25,0.0,40.72,1.9395313207843583,1.8516027528805084
2018-01-27,20.88,6.75,12.29,0.0,38.02,1.951770448606681,2.181490325957536
2018-01-28,22.47,6.95,12.9,0.0,36.95,2.202128370299146,2.6060364479107485
2018-01-29,24.01,7.55,14.12,0.0,36.18,2.4488556820355907,3.2607315653271263
2018-01-30,26.45,8.2,15.38,0.0,37.85,2.844206006397329,4.090686058476339
2018-01-31,24.22,8.92,15.69,0.0,40.88,2.348123438039868,3.716241285061168
2018-02-01,27.21,11.81,17.83,0.0,40.83,2.8271909355676526,3.5300030502842183
2018-02-02,25.08,8.29,15.11,0.0,39.09,2.561804296475317,3.722325725723022
2018-02-03,24.48,7.51,13.97,0.0,32.7,2.6000311159488905,3.49292212740097
2018-02-04,24.5,4.58,12.98,0.0,31.11,2.6698168534775255,3.960540005851962
2018-02-05,24.84,6.2,14.28,0.0,25.47,2.768184996071551,3.438660254185847
2018-02-06,24.66,4.29,12.84,0.0,24.95,2.773708627058611,4.407706141167359
2018-02-07,24.43,5.14,13.07,0.0,25.35,2.719003451703399,3.772004103286138
2018-02-08,24.01,6.89,13.54,0.0,24.44,2.6370023366000614,3.4931336041962355
2018-02-09,24.21,6.06,14.35,0.0,24.45,2.655047001011478,3.3343915153819577
2018-02-10,25.77,9.72,16.75,0.0,20.08,2.9577172986161893,2.854219195853929
2018-02-11,23.0,9.18,14.68,0.5,38.25,2.199082001777515,3.1568273757163734
2018-02-12,17.17,9.93,13.4,13.07,78.39,0.7784543707545033,2.1609376983681434
2018-02-13,22.39,7.59,13.53,0.64,68.17,1.735447849481778,2.9827918481293976
2018-02-14,23.54,6.1,14.14,0.0,58.51,2.060777123162725,3.6981081202091275
2018-02-15,25.53,8.47,15.96,0.0,52.06,2.384606023745476,3.8019639255666715
2018-02-16,26.17,9.03,17.0,0.0,51.66,2.457017036082305,3.5989143012971962
2018-02-17,28.91,11.21,18.3,0.0,41.52,3.232485802995392,4.708498796252513
2018-02-18,27.85,8.17,17.53,0.0,31.17,3.2308463983218183,4.217293806858475
2018-02-19,28.59,13.45,19.54,0.0,28.83,3.2906411845960237,3.771894791275135
2018-02-20,29.82,13.52,20.56,0.0,36.51,3.3792984882138164,4.057107589162252
2018-02-21,30.58,14.2,21.12,0.01,39.5,3.465317512119754,4.263316523888004
2018-02-22,29.76,13.57,20.37,0.0,40.57,3.3010558639073606,3.8763873795711956
2018-02-23,31.02,13.93,22.05,0.09,31.99,3.7225608281259586,3.433054658837656
2018-02-24,29.65,15.38,21.38,1.82,40.05,3.237023553433941,4.650754099987381
2018-02-25,28.76,12.65,19.42,0.74,53.43,2.8835174216029937,4.298507102873266
2018-02-26,29.03,11.92,19.71,0.0,46.52,3.0359397111922517,4.935490663040905
2018-02-27,31.25,14.59,21.88,0.0,43.35,3.485622575083908,4.468567157641253
2018-02-28,29.7,16.03,21.47,0.0,39.23,3.2302959887510108,3.814643588362917
2018-03-01,29.39,16.54,22.17,0.03,36.84,3.1558949748466656,4.026135252029052
2018-03-02,31.46,16.25,22.82,0.09,40.51,3.5748128678569295,4.615250450463533
2018-03-03,24.01,15.68,19.92,0.81,54.97,1.7345152443603307,2.900278587064409
2018-03-04,25.88,14.68,19.48,0.03,54.62,2.1818291827723,3.5619457477544443
2018-03-05,29.4,11.98,20.1,0.0,41.11,3.2414035989177896,4.659141551727373
2018-03-06,29.51,11.8,19.88,0.0,38.09,3.3250703790938965,5.190388650255442
2018-03-07,31.45,11.1,21.14,0.0,33.11,3.8787247787130226,5.547375460325087
2018-03-08,32.11,16.06,23.54,0.0,28.33,4.008163585113593,4.13327302356518
2018-03-09,32.28,14.62,22.79,0.0,31.93,4.032028747101561,5.186755010955144
2018-03-10,32.24,14.08,22.43,0.0,35.27,3.9588323883454155,5.745993657832435
2018-03-11,32.55,13.87,22.88,0.0,38.06,3.942576341817663,5.446935837101476
2018-03-12,34.62,15.48,24.68,0.0,33.11,4.635780460028421,5.421096199095787
2018-03-13,35.74,18.82,27.12,0.0,21.81,5.155157372698914,4.815500730312409
2018-03-14,35.21,15.86,25.26,0.0,19.88,5.120103420863813,6.5378525923310065
2018-03-15,33.58,16.72,24.24,0.02,25.02,4.499020929710163,5.032047141139029
2018-03-16,31.9,17.86,23.55,0.08,27.68,3.9945912640955896,5.206194422937733
2018-03-17,31.59,13.47,22.1,0.0,24.61,4.0923836616849885,6.472173842469717
2018-03-18,33.84,13.85,23.13,0.0,21.12,4.743473359927881,6.190112033110149
2018-03-19,35.15,16.42,24.82,0.0,21.45,5.058664541096236,5.65592500715468
2018-03-20,36.01,16.38,25.64,0.46,29.25,5.105464321147458,5.081861057120758
2018-03-21,31.52,18.09,23.9,1.53,40.38,3.530940014858286,4.081957671505026
2018-03-22,30.64,16.17,22.61,0.66,45.24,3.2816541955540854,4.530298820098439
2018-03-23,31.54,14.87,23.23,0.0,36.2,3.6909625596915,5.073346428355123
2018-03-24,33.74,15.5,24.44,0.0,32.42,4.342017121965674,6.3258322154653595
2018-03-25,35.25,16.5,25.46,0.0,24.89,4.9896248282544216,7.149232443836797
2018-03-26,36.16,15.36,25.83,0.0,19.71,5.425598928471847,6.867587501024894
2018-03-27,38.14,19.51,28.41,0.0,14.27,6.183982298395684,5.328232595746796
2018-03-28,38.18,20.42,28.39,0.0,12.85,6.236615279382776,6.808238132405497
2018-03-29,38.34,16.52,27.7,0.0,17.02,6.194193147631852,9.161921600089702
2018-03-30,38.72,17.05,27.67,0.0,12.7,6.502162748436636,7.347610633523222
2018-03-31,39.05,16.11,27.92,0.0,9.31,6.676410440393234,6.531851744329174
2018-04-01,36.14,16.05,26.87,0.0,14.54,5.488316031630735,6.274375543047559
2018-04-02,36.7,17.61,27.54,0.0,21.03,5.458222197580602,5.416616729545849
2018-04-03,36.01,21.2,27.89,0.0,22.15,5.143504311722302,5.122316152398328
2018-04-04,39.12,22.58,30.1,0.01,22.81,6.120768455681342,6.0456085596608835
2018-04-05,38.54,22.41,30.26,0.0,26.97,5.71905836566295,5.997364265895556
2018-04-06,39.3,24.16,31.06,0.01,24.98,6.060246495431683,5.705636997582489
2018-04-07,37.55,21.15,29.78,0.09,31.31,5.282611734337685,5.58214668004895
2018-04-08,37.19,21.85,29.36,1.53,34.16,5.0325560903137365,7.513416474115097
2018-04-09,36.42,21.08,28.7,2.33,38.92,4.653424376151279,5.263237783731854
2018-04-10,33.04,21.96,26.55,4.63,48.48,3.436604856811811,5.004608569222957
2018-04-11,34.36,21.11,27.47,1.15,49.46,3.8010354381867444,3.7636929573510365
2018-04-12,34.46,18.63,26.34,0.0,41.22,4.242162988625705,6.043038409301177
2018-04-13,35.64,17.05,26.56,0.0,27.36,5.019935234426482,7.148143767121329
2018-04-14,37.84,19.7,28.88,0.0,25.57,5.631899893015831,7.357061892318945
2018-04-15,38.96,20.96,30.56,0.0,26.15,5.927575587136252,6.774193044272326
2018-04-16,39.88,24.52,31.33,0.57,26.35,6.217213967331463,6.341483343037365
2018-04-17,39.01,22.64,30.77,0.2,29.45,5.814179048581685,8.464643281556388
2018-04-18,39.01,21.98,30.64,0.0,29.96,5.816562372319179,8.723882705459046
2018-04-19,39.3,23.48,30.6,0.01,22.5,6.233149202464803,8.480255634608731
2018-04-20,38.74,19.61,28.72,0.47,22.29,6.0743187647447066,10.781380812340888
2018-04-21,34.82,17.02,26.02,0.0,29.74,4.767921959665498,8.191435053329915
2018-04-22,35.41,16.4,26.18,0.0,25.75,5.008515949172301,8.103333969941069
2018-04-23,39.03,18.33,28.8,0.0,20.18,6.325366778732363,9.759030779347702
2018-04-24,41.86,20.63,30.94,0.0,14.99,7.559318286324166,8.930229425907527
2018-04-25,43.0,22.75,33.15,0.0,14.15,8.004357291502105,7.260433353519867
2018-04-26,43.2,24.82,33.82,0.0,18.1,7.8668996622079534,7.91979138434589
2018-04-27,42.23,25.24,34.04,0.0,17.23,7.4650278364811715,6.553898835913251
2018-04-28,42.45,26.22,34.72,0.0,17.29,7.490917553018068,7.577402938551306
2018-04-29,43.25,25.21,34.5,0.17,17.31,7.914674836673148,8.909326427932658
2018-04-30,43.8,26.06,35.42,0.0,13.42,8.300006407658161,7.183991370116877
2018-05-01,43.82,26.53,35.5,0.0,14.49,8.227031458230886,8.766934006258959
2018-05-02,42.24,25.73,33.96,1.54,19.32,7.324188111701996,6.865684307921237
2018-05-03,40.27,26.37,33.44,0.38,24.79,6.268365768629478,9.383971864405776
2018-05-04,39.67,26.45,33.43,0.0,31.09,5.727415169165584,7.741720616444337
2018-05-05,41.73,27.51,34.51,0.04,22.51,6.923621848364835,6.6611254596740075
2018-05-06,40.74,27.01,33.05,0.09,23.86,6.528862053663655,8.868436557228543
2018-05-07,39.02,26.42,32.12,1.32,26.68,5.78493526344063,7.8486146179012435
2018-05-08,37.44,22.8,29.92,1.88,36.21,5.015856324473339,7.775565620328566
2018-05-09,38.28,23.27,31.05,0.01,30.28,5.481201241593826,7.692671159681075
2018-05-10,40.8,25.27,32.81,0.0,23.81,6.612898546155766,7.604719185387745
2018-05-11,44.26,24.62,35.06,0.0,20.94,8.130360491598916,8.535032026094365
2018-05-12,45.26,30.13,37.08,0.17,19.67,8.542174521202574,7.534912611027283
2018-05-13,43.51,28.57,35.65,1.74,23.98,7.59810822638382,10.190592431577254
2018-05-14,38.22,25.09,31.81,2.58,29.84,5.378112185187271,6.838961392562984
2018-05-15,40.16,25.39,32.97,0.0,27.29,6.163078860621715,7.286219596012987
2018-05-16,41.09,27.34,34.08,0.8,25.55,6.520488328846433,9.740388886653845
2018-05-17,42.66,25.24,34.48,0.0,21.49,7.454290350128337,7.900790000027378
2018-05-18,40.63,28.11,33.33,0.0,22.89,6.494241419576344,7.782489611790442
2018-05-19,42.15,26.06,34.84,0.0,20.85,7.214174057816045,8.445825788281311
2018-05-20,42.55,26.39,34.74,0.02,16.18,7.61752474834095,9.095682945172053
2018-05-21,42.85,26.23,35.0,0.0,14.33,7.8025337982319725,10.086684126200698
2018-05-22,44.28,27.15,36.1,0.0,13.82,8.441535847054757,10.553895465784487
2018-05-23,44.32,28.18,36.17,0.0,11.2,8.629952546839656,12.088554492151122
2018-05-24,44.16,26.32,35.55,0.0,9.69,8.656915593895418,10.805124468352231
2018-05-25,45.44,26.23,36.38,0.0,10.02,9.232008177760452,11.21553967238623
2018-05-26,45.84,26.84,36.57,0.0,9.4,9.46575803797704,8.762318975563607
2018-05-27,45.44,29.56,37.21,0.0,9.29,9.24072202510109,7.816343892061925
2018-05-28,46.05,27.93,37.55,0.0,12.26,9.374522336592158,10.654036713090136
2018-05-29,46.74,30.48,38.61,0.0,9.87,9.838008940591195,7.024983104383644
2018-05-30,44.64,28.92,37.19,0.0,15.05,8.481692776194208,10.98999235257134
2018-05-31,45.26,30.24,38.22,0.0,17.41,8.632716472519355,8.751371054356097
2018-06-01,45.84,29.61,38.08,0.0,17.5,8.921158892534224,9.072242253932691
2018-06-02,42.34,28.3,35.36,3.29,29.94,6.732306318510346,9.811488894545462
2018-06-03,43.32,27.5,36.09,0.0,28.43,7.289998663307088,8.438319842410236
2018-06-04,43.72,28.81,36.85,0.0,30.13,7.162650259162882,10.781310148319648
2018-06-05,43.81,31.99,37.93,2.83,34.37,6.822149281302073,10.655533321122949
2018-06-06,39.87,31.25,35.15,12.85,48.22,4.645072220025744,7.134314901028332
2018-06-07,42.49,30.38,36.71,0.01,41.6,5.98133348591843,6.372362591037952
2018-06-08,43.02,30.32,36.9,2.77,38.6,6.353391367662246,8.445831014980959
2018-06-09,38.94,28.88,33.75,16.1,54.37,4.200068956169752,5.536763538829965
2018-06-10,40.95,29.03,35.0,1.23,48.08,5.211669365131744,6.603411428306023
2018-06-11,42.6,29.92,36.07,0.08,39.89,6.226257991424421,9.399087406859044
2018-06-12,45.3,29.1,37.45,0.0,29.06,8.040175673010182,10.245174497998478
2018-06-13,44.41,29.36,37.58,0.0,28.29,7.556958689996911,10.739260143960058
2018-06-14,43.58,31.5,37.14,0.0,30.58,7.034373677420971,12.198718444280855
2018-06-15,41.86,32.2,36.57,1.04,34.31,6.08392199919981,9.314870980339077
2018-06-16,39.07,30.24,34.63,11.48,48.86,4.4138737892376705,6.4106051704402445
2018-06-17,36.0,28.26,32.19,18.41,57.23,3.256509440859521,4.481698972870426
2018-06-18,37.78,27.84,32.59,2.08,47.4,4.329695044310293,6.310168395325238
2018-06-19,39.87,26.44,33.33,0.0,46.42,5.084413127737967,8.220110773341517
2018-06-20,41.85,28.83,35.42,0.12,42.0,5.870501111724096,7.965472261498999
2018-06-21,42.29,29.81,36.02,0.03,38.82,6.147778499450721,7.937756811419084
2018-06-22,43.67,28.36,36.38,0.0,34.48,7.009607004725978,7.34304389191634
2018-06-23,43.49,29.71,36.71,0.04,32.96,6.939808038894972,8.35753134908288
2018-06-24,43.67,29.19,36.69,0.0,29.18,7.275579995920942,9.46064707677747
2018-06-25,44.06,30.02,36.97,1.77,31.86,7.242067970345392,10.060322306343155
2018-06-26,42.06,29.28,36.08,3.34,38.77,6.02469807453676,7.848349302159375
2018-06-27,36.45,29.02,32.7,11.65,51.25,3.60988286859146,3.976000652049526
2018-06-28,32.05,26.91,29.32,40.04,73.79,1.771748713235917,3.2314897092809622
2018-06-29,36.41,26.27,31.17,18.36,66.82,3.1488698039541907,4.851710793297499
2018-06-30,37.38,27.68,32.65,1.37,59.18,3.569118215489063,5.835271593894318
2018-07-01,38.36,28.54,33.54,1.52,58.06,3.822436902821621,6.571957187452254
2018-07-02,38.12,28.45,33.5,26.62,63.28,3.4792717460932865,6.6979352910448275
2018-07-03,35.64,27.07,31.57,16.46,66.82,2.782937810209621,4.6435403921536045
2018-07-04,34.78,27.25,30.79,8.64,69.88,2.5202363995117363,4.656736289497484
2018-07-05,35.98,26.53,31.28,0.35,63.22,3.133529008322249,5.142968696622637
2018-07-06,37.3,26.7,31.68,0.01,59.62,3.691953952689875,6.7719158323312705
2018-07-07,39.36,26.35,32.64,0.0,50.77,4.7559368578434835,7.567094880905282
2018-07-08,40.42,27.68,34.15,0.0,47.18,5.099268897727024,6.949155959932135
2018-07-09,40.83,27.98,34.92,0.16,47.17,5.20124777737667,6.521262249460229
2018-07-10,40.39,28.22,34.59,0.88,52.49,4.7814595736300625,6.239919006020665
2018-07-11,38.59,28.13,33.48,7.35,57.78,3.9643860414388987,5.430352616458137
2018-07-12,38.93,28.71,34.1,9.09,57.2,4.022268373519291,5.509057932233353
2018-07-13,35.31,27.65,31.36,21.91,71.65,2.491075809348192,5.030217239240922
2018-07-14,36.62,26.48,31.24,3.14,69.02,3.1171122284550004,6.011266735502853
2018-07-15,36.63,26.99,31.41,4.78,72.28,2.8996308038319762,6.355547265363953
2018-07-16,32.35,27.09,29.89,48.24,81.81,1.40990906051473,4.014257517135968
2018-07-17,32.36,26.59,29.3,20.96,81.74,1.550075346084323,3.87006038382356
2018-07-18,33.62,26.25,30.19,5.08,76.65,1.957917084131954,3.4991710826205327
2018-07-19,34.27,26.42,30.74,3.57,74.32,2.1557073855497704,4.971940830892254
2018-07-20,33.77,27.75,30.89,4.71,74.12,1.982347813213004,3.851568192362486
2018-07-21,34.78,26.91,30.73,11.66,76.58,2.217002807654607,4.473566840336876
2018-07-22,33.35,26.6,29.81,3.12,80.7,1.7802096846064943,3.7237661248872125
2018-07-23,33.04,26.39,29.77,3.79,79.42,1.7567266070320793,4.134624615068574
2018-07-24,34.46,26.72,30.72,1.18,75.21,2.1742505419930627,4.6825137557561
2018-07-25,34.97,27.6,31.24,18.29,76.54,2.1695895234758207,4.19959233510388
2018-07-26,33.95,26.34,29.76,17.12,77.91,2.1063757484839494,4.206612691892048
2018-07-27,33.87,25.62,29.27,6.21,80.65,2.059882144089349,4.343878378107703
2018-07-28,33.79,25.66,29.75,5.84,77.68,2.0611873257614994,4.180834910376966
2018-07-29,34.96,25.82,30.61,1.15,72.6,2.4818940473570974,5.133980241102188
2018-07-30,35.24,26.14,30.71,2.43,72.31,2.559983694152271,5.914680206290906
2018-07-31,36.16,26.27,30.9,2.08,67.65,3.0662677111988,6.279469169334659
2018-08-01,36.3,24.66,30.5,0.77,66.82,3.209593749095382,6.170992295172194
2018-08-02,36.82,25.56,30.91,0.03,62.95,3.487968633417103,6.453386457883674
2018-08-03,36.98,24.7,30.61,0.06,62.03,3.622439622876029,6.412500306725144
2018-08-04,36.61,25.62,31.1,1.0,63.32,3.351943106416037,5.5592391517418935
2018-08-05,36.91,26.21,31.22,2.19,64.1,3.4108051173642995,5.7460166414355545
2018-08-06,30.74,25.71,27.96,3.47,77.85,1.5064731634416777,3.7212359859966493
2018-08-07,31.23,24.27,27.41,15.04,81.16,1.614087588085369,2.5297979004259363
2018-08-08,33.0,25.23,29.15,5.86,77.2,1.9481373625709382,4.250584177593269
2018-08-09,35.06,26.14,30.6,3.66,71.55,2.5758853400723365,4.411566279546864
2018-08-10,36.28,26.24,31.44,0.17,66.07,3.0757199579850405,5.239406059593842
2018-08-11,36.94,26.69,31.91,1.54,65.57,3.23079015211342,5.511366668641254
2018-08-12,35.82,26.59,31.04,12.57,67.05,2.9307437638063534,5.3576807588126645
2018-08-13,33.51,25.49,29.4,5.4,72.37,2.2628199739891426,4.009460327440142
2018-08-14,34.73,25.44,29.99,0.81,72.26,2.54103882241476,4.89130172883195
2018-08-15,36.22,27.16,31.81,0.28,64.56,3.0665736139863458,4.256891003374272
2018-08-16,36.01,26.25,31.15,0.0,67.15,2.987100513968381,5.097715068804023
2018-08-17,35.84,26.54,30.99,10.91,68.87,2.872733359157657,4.866210655106068
2018-08-18,33.9,26.39,30.36,7.94,73.95,2.138879319232278,3.531668754339088
2018-08-19,36.43,26.61,31.83,0.17,65.72,3.064487044456858,5.14605137075119
2018-08-20,37.37,26.95,32.21,1.3,63.49,3.434544222557122,4.800713016266256
2018-08-21,35.04,26.14,30.49,2.35,73.22,2.5048887168490093,5.071363579480874
2018-08-22,35.97,26.8,31.5,2.58,69.3,2.8065882956718213,4.008539158278478
2018-08-23,36.27,26.71,31.33,9.21,68.36,2.995140118581986,4.865723355472908
2018-08-24,37.44,25.55,31.34,2.83,62.9,3.634275746871151,5.91061936274964
2018-08-25,37.75,26.14,31.78,0.09,57.74,3.906263125907451,6.237291134730513
2018-08-26,37.0,26.12,31.65,0.02,57.91,3.642143461001698,5.61918217759522
2018-08-27,37.45,26.07,31.8,1.03,59.47,3.717879191855089,5.564398163278362
2018-08-28,35.02,26.86,30.88,0.02,64.91,2.7990060873574736,4.439585534645412
2018-08-29,35.67,25.96,30.46,7.32,67.7,2.976899482868529,4.848463139792926
2018-08-30,37.64,24.73,30.99,4.42,64.33,3.787798125467637,5.318354142028793
2018-08-31,39.21,26.28,32.44,0.11,54.31,4.551403975021664,5.388975990970314
2018-09-01,36.64,27.1,31.82,2.88,56.88,3.558431712097458,4.75329190649136
2018-09-02,34.42,26.05,30.01,4.23,61.05,2.9287420397060147,3.480021104867562
2018-09-03,31.58,24.45,28.04,8.35,72.71,1.924108144373608,3.894784231991382
2018-09-04,35.91,24.74,29.87,0.79,63.66,3.339447887087058,4.732135746540451
2018-09-05,37.31,25.01,30.93,1.76,57.15,3.9654367946201567,5.350569070522594
2018-09-06,37.08,25.2,30.94,3.15,55.16,3.9552284564103464,4.81059833694359
2018-09-07,33.93,25.76,29.39,8.15,72.96,2.3538218030038895,3.786784912729795
2018-09-08,33.74,25.27,29.49,3.62,71.46,2.371542098883143,4.139395444129008
2018-09-09,33.92,24.94,28.92,2.99,71.64,2.479370442578493,4.671345726895138
2018-09-10,34.29,24.44,29.24,3.68,71.37,2.57927840567334,4.389462968487584
2018-09-11,37.02,25.12,30.89,0.78,61.22,3.6649946930464927,4.997267066364059
2018-09-12,36.72,25.77,30.68,6.83,59.82,3.6372136039454315,5.6081639618313455
2018-09-13,37.13,23.97,30.27,1.98,52.21,4.170858451899023,5.81897981325664
2018-09-14,36.21,22.9,29.32,0.01,53.94,3.911819441515541,4.9375345807556865
2018-09-15,35.87,23.43,29.37,0.0,54.22,3.790224809101701,4.4626245283885115
2018-09-16,34.97,22.62,28.56,0.0,59.46,3.389789278750152,5.21935718437437
2018-09-17,35.91,23.73,28.82,0.0,53.68,3.893993619381471,5.700231555457955
2018-09-18,36.28,22.59,28.51,0.01,51.6,4.146126036868992,5.625421398481141
2018-09-19,36.83,21.75,28.57,0.35,50.78,4.382335720639546,5.6096635435711955
2018-09-20,37.25,22.81,29.18,0.0,50.06,4.491932057161421,5.179768530625749
2018-09-21,35.78,23.89,29.15,1.9,64.23,3.385707744489144,5.738764499335426
2018-09-22,28.82,22.44,25.25,31.29,86.82,1.1885670548917973,1.8813477966304981
2018-09-23,26.45,22.34,24.26,40.81,91.72,0.6745882702637731,1.9542711195280704
2018-09-24,27.14,21.25,23.97,59.21,92.01,0.8591959354337835,1.8760720737599477
2018-09-25,29.53,21.13,25.13,16.08,82.5,1.5245108602887543,3.9267919390454615
2018-09-26,31.76,20.3,26.3,0.0,69.26,2.401150893489356,4.248721269526028
2018-09-27,32.65,19.63,25.79,0.0,65.35,2.83820569380254,4.283347971911677
2018-09-28,32.84,19.67,26.19,1.86,64.58,2.863392351793157,4.103873213506431
2018-09-29,32.3,22.09,26.76,1.33,62.06,2.7075337566968067,4.235632927243625
2018-09-30,32.46,20.03,26.48,0.0,61.05,2.82097185907075,4.398784076243872
2018-10-01,33.74,22.09,27.28,0.0,56.59,3.254084747705608,4.195847384290411
2018-10-02,32.85,20.98,26.88,0.0,55.25,3.0916096791238203,4.188078196490569
2018-10-03,33.31,20.77,26.47,0.01,57.23,3.214664950944946,4.049491222013458
2018-10-04,32.22,19.69,25.98,0.96,56.8,2.980766805369684,3.8598409405565093
2018-10-05,32.37,20.22,25.59,0.0,57.59,3.0263313913863157,4.178049342805298
2018-10-06,32.55,19.73,25.71,0.0,55.95,3.112817441739179,4.222900579235848
2018-10-07,32.29,20.34,25.47,0.0,55.91,3.0688379199474443,4.001348926675714
2018-10-08,32.63,19.04,25.26,0.0,58.07,3.1429524748236504,3.9177209243424373
2018-10-09,31.32,18.45,24.97,0.0,63.19,2.6496051041973683,3.772060207223104
2018-10-10,29.75,19.26,24.84,2.75,68.38,2.0661250825114137,3.33140690613092
2018-10-11,29.76,20.15,24.63,1.03,69.95,2.108001410156789,3.3402522228867966
2018-10-12,30.04,17.75,23.97,0.0,62.89,2.4793262503612743,3.446596334562618
2018-10-13,30.18,18.28,24.32,0.0,49.37,2.834729808668442,3.7166271878750967
2018-10-14,30.49,17.5,24.16,0.0,44.82,3.063237069453338,3.8613309404972576
2018-10-15,31.19,18.59,24.3,0.0,44.32,3.245190355316323,3.4200219281454363
2018-10-16,31.17,16.33,22.9,0.0,56.25,3.052146592121771,3.7184188993337117
2018-10-17,32.12,16.82,24.18,0.0,51.09,3.3593822446519113,3.7626016978402985
2018-10-18,31.35,16.96,23.93,0.0,53.12,3.086098365933067,3.7523728043352906
2018-10-19,30.98,17.86,23.81,0.0,50.97,3.0616263927266356,3.5219439093388996
2018-10-20,31.05,18.96,23.76,0.0,42.09,3.3299067034092222,3.8397854548332755
2018-10-21,30.82,17.68,23.32,0.0,43.25,3.274432468835494,3.8429103330169356
2018-10-22,30.88,15.27,23.39,0.0,40.84,3.3633800830823755,3.9341723362808283
2018-10-23,30.12,17.06,23.01,0.0,37.72,3.2649820596011,3.6454438894623653
2018-10-24,30.74,16.66,22.39,0.0,42.72,3.338309712460015,3.4107947103730676
2018-10-25,30.44,15.74,22.12,0.0,46.41,3.201718712465425,3.6033590328382252
2018-10-26,30.3,16.57,22.94,0.0,44.13,3.1403435284874504,3.084750999206974
2018-10-27,30.39,17.9,23.37,0.0,43.57,3.1281195133447386,3.252987377083372
2018-10-28,30.19,16.13,22.89,0.0,47.54,3.0113096424428316,3.298556587614723
2018-10-29,30.64,17.18,23.37,0.0,47.4,3.085123264981807,3.239891860422962
2018-10-30,30.04,16.94,22.9,0.0,46.93,2.994907943758027,2.9664057963901143
2018-10-31,30.19,15.36,22.41,0.0,51.07,2.988112010412155,2.9776473461544044
2018-11-01,26.81,17.65,21.06,0.01,56.65,2.126921742373491,2.834641465819934
2018-11-02,29.88,15.96,21.89,0.01,61.5,2.674527700685223,3.6261690416661883
2018-11-03,26.17,17.01,20.49,0.92,72.46,1.6834234675197361,2.843452167992527
2018-11-04,26.21,14.45,19.03,0.01,59.12,2.2761076576469845,2.8482808065575167
2018-11-05,25.89,11.79,17.92,0.0,42.85,2.5043729137638615,3.4496401723277375
2018-11-06,26.46,10.67,17.12,0.0,47.58,2.621005815900695,4.10962273097983
2018-11-07,27.11,8.62,17.91,0.0,33.5,2.9767238847544006,3.3700649911206764
2018-11-08,27.01,11.04,19.26,0.0,34.02,2.8516269531050327,2.6968659211525887
2018-11-09,26.48,14.09,20.13,0.0,32.85,2.7183320073613655,2.1055317282919765
2018-11-10,26.75,12.66,19.49,0.0,35.97,2.735483868800264,2.662816578664696
2018-11-11,25.75,13.74,18.82,0.0,44.23,2.378912769749494,2.6172865316413767
2018-11-12,28.49,15.42,20.89,0.0,43.83,2.848792498852156,2.3584663906495917
2018-11-13,28.12,16.06,20.42,0.0,50.37,2.651362178941434,3.0920755367984833
2018-11-14,26.92,13.56,19.41,1.62,58.19,2.2991192155033033,2.5092583360906677
2018-11-15,26.06,13.65,18.62,0.12,59.49,2.1487056580391206,2.8952842961374414
2018-11-16,26.87,10.36,17.76,0.0,51.7,2.5795652661730193,3.7575935349393053
2018-11-17,27.28,10.36,18.92,0.0,41.12,2.793150625040967,3.437214473487005
2018-11-18,27.45,12.53,19.75,0.0,39.45,2.7973359816756984,2.746339546320712
2018-11-19,27.21,14.48,19.43,0.0,51.05,2.49663422538964,3.4562262926935348
2018-11-20,27.36,13.93,19.12,0.0,51.77,2.5404857834710945,3.252334742655364
2018-11-21,27.45,11.11,18.88,0.0,44.18,2.7833610467073053,3.5483925578460522
2018-11-22,26.61,13.35,18.66,0.0,37.63,2.709971906198984,2.7226017643698097
2018-11-23,27.18,10.8,17.53,0.0,48.41,2.69426824754861,4.099957634101935
2018-11-24,27.24,9.13,17.49,0.0,43.47,2.8196015913122583,4.065775646738571
2018-11-25,28.0,12.47,19.41,0.0,37.01,2.9864871756971647,3.032517364125637
2018-11-26,27.97,12.99,19.66,0.0,36.7,2.974271207819824,2.977097799505349
2018-11-27,22.27,13.02,16.29,0.0,54.78,1.691387956933048,2.3242688858604654
2018-11-28,26.91,12.12,18.69,0.0,47.37,2.598421680087141,2.3793098711739984
2018-11-29,25.09,12.54,17.7,0.0,46.11,2.2740077822607017,2.7666788282343915
2018-11-30,26.16,10.72,17.58,0.0,45.79,2.5337581810658167,3.144580303348534
2018-12-01,26.13,10.47,17.8,0.0,37.74,2.663845355833513,3.0138532775780558
2018-12-02,26.07,11.08,17.48,0.0,38.45,2.6404242603723342,2.504699738177772
2018-12-03,24.55,11.8,17.17,0.0,41.57,2.2965498335137267,2.3490590672555385
2018-12-04,24.5,12.36,17.32,0.0,41.69,2.2784010850618297,2.3020683443553427
2018-12-05,23.83,11.69,17.18,0.0,42.7,2.14548169450883,2.0773900449614926
2018-12-06,24.02,10.04,15.78,0.0,47.88,2.158655090541197,2.5172124933796503
2018-12-07,23.12,9.99,15.46,0.0,50.21,1.9869731734529645,2.387988407128627
2018-12-08,22.46,10.7,15.77,0.0,45.59,1.9288860532648044,1.9006907488503912
2018-12-09,23.21,11.43,16.18,0.0,43.82,2.06356255285176,2.0788030909769395
2018-12-10,22.89,9.08,14.86,0.17,53.25,1.9275805680218054,2.5602182597111494
2018-12-11,23.55,9.48,16.27,0.85,56.03,1.9382886507693784,2.0623020695900514
2018-12-12,18.3,10.42,13.62,9.26,73.25,0.982808554589784,1.5520431456663533
2018-12-13,18.82,8.34,12.84,0.06,73.22,1.128233356752899,1.493950795483349
2018-12-14,20.47,6.85,12.53,0.0,64.85,1.5083403181144501,2.2282101814491155
2018-12-15,21.5,4.95,11.73,0.0,54.5,1.864815317451861,2.6793289968843994
2018-12-16,21.46,4.29,11.28,0.0,47.62,1.9700821469308636,2.7319273410185807
2018-12-17,21.8,4.12,11.56,0.0,42.42,2.073032553991144,2.7957373207829805
2018-12-18,22.25,4.51,12.45,0.0,38.29,2.1629053568865864,2.8967622603461884
2018-12-19,22.04,6.61,13.36,0.0,33.63,2.164037556748713,2.3183220637678734
2018-12-20,22.02,7.6,12.76,0.0,33.05,2.1821824939130234,2.4345019269844785
2018-12-21,20.92,3.99,11.76,0.0,34.47,2.0259937591450186,2.5343966913915867
2018-12-22,21.0,4.8,11.79,0.0,35.76,2.01641541901548,2.0725856023184464
2018-12-23,19.18,3.84,10.8,0.0,44.62,1.6737274625746903,1.9458001670745486
2018-12-24,18.41,4.34,9.78,0.0,47.62,1.5701462148274425,2.2134794146527588
2018-12-25,19.74,2.18,9.72,0.0,44.89,1.7900530717352523,2.76305597552347
2018-12-26,18.66,4.43,10.99,0.0,38.66,1.6692098693348318,2.057351698932186
2018-12-27,18.98,4.94,10.33,0.0,39.63,1.7205223000606877,2.179106171901942
2018-12-28,18.27,0.85,8.46,0.0,43.4,1.645372039949482,2.435931145390605
2018-12-29,19.24,3.03,10.18,0.0,39.08,1.7651881028484513,2.3315197815879207
2018-12-30,19.82,6.49,11.67,0.0,36.81,1.8296284549619162,2.0547564689797078
2018-12-31,19.69,5.26,10.54,0.0,42.24,1.7814066020985748,2.6590813509307996
2019-01-01,16.07,5.14,9.6,0.0,44.91,1.3001924346660885,1.7740662579987614
2019-01-02,20.15,7.01,11.58,0.04,48.08,1.7412336555275236,1.934529769443693
2019-01-03,19.46,4.65,10.83,0.0,66.32,1.4502769856386504,2.1160361782646215
2019-01-04,18.92,4.71,10.76,0.0,52.58,1.539159394047728,1.9327673313965859
2019-01-05,19.18,6.32,11.75,0.39,53.21,1.5135136232217832,2.0043229318709095
2019-01-06,15.35,7.07,10.59,1.49,81.73,0.717259478817073,1.3510102362700231
2019-01-07,19.59,4.62,10.88,0.0,72.03,1.3894619359186493,2.0318464580902025
2019-01-08,20.97,6.88,12.05,0.0,55.1,1.753214366283422,2.477271550887263
2019-01-09,21.45,4.7,11.56,0.0,59.65,1.8184877333566516,2.933399925875388
2019-01-10,20.78,4.05,12.34,0.0,42.23,1.9071494625021495,2.189915834353379
2019-01-11,21.31,7.71,13.56,0.02,42.11,1.9150099277309973,2.065317530867693
2019-01-12,20.02,7.61,13.04,0.22,58.19,1.4881611735716822,2.1144605939721934
2019-01-13,20.25,7.34,12.29,0.34,61.67,1.5452850732754126,2.2379671407692676
2019-01-14,20.72,2.63,10.11,0.0,46.08,1.9442231542601311,3.551539915776135
2019-01-15,20.59,1.08,10.32,0.0,32.39,2.05324533858787,3.0183212891201796
2019-01-16,22.01,8.2,14.24,0.0,24.19,2.266218698589733,1.774626437911615
2019-01-17,21.12,4.09,11.81,0.0,37.57,2.017958392652703,2.8430691385393154
2019-01-18,21.83,4.59,11.59,0.0,44.04,2.055539787161992,2.652411129548015
2019-01-19,21.1,7.58,13.01,0.0,47.52,1.822024858446427,2.518399441166251
2019-01-20,23.64,10.95,15.42,0.38,52.19,2.056826337637431,2.2856439155190005
2019-01-21,19.19,10.81,13.59,8.42,65.62,1.2292593485687429,1.8720916538965167
2019-01-22,15.57,8.57,12.0,21.04,83.13,0.6138840296226775,1.390625165126246
2019-01-23,18.44,5.86,10.99,0.26,72.67,1.210362574373427,1.896175128553336
2019-01-24,18.79,5.84,10.62,0.0,61.43,1.4338190435556961,2.050451030195611
2019-01-25,17.6,2.41,9.93,0.38,56.83,1.3690895681799091,1.799825958983575
2019-01-26,17.79,2.43,9.4,0.02,54.01,1.4366796643880222,2.3407143526384626
2019-01-27,17.86,3.56,8.99,0.0,51.96,1.4905183199110006,2.7356084361239024
2019-01-28,19.0,0.67,8.54,0.01,47.49,1.7121357167139766,2.9534107359371866
2019-01-29,20.41,0.51,9.74,0.0,42.4,1.9399088756885619,3.0162217482317
2019-01-30,17.59,5.4,10.69,0.05,50.86,1.3761519916615215,2.1333683351035853
2019-01-31,19.19,6.42,11.07,0.78,64.49,1.4329284447221002,2.004740106037757
2019-02-01,19.05,4.11,10.76,0.29,66.16,1.404631859564607,1.799364765263013
2019-02-02,20.48,5.16,11.62,0.14,62.5,1.5988356641627994,2.410131918015127
2019-02-03,21.81,4.67,12.69,0.0,52.48,1.8991941189250747,2.6780101785132655
2019-02-04,22.32,6.55,13.89,0.0,46.26,1.9953337585756787,2.544998653934997
2019-02-05,24.12,8.96,16.14,0.0,41.9,2.2762654177486357,2.7040748965802206
2019-02-06,23.83,10.03,15.68,0.45,52.95,2.049748213760836,2.9885587752229923
2019-02-07,19.63,8.37,13.54,23.92,80.05,1.0760939140485737,1.9402437527953693
2019-02-08,19.29,5.23,11.18,0.15,66.21,1.4355812363947305,2.4652785373602857
2019-02-09,19.7,2.67,10.83,0.02,60.2,1.5850090157923702,2.7771126130411705
2019-02-10,18.36,4.78,11.98,0.0,48.07,1.4685476995070557,2.4152447151210263
2019-02-11,21.35,6.45,13.56,0.0,44.09,1.8927501648864844,2.5550505729540074
2019-02-12,20.16,9.5,14.3,0.0,46.39,1.6250191127368825,2.071072097328808
2019-02-13,22.96,11.41,15.69,0.0,47.2,1.990530744440562,2.416831337865324
2019-02-14,21.62,11.02,15.06,6.99,65.01,1.4884233831326357,2.961614856217838
2019-02-15,21.2,8.74,14.0,2.9,79.09,1.2946883259357587,1.5905154833302804
2019-02-16,21.47,8.91,14.34,0.01,69.37,1.499305066918501,2.231896819018139
2019-02-17,21.84,6.5,13.99,0.0,56.76,1.7992534808615424,2.5226865268369676
2019-02-18,23.97,7.42,14.57,3.21,60.12,2.0746913851518496,3.0556327605325597
2019-02-19,22.18,7.53,14.67,0.13,63.83,1.6909955847733213,2.6329114692647164
2019-02-20,21.83,13.37,16.47,6.11,66.36,1.3837505151210943,3.0157391392054196
2019-02-21,22.07,12.04,16.16,5.07,79.16,1.218080898600962,2.4148427297491706
2019-02-22,22.44,8.51,14.38,0.06,64.64,1.7616232369782185,3.4519741171815035
2019-02-23,22.32,6.03,13.41,0.0,56.86,1.8957518031351874,3.635166723700123
2019-02-24,23.15,7.45,15.19,0.0,44.47,2.1238120110170544,3.372810498562341
2019-02-25,22.8,9.11,14.86,0.01,47.79,2.0221565080788766,3.422568066372906
2019-02-26,22.52,7.45,14.14,1.97,49.19,2.0002070328222317,3.488074811526755
2019-02-27,19.69,6.38,12.83,4.6,62.99,1.4147529279641424,2.9361792095317543
2019-02-28,21.17,6.88,13.75,0.0,51.22,1.7686676602912585,3.0587589495391847
2019-03-01,23.54,8.42,14.86,0.0,47.04,2.1628418200134427,3.629892703129684
2019-03-02,20.22,10.64,14.0,3.74,68.34,1.3084572495097049,2.207821939116136
2019-03-03,23.14,9.75,15.54,2.93,73.16,1.5946145600691912,2.7400243899934122
2019-03-04,22.3,10.62,16.15,0.18,67.3,1.504444858133068,2.8207668564280484
2019-03-05,24.22,9.03,16.6,0.0,54.57,2.075410870003739,3.575685129258723
2019-03-06,24.68,8.8,17.15,0.0,46.67,2.2524888522156252,3.8811656666439975
2019-03-07,26.02,11.73,17.75,0.0,43.48,2.5446835220002413,3.688587069966038
2019-03-08,21.19,12.67,16.23,0.24,57.89,1.4615395705866379,1.9242784955984409
2019-03-09,24.79,9.17,16.81,0.0,60.46,2.0468002605286326,3.8494576927486595
2019-03-10,26.47,9.8,17.96,0.0,47.55,2.5552499557998196,3.9418339798070385
2019-03-11,25.7,10.91,17.17,3.37,54.89,2.2879773992886334,3.9117225918680227
2019-03-12,24.78,10.98,17.08,0.0,56.6,2.112888724311188,3.683641216178491
2019-03-13,24.14,12.12,17.1,0.04,52.33,2.046432863050713,2.9205824135840097
2019-03-14,25.55,11.83,17.63,1.79,51.85,2.285548214536761,3.3590714622072215
2019-03-15,25.89,10.32,17.19,0.62,58.25,2.292180598913555,4.202778710147625
2019-03-16,27.52,9.11,18.17,0.03,50.31,2.7149036273532414,4.052488434232667
2019-03-17,28.86,10.79,19.64,0.0,45.03,3.03827406743516,4.492441319153948
2019-03-18,29.42,12.37,20.59,0.02,42.57,3.1259002414361694,4.051463670160324
2019-03-19,29.98,13.63,21.34,0.0,42.81,3.2183139484620704,4.572809293417867
2019-03-20,30.52,14.77,21.64,0.03,41.77,3.3871598837821746,6.172416213126915
2019-03-21,29.28,13.16,20.8,0.01,44.7,3.069093150367715,5.076119933034762
2019-03-22,30.15,11.9,20.48,0.01,40.96,3.3994492460177006,5.788991412461059
2019-03-23,28.85,12.76,19.83,0.0,49.46,2.8946579542753303,5.317370983179197
2019-03-24,28.37,14.04,20.85,0.0,56.69,2.5520324383237742,3.9517633262289595
2019-03-25,27.0,14.28,20.79,0.09,50.32,2.4055940226607397,3.8326405121339646
2019-03-26,32.72,12.21,22.23,0.0,40.26,3.9949928484706403,6.147906456192327
2019-03-27,33.01,15.4,24.18,0.0,33.94,4.092018007860065,5.144526666637572
2019-03-28,35.94,19.65,26.82,0.0,35.41,4.75072065402519,5.282155247362234
2019-03-29,36.9,20.4,27.91,0.0,39.16,4.887321707479905,5.654069986578559
2019-03-30,37.82,20.84,28.8,0.0,35.72,5.2754982612918955,5.485467883551385
2019-03-31,35.44,15.67,25.14,0.0,26.48,5.066759414025211,8.077216858803205
2019-04-01,36.0,14.39,25.02,0.0,30.11,5.154806175574803,7.325562130211505
2019-04-02,37.01,17.42,26.56,0.0,25.46,5.51939097645281,5.944362900415567
2019-04-03,38.37,18.97,28.16,0.0,27.83,5.800440037680733,6.718358409733
2019-04-04,39.55,19.66,29.34,0.0,32.11,6.040801971191693,6.530312829337696
2019-04-05,37.78,22.64,29.53,0.0,36.38,5.138231647621493,5.545007777206819
2019-04-06,39.47,23.44,30.45,0.0,34.68,5.8092211042807085,6.704059207995409
2019-04-07,39.01,23.46,30.95,0.0,30.03,5.803000732197977,5.939580004312633
2019-04-08,36.4,21.34,28.75,0.04,30.66,4.946105876638807,6.100072405012013
2019-04-09,38.28,19.76,29.4,0.75,30.13,5.622622722832215,5.993321237818904
2019-04-10,39.08,22.17,30.34,0.02,32.36,5.720136845949573,7.07385182784056
2019-04-11,39.13,21.95,30.14,0.0,33.0,5.764746905761189,6.807989994566007
2019-04-12,36.95,22.82,29.37,0.0,36.86,4.843114256150404,6.7548151574863375
2019-04-13,37.37,22.49,29.6,0.08,37.17,4.945266163913412,6.326008703858599
2019-04-14,38.56,22.37,30.18,0.0,38.22,5.315477607090594,7.695729279937219
2019-04-15,39.57,22.95,31.07,0.16,35.3,5.76162406966454,7.601014555443937
2019-04-16,32.1,21.31,25.91,8.47,55.12,3.017296579541155,5.622499509750188
2019-04-17,23.32,17.42,21.11,11.9,74.08,1.0296655307031872,2.8547983436367863
2019-04-18,29.6,15.46,22.82,0.31,57.42,2.665485368361364,4.378559480146474
2019-04-19,33.1,17.07,25.2,0.0,44.29,3.7343306102883553,5.9431186243081475
2019-04-20,35.15,18.5,27.08,0.0,39.97,4.347999041786105,6.144954655552745
2019-04-21,38.09,21.14,29.48,0.0,36.59,5.274718770174719,7.387692454059078
2019-04-22,39.57,23.78,31.09,0.0,35.87,5.712439255440111,7.515831501520416
2019-04-23,42.36,22.88,33.09,0.0,33.36,6.879906148929255,7.474103777532228
2019-04-24,41.57,24.13,33.27,0.0,29.26,6.6459235420032945,7.105223852310237
2019-04-25,40.0,24.48,31.45,1.63,35.79,5.8885859264253195,6.644490606268569
2019-04-26,40.8,22.98,31.65,0.0,32.83,6.3245122333291395,8.201507911236252
2019-04-27,40.68,24.18,32.09,0.0,28.19,6.440405914502932,10.253213752730199
2019-04-28,40.96,22.16,31.55,0.0,24.92,6.747813554465646,10.031169753393234
2019-04-29,42.02,22.45,31.99,0.0,22.41,7.30810539850488,8.006429140609857
2019-04-30,42.56,23.5,32.84,0.0,21.04,7.538765638498276,8.466614161595485
2019-05-01,41.04,23.0,31.54,0.4,27.27,6.6935000655302925,8.94917805583588
2019-05-02,40.86,24.0,32.51,0.03,23.86,6.702649600174146,6.531828115233792
2019-05-03,38.39,22.4,29.88,6.6,32.82,5.567092477082875,6.923794035786954
2019-05-04,38.86,21.63,29.97,0.0,25.24,6.032092081894656,9.216226833946987
2019-05-05,41.41,21.67,31.54,0.0,20.77,7.114686056862195,7.825254502317303
2019-05-06,41.99,23.54,32.3,0.0,18.21,7.434729009461702,9.111113258207189
2019-05-07,42.81,24.43,33.3,0.0,16.64,7.820943918933879,7.644362837395098
2019-05-08,43.74,24.85,34.16,0.0,18.38,8.116655188867359,8.288044505355016
2019-05-09,43.55,26.15,35.22,0.0,18.26,7.924551978836409,9.795759520124678
2019-05-10,43.4,28.33,35.3,0.25,21.95,7.686530902212454,9.373340881312338
2019-05-11,40.18,26.85,31.7,1.73,32.61,5.966437016329471,8.590926186884667
2019-05-12,40.21,23.97,32.62,0.01,30.75,6.090758175755642,7.724087609353438
2019-05-13,41.15,28.7,34.44,2.44,26.97,6.426118517023508,7.623142656992058
2019-05-14,36.98,26.74,31.25,4.66,35.33,4.714455796310736,6.833950496757641
2019-05-15,39.1,25.71,32.82,0.39,33.32,5.463379213926228,5.217547445679333
2019-05-16,36.44,25.04,30.8,0.27,37.6,4.492505897775277,7.305986589667335
2019-05-17,37.14,24.3,29.9,11.11,49.95,4.380175007747802,4.73152272645894
2019-05-18,36.28,23.06,29.71,0.09,47.14,4.188882191313381,7.046711802960144
2019-05-19,38.75,24.19,31.58,0.0,34.83,5.4121289536938075,9.194157389300013
2019-05-20,40.39,24.87,32.58,0.0,29.42,6.190291547539248,8.325562261538105
2019-05-21,41.55,25.08,33.43,0.0,26.27,6.784059874525269,9.64814177862263
2019-05-22,42.54,26.27,34.64,0.0,26.15,7.1076786527173645,9.307882034284287
2019-05-23,41.06,28.61,33.96,4.29,34.7,6.050592307620108,7.635954042327489
2019-05-24,36.55,26.49,31.29,2.16,42.69,4.24307376185308,7.216993013897034
2019-05-25,37.16,24.74,30.87,0.49,36.92,4.776178760614397,9.222791676515739
2019-05-26,41.18,23.59,32.83,0.0,27.75,6.619350627875217,9.305077930370079
2019-05-27,42.59,25.52,34.13,0.0,20.96,7.509687476823986,10.111019311048306
2019-05-28,44.35,24.5,35.01,0.0,16.81,8.44371629746651,10.23884059836726
2019-05-29,45.96,27.17,36.92,0.0,16.87,9.114313209121589,10.545705250018855
2019-05-30,46.51,29.68,38.1,0.0,15.08,9.426500477991272,9.29357051359086
2019-05-31,47.49,28.49,38.52,0.0,13.66,10.015496272950465,10.640198067649157
2019-06-01,47.65,30.02,39.02,0.0,12.94,10.146848678031365,8.253888358114358
2019-06-02,47.25,30.4,39.46,0.03,12.46,9.905743134763792,9.021837264730955
2019-06-03,47.25,30.47,38.96,0.01,12.06,9.964100835947669,8.682666919982044
2019-06-04,45.6,28.66,37.7,0.48,17.68,8.84106634359379,8.79994311863224
2019-06-05,46.05,30.2,38.86,0.08,14.76,9.140774801670666,9.500449263795531
2019-06-06,45.83,32.38,38.73,0.06,13.39,9.103364642716887,10.157033070940008
2019-06-07,43.89,29.22,37.24,0.49,15.63,8.103919521141792,8.015245278967305
2019-06-08,45.64,31.48,38.47,0.0,14.3,8.962065790893433,9.277406482696216
2019-06-09,47.33,31.52,39.21,0.0,14.58,9.839593544632628,9.80497494164918
2019-06-10,47.98,31.17,39.66,0.0,12.78,10.279868205675916,9.669850630113524
2019-06-11,47.82,31.89,40.19,0.0,13.98,10.071129907425481,12.216316175038822
2019-06-12,45.94,32.55,39.5,1.21,17.83,8.841409706338759,9.8168380917171
2019-06-13,45.39,30.77,37.91,0.0,17.5,8.717368012305993,9.074880205139216
2019-06-14,45.82,27.48,37.23,0.0,10.77,9.353206812526082,10.749407459032227
2019-06-15,45.79,30.28,38.38,0.02,23.95,8.449244904167559,11.214824442562435
2019-06-16,40.44,31.23,35.49,7.02,36.59,5.51344203509723,8.976894768328554
2019-06-17,42.48,29.26,35.85,0.07,37.19,6.401663803771311,10.508777332320564
2019-06-18,35.19,27.26,31.51,18.25,56.89,3.1191459024732358,4.717253241486558
2019-06-19,39.4,27.57,33.35,0.03,45.31,4.935989398778585,7.290269932543744
2019-06-20,39.96,27.18,33.96,1.82,37.91,5.442952641653159,6.09198907059795
2019-06-21,38.83,27.81,32.47,17.78,46.09,4.832574899720609,6.826232786063983
2019-06-22,42.01,27.92,34.92,0.0,35.55,6.372162366078694,6.992870788496733
2019-06-23,42.2,28.65,35.31,0.0,35.29,6.377040290577297,7.878638100344914
2019-06-24,39.91,28.23,33.94,0.93,45.95,4.98022750657435,6.691101588163376
2019-06-25,39.32,30.1,34.82,1.66,46.61,4.588560937586944,5.816578700111898
2019-06-26,43.16,30.48,36.52,0.0,36.65,6.625791830129961,8.987037168332808
2019-06-27,42.6,30.63,36.34,0.88,36.2,6.3774028454339735,9.049104757169673
2019-06-28,43.73,29.78,36.72,0.07,35.25,6.92940806093136,8.731668913054895
2019-06-29,44.22,30.45,37.46,0.0,32.75,7.209761089154161,8.91079259789341
2019-06-30,44.78,30.66,37.81,0.01,31.41,7.545449961173219,8.74614301679825
2019-07-01,44.03,31.04,37.65,0.34,32.67,7.105810114975188,6.986135185867682
2019-07-02,43.93,31.18,37.78,0.01,29.59,7.2597011312976605,8.319268964245055
2019-07-03,44.35,30.98,37.71,1.28,31.49,7.311771855049395,6.898577379487499
2019-07-04,42.57,30.97,36.69,4.29,37.74,6.235151923462219,6.521562004043871
2019-07-05,42.45,30.59,36.33,1.18,38.87,6.155916708456671,6.6371647257730135
2019-07-06,42.78,30.75,36.92,1.51,40.68,6.127801279861864,5.518536007926691
2019-07-07,40.67,31.44,35.7,4.8,45.81,5.035990135584846,6.452902716559935
2019-07-08,43.18,31.0,37.4,0.55,40.28,6.277981201583762,6.681838621945736
2019-07-09,39.35,31.55,35.48,17.4,46.62,4.479971073047122,6.511566954533412
2019-07-10,41.87,29.55,35.96,0.65,43.83,5.680457290093051,6.4308048388993955
2019-07-11,40.29,30.34,35.24,9.9,46.35,4.94939594584009,6.2579290318503205
2019-07-12,37.95,30.99,34.23,29.46,52.11,3.8429844625133525,5.1023994670740755
2019-07-13,39.16,28.97,33.93,11.59,53.28,4.319529149812774,6.427287656100727
2019-07-14,35.3,27.98,31.85,29.91,62.55,2.822798370639055,3.7429234165066307
2019-07-15,36.12,25.85,30.69,24.53,69.39,2.9980982680995716,4.4823005426374705
2019-07-16,34.32,26.25,29.95,20.81,72.28,2.4272690654525944,4.0545589983531185
2019-07-17,33.18,25.72,29.25,5.82,72.39,2.1821358833400306,4.884556922210183
2019-07-18,34.25,25.83,30.11,1.09,71.16,2.40983394892851,5.391873854796233
2019-07-19,34.41,26.32,30.61,1.64,69.99,2.4147264630041945,4.876406812977867
2019-07-20,36.0,26.45,31.26,1.56,67.7,2.9319139758084125,4.589273054962671
2019-07-21,36.54,26.63,31.67,1.31,65.83,3.124614049374575,5.7208394217180345
2019-07-22,37.25,27.23,32.58,0.77,63.06,3.339027971910762,5.283100157542268
2019-07-23,39.11,28.58,33.83,0.63,57.06,4.123342430368048,5.305158660643526
2019-07-24,40.46,29.31,34.6,2.61,50.55,4.904745601817767,6.4427153814044456
2019-07-25,34.98,27.54,30.72,19.92,75.96,2.3141825017885664,3.4135229361101205
2019-07-26,33.46,26.31,29.63,4.97,77.47,1.9936213298639234,3.79110463167676
2019-07-27,33.7,25.98,29.31,6.83,78.24,2.095208564307805,3.6880761953258414
2019-07-28,33.81,25.68,29.71,7.59,78.4,2.0403338136693834,5.122081564310608
2019-07-29,34.44,26.44,30.45,1.9,75.39,2.212700971846635,6.167692043029333
2019-07-30,34.76,27.17,31.13,0.35,68.48,2.5104524392681373,5.237270483622733
2019-07-31,35.26,26.89,30.97,2.83,68.58,2.682250303545373,4.6350184950131235
2019-08-01,33.88,25.67,29.8,21.48,75.48,2.146110079626698,4.434906226952904
2019-08-02,33.97,26.57,30.54,18.88,75.86,2.033445271087707,3.919260084487189
2019-08-03,33.23,26.87,29.85,1.66,76.18,1.9276289010813596,4.361266420212862
2019-08-04,36.08,26.52,31.32,0.35,67.28,2.956236125858066,5.489855846395364
2019-08-05,36.53,26.72,32.01,0.32,67.13,2.9894486360464407,5.134847749785311
2019-08-06,36.66,27.71,32.18,3.72,66.2,3.047929659968861,4.661700849399538
2019-08-07,32.32,26.77,29.7,1.86,75.13,1.7316808544877031,5.125769594902406
2019-08-08,33.41,26.48,30.35,0.3,67.95,2.2532035124591925,4.952020523126741
2019-08-09,36.21,26.44,31.4,5.66,66.61,3.0097183340112186,5.168282532072335
2019-08-10,34.89,26.67,30.49,1.43,72.21,2.4991993967537365,5.526692964219201
2019-08-11,35.61,26.28,30.99,0.48,71.93,2.647266520537223,5.5463050981433
2019-08-12,34.32,27.95,31.18,23.89,73.48,2.1026886700684675,4.890277171983589
2019-08-13,35.65,27.4,31.77,8.52,70.9,2.578029043435368,3.7708609709898706
2019-08-14,35.29,27.18,30.68,0.71,73.03,2.5494271989433854,5.090280519095836
2019-08-15,32.59,26.39,29.03,7.06,82.08,1.640621663496996,4.166846534507233
2019-08-16,32.7,26.02,28.99,6.68,79.47,1.8046617656298807,4.3341137396459875
2019-08-17,30.14,25.69,27.31,46.15,88.19,1.082965906059127,2.4672566388532244
2019-08-18,31.18,24.46,27.39,42.1,83.9,1.506217969156145,4.747003518835229
2019-08-19,32.23,24.0,28.17,0.53,79.95,1.7951872841730308,4.69681147945726
2019-08-20,32.72,24.11,28.28,0.0,77.5,2.01224829936229,5.430035969609888
2019-08-21,34.37,24.37,29.07,0.01,72.26,2.5879414216003904,5.4250393584817
2019-08-22,34.24,23.74,28.73,0.46,70.73,2.668474935795837,5.4095250856465285
2019-08-23,33.83,24.06,29.1,8.33,69.47,2.5186074522465782,5.119756010428199
2019-08-24,35.1,24.92,29.72,1.94,67.88,2.8865974087053816,5.021542761357926
2019-08-25,32.7,24.24,28.31,7.99,80.28,1.889806122405194,4.157173906625918
2019-08-26,33.08,24.6,28.96,1.19,77.8,1.990960207882107,4.620322023972306
2019-08-27,34.56,26.02,30.57,0.0,69.84,2.46745017705313,5.127100953702598
2019-08-28,35.0,26.57,31.05,1.03,71.1,2.4699673715470936,5.238159387527733
2019-08-29,34.63,26.39,30.74,9.94,73.16,2.3144205097156414,4.741577610257788
2019-08-30,34.17,26.01,30.56,2.18,72.92,2.2227353481003522,4.321793962247196
2019-08-31,35.27,27.24,31.26,1.81,69.55,2.586223371450473,4.543356308114452
2019-09-01,32.6,26.61,29.13,2.77,77.72,1.806771361060009,3.2514950963505385
2019-09-02,33.8,25.03,29.69,0.51,72.09,2.290692119555588,4.1988287529066595
2019-09-03,35.28,26.27,30.68,0.75,69.71,2.701198971759297,4.776977565382508
2019-09-04,34.49,25.72,29.93,44.61,75.69,2.317154987435254,4.36355531366381
2019-09-05,33.28,25.91,29.6,9.15,78.56,1.8829455770591568,4.405781289463874
2019-09-06,34.12,26.01,30.24,0.53,75.99,2.130076250660053,4.623371898486519
2019-09-07,34.43,26.1,30.47,0.02,73.35,2.298986194884254,4.537116800163607
2019-09-08,33.54,25.23,29.81,0.0,72.87,2.1682181504793765,4.209865829887724
2019-09-09,35.87,25.64,30.3,0.0,68.46,3.0275573856854536,5.2401747603888005
2019-09-10,35.04,24.06,29.49,0.0,67.11,2.9539001161205602,5.0015136318842695
2019-09-11,36.2,24.07,29.97,0.0,66.03,3.307280154958083,5.029454925825816
2019-09-12,37.35,24.08,29.93,1.26,65.42,3.7675692977963924,5.27341225028215
2019-09-13,34.62,25.07,29.59,0.08,70.83,2.629263502366463,4.42494007391065
2019-09-14,36.08,25.43,30.19,0.09,68.71,3.123521602402422,4.645222416029608
2019-09-15,34.83,24.58,29.72,0.85,69.17,2.7657213060178614,4.327225374130544
2019-09-16,35.8,24.44,29.89,0.06,66.42,3.1834494318281763,4.671394269211837
2019-09-17,36.03,24.59,29.79,0.08,65.91,3.266295350871266,5.137584631829962
2019-09-18,36.06,23.58,29.24,0.04,62.98,3.493368113265533,4.909435189316259
2019-09-19,32.51,23.07,27.44,0.32,72.56,2.276874055484894,4.546228652791468
2019-09-20,33.71,22.65,27.82,0.04,71.89,2.614115327412059,4.655443651058585
2019-09-21,34.14,23.14,28.56,0.0,66.84,2.836959010302819,4.600050711947198
2019-09-22,33.12,23.25,28.03,0.67,69.52,2.4871053749600125,4.168538352963184
2019-09-23,33.59,23.06,27.95,0.06,69.25,2.6627147811459584,4.555237622034628
2019-09-24,34.05,22.9,28.31,0.0,67.83,2.7946653965393002,4.565080665630172
2019-09-25,33.75,23.89,28.8,0.47,67.87,2.6194068796950027,4.244348564930336
2019-09-26,33.29,23.94,28.61,3.11,69.76,2.429695424274136,3.9338601653725185
2019-09-27,33.88,23.75,28.42,4.26,66.71,2.7707287017034252,4.0348911953700135
2019-09-28,30.57,22.79,26.36,29.31,79.26,1.6976533316768134,3.1633256777249956
2019-09-29,29.39,21.98,25.09,13.4,83.03,1.4833801735115686,2.8604529109331014
2019-09-30,30.57,21.01,25.29,1.05,79.09,1.8860561987850102,3.329274092452983
2019-10-01,30.71,21.18,25.65,0.21,76.59,1.9547666030153983,3.457314349010025
2019-10-02,30.99,21.27,25.86,0.0,73.27,2.1006102845426264,3.808904669615346
2019-10-03,29.94,21.84,25.62,3.69,72.32,1.8844071359412866,3.310578635232425
2019-10-04,27.06,19.73,23.55,0.23,77.55,1.3432284822411074,2.629112676270133
2019-10-05,30.13,17.62,23.48,0.0,75.72,2.1530192109234663,3.8982067044405078
2019-10-06,29.29,18.31,23.35,0.0,73.24,2.0299836239881777,3.323794944181348
2019-10-07,31.39,19.08,24.4,0.0,64.19,2.7327884490228946,4.445805279361088
2019-10-08,31.89,18.36,25.04,0.05,58.87,2.944986835511977,3.958190569935965
2019-10-09,31.45,18.59,24.6,0.07,60.17,2.8309433351957467,3.8646258796256525
2019-10-10,30.78,18.11,24.48,0.0,61.11,2.6276124094707907,3.769667682668943
2019-10-11,32.06,20.06,25.47,0.0,55.94,3.020035332659846,3.7297595503938923
2019-10-12,32.29,19.47,25.07,0.0,58.51,3.0437974846876426,3.504792307807562
2019-10-13,32.7,19.87,25.27,0.0,60.27,3.0926961262162163,3.8164993749241725
2019-10-14,33.51,20.4,25.96,0.0,58.4,3.341232831527424,3.7157070191029486
2019-10-15,33.09,19.03,25.12,0.0,59.51,3.275284319512984,3.793693362919499
2019-10-16,32.7,18.33,24.68,0.0,55.97,3.308723395358868,3.650936207790205
2019-10-17,32.28,18.45,24.41,0.0,55.35,3.218385756636132,3.9959987525547747
2019-10-18,31.84,18.74,24.03,0.62,55.84,3.1112729981663403,4.037264908853845
2019-10-19,32.52,17.69,23.81,0.09,54.31,3.38770639835517,4.324159259651328
2019-10-20,30.63,17.09,22.83,0.0,57.21,2.89614330676406,3.8132076046479897
2019-10-21,30.63,16.95,22.73,0.0,51.76,3.0373357160099737,4.139267908471932
2019-10-22,31.8,15.61,23.05,0.0,48.59,3.4256399746738553,4.410606341324872
2019-10-23,32.64,18.26,24.0,0.0,42.85,3.739640592290673,3.8300092647910793
2019-10-24,31.63,16.25,23.03,0.0,47.26,3.415068545523436,3.6153610155866316
2019-10-25,30.07,15.91,22.73,0.0,50.17,2.9369090047407878,3.426592516212507
2019-10-26,30.27,15.88,22.89,0.0,50.42,2.9620847437103084,3.3833838461119634
2019-10-27,31.62,16.52,23.5,0.0,48.72,3.3046999767717726,3.951202365903938
2019-10-28,31.23,18.72,24.18,0.0,47.71,3.1721451138340555,3.2148557083464833
2019-10-29,31.18,18.76,24.9,0.0,42.36,3.2623238408368804,2.8952521247434877
2019-10-30,31.56,20.32,24.39,0.0,43.14,3.3630115135183036,3.482748156795668
2019-10-31,31.75,18.69,23.72,0.0,50.13,3.278034462189124,3.5647098038337113
2019-11-01,32.0,19.04,23.9,0.0,50.58,3.324223991849605,2.824187958201637
2019-11-02,30.49,18.64,23.6,0.01,52.51,2.893227348600171,2.505698501430592
2019-11-03,25.68,17.25,20.87,0.01,62.8,1.7689628728130629,2.7648212354631134
2019-11-04,29.19,15.34,21.5,0.0,60.51,2.5706135298952546,3.4688544138811013
2019-11-05,30.79,15.85,22.82,0.0,48.33,3.1770489609124724,3.5236798279772588
2019-11-06,30.29,15.53,22.57,0.0,43.64,3.1792135717934,4.40170905572624
2019-11-07,26.8,16.93,20.74,6.21,57.5,2.144110101413008,4.391150782048992
2019-11-08,28.89,14.44,21.01,0.48,57.85,2.6115754108823417,3.1225684558623734
2019-11-09,28.2,13.62,19.73,0.0,53.34,2.674559459907849,3.785074538236474
2019-11-10,27.12,12.64,19.09,0.0,42.24,2.730310097692381,2.987456158549851
2019-11-11,24.03,14.74,19.02,0.0,40.0,2.1308900161233995,2.182189306652813
2019-11-12,25.11,14.19,19.23,0.0,40.79,2.301559728499198,2.5109456321779398
2019-11-13,25.46,14.54,18.96,0.0,50.16,2.180656164577564,2.4164713940158378
2019-11-14,24.79,16.2,19.22,0.22,55.11,1.9208263696064338,1.9810411150073162
2019-11-15,25.82,13.53,18.6,0.17,69.32,1.9121372974288637,2.691495330243588
2019-11-16,25.33,13.99,18.35,0.8,69.44,1.8122177121773966,3.081231634984917
2019-11-17,27.21,12.44,18.47,0.0,62.37,2.3732864754813336,3.8583760095256774
2019-11-18,26.43,10.82,18.3,0.0,56.99,2.3228367594675445,3.1376232928933105
2019-11-19,27.33,13.46,18.99,0.0,48.54,2.6192499083901266,2.7071505851165534
2019-11-20,25.84,14.79,19.64,0.0,40.75,2.4353012006490564,2.1131913269411444
2019-11-21,22.99,13.68,17.52,0.0,50.01,1.821593348119702,2.2927250361934504
2019-11-22,23.26,12.9,17.75,0.03,53.19,1.8057440256183988,2.3949837901602575
2019-11-23,26.03,14.56,18.9,0.04,69.02,1.908377455679862,3.039691447639506
2019-11-24,26.54,13.57,18.94,0.0,59.47,2.240636680249702,2.796160859575597
2019-11-25,25.43,12.88,18.08,0.0,49.31,2.277167172372382,2.459631263638266
2019-11-26,21.16,13.21,15.8,12.17,69.96,1.2728518035850935,2.376705693309324
2019-11-27,18.51,12.2,15.11,5.65,83.17,0.7071340847360827,1.4320271944613854
2019-11-28,22.85,12.78,17.62,2.62,81.91,1.1572184688622402,1.6157136131693246
2019-11-29,22.97,11.52,16.35,0.16,70.99,1.54054668584025,2.084576171114383
2019-11-30,21.76,9.29,14.7,0.0,64.83,1.5680118061550876,2.1216956362368915
2019-12-01,22.81,10.17,15.28,0.0,49.03,1.9617595065858853,2.424763531914617
2019-12-02,22.92,9.11,15.4,0.0,48.85,1.9734069346842595,2.504636432245866
2019-12-03,24.43,8.5,15.35,0.0,41.4,2.4012932322933347,2.9040405053885037
2019-12-04,23.93,9.18,16.21,0.0,35.24,2.3471382540613774,2.083800752395248
2019-12-05,23.27,10.74,15.79,0.0,38.5,2.1874751954752947,1.8630797511019845
2019-12-06,23.33,8.64,14.14,0.0,49.59,2.105005131142883,2.6564107620163804
2019-12-07,24.43,8.72,15.26,0.0,47.77,2.275056267626624,2.373284700390747
2019-12-08,23.39,10.7,15.59,0.0,43.45,2.137772682689213,2.3344746991941494
2019-12-09,21.93,9.64,14.56,0.0,44.05,1.9280394847092817,2.0314086835538845
2019-12-10,22.32,9.33,14.97,0.0,40.76,2.0392319903179725,2.110454979497122
2019-12-11,21.61,8.78,15.22,0.01,40.51,1.907277751834427,1.9007122484453167
2019-12-12,15.11,10.87,12.45,1.12,68.57,0.7541456151727244,1.049739249924708
2019-12-13,16.64,11.33,13.15,21.86,86.96,0.5838626734406824,1.0125174641335604
2019-12-14,18.71,9.27,13.16,0.25,66.99,1.185292051456405,1.5531630221669177
2019-12-15,18.33,6.75,11.59,0.0,71.28,1.1675555337245918,1.8091657486382637
2019-12-16,17.81,4.46,10.36,0.0,70.44,1.1858464401951825,1.6279799648824709
2019-12-17,18.24,4.23,10.55,0.0,62.82,1.3305558249463814,1.8925937906652637
2019-12-18,18.34,3.43,10.94,0.0,51.9,1.4769750138564697,1.8388745494541707
2019-12-19,18.11,6.98,12.06,0.0,46.67,1.4421614643585259,1.7105087052729862
2019-12-20,20.96,8.13,13.36,0.0,53.02,1.6935980911368334,2.155065170164582
2019-12-21,20.01,8.28,12.74,0.0,62.54,1.449601310995359,1.920613595501402
2019-12-22,19.7,4.91,10.96,0.0,62.07,1.5211557187421159,2.2169809163457495
2019-12-23,19.34,3.14,11.06,0.0,50.0,1.6300728055295135,1.9669983429952826
2019-12-24,17.5,4.61,10.14,0.0,50.11,1.4015220492773341,1.7658066131425514
2019-12-25,17.92,2.15,8.78,0.0,57.56,1.4432742965115375,2.0396278022003784
2019-12-26,17.69,2.01,8.82,0.0,52.69,1.4567647591317368,2.085699929310714
2019-12-27,15.97,1.97,8.2,0.0,52.33,1.268762219457816,1.5814894304184175
2019-12-28,15.55,0.4,7.38,0.0,49.66,1.282868221760485,1.725434016799035
2019-12-29,16.05,0.94,7.38,0.0,53.41,1.2978618207042953,1.659641236923175
2019-12-30,16.97,0.84,8.39,0.0,54.21,1.3778586228646115,1.5145386298111545
2019-12-31,14.05,0.28,7.23,0.0,57.91,1.040200832241187,1.4900737050869217
2020-01-01,18.31,1.69,9.06,0.0,56.73,1.490199445743333,1.8950229536755705
2020-01-02,19.36,6.26,11.73,0.0,58.15,1.4621516315396497,1.8391563906310104
2020-01-03,21.37,6.42,12.27,0.0,59.5,1.7239365284838282,2.1905727569363562
2020-01-04,19.38,8.32,12.6,0.1,51.93,1.5208185085913546,1.8978078652134367
2020-01-05,17.51,6.49,11.16,0.04,61.04,1.2106026536570564,1.6449080218742793
2020-01-06,12.65,8.63,10.33,7.7,80.18,0.46539847664083367,0.8939985193119112
2020-01-07,14.77,9.2,11.35,7.79,90.51,0.467842079229015,0.7157367917779018
2020-01-08,16.51,5.99,10.83,3.44,78.08,0.8962881658397508,1.3052170109608086
2020-01-09,16.04,2.21,8.15,0.0,67.53,1.1362570543329902,1.8595026518169873
2020-01-10,17.51,0.78,8.07,0.0,55.34,1.4507624246263107,2.4182405657658546
2020-01-11,19.09,3.82,10.13,0.0,45.62,1.6843003587584868,2.3410594019408153
2020-01-12,20.95,6.21,12.56,0.0,45.94,1.8478242453129026,2.164955683473606
2020-01-13,13.09,7.57,9.6,16.35,75.55,0.6152431369053261,1.1266397983185419
2020-01-14,15.63,5.41,9.4,0.03,79.62,0.859892849852117,1.3839580342103546
2020-01-15,16.0,3.77,8.84,0.0,73.34,1.0147053081744093,1.3845179186181136
2020-01-16,17.77,3.86,9.89,0.14,68.15,1.2386425734380593,1.635523569076925
2020-01-17,18.08,5.54,11.27,0.01,61.72,1.2725104256979196,1.5211195743004684
2020-01-18,18.11,6.5,11.34,0.09,65.81,1.2252913125575549,1.5632201016523144
2020-01-19,17.5,4.2,10.04,0.0,75.54,1.0961296947859864,1.7265606543411443
2020-01-20,15.13,4.91,9.78,0.01,71.08,0.8838144047157986,1.5413015106482582
2020-01-21,18.01,4.92,10.77,0.03,62.83,1.2901380152868338,1.931138986252042
2020-01-22,18.82,4.82,10.57,0.0,66.04,1.3675561639134401,2.2843774377062926
2020-01-23,18.52,2.92,9.46,0.0,67.63,1.3832419744234334,2.5791628084711435
2020-01-24,20.44,1.7,9.82,0.0,55.29,1.7901527828716328,2.996598786271526
2020-01-25,19.46,6.66,12.76,0.01,49.68,1.5485085401618432,1.8410986663653464
2020-01-26,21.56,9.71,13.94,0.0,60.33,1.63614729447607,2.3115407094130256
2020-01-27,21.09,8.4,13.7,1.95,71.61,1.4265563443353824,1.9657959207615252
2020-01-28,15.52,9.94,12.06,7.57,88.11,0.5254107817442015,1.4085774975207104
2020-01-29,18.33,7.38,11.54,0.15,76.1,1.118343928349822,1.9824945715354385
2020-01-30,18.71,5.04,10.69,0.0,71.59,1.2819797537596092,2.2199987934616026
2020-01-31,18.22,4.84,11.17,0.0,64.47,1.2857274050571892,1.8766564056087094
2020-02-01,18.4,5.41,10.86,0.01,61.02,1.3554756271642652,2.0805823565394785
2020-02-02,18.98,3.82,10.77,0.0,64.77,1.396154969141318,2.3961751335129775
2020-02-03,19.74,3.98,11.82,0.0,54.85,1.5972870308183373,2.308316369196914
2020-02-04,18.79,3.21,10.63,0.0,59.17,1.4580618323583052,2.3214501905280778
2020-02-05,18.03,3.53,10.02,0.0,68.33,1.277796746090682,2.3284249066675797
2020-02-06,19.03,5.07,11.83,0.0,55.84,1.472297512734563,2.247265211958914
2020-02-07,18.79,5.79,11.23,0.0,55.95,1.4539859666984147,2.376630127761765
2020-02-08,20.44,6.54,12.18,0.0,54.09,1.6672593413606633,2.625543994627028
2020-02-09,21.44,5.99,12.96,0.0,51.97,1.8226832889832951,2.5279875663572597
2020-02-10,21.72,6.07,13.62,0.0,50.53,1.8515347857041733,2.701866112931502
2020-02-11,22.17,8.92,14.04,0.0,51.66,1.8768872386170694,2.6289369303739165
2020-02-12,24.84,8.11,15.29,0.0,57.38,2.200659159200706,3.507721950875554
2020-02-13,27.97,9.69,17.78,0.0,63.05,2.582712687150541,4.125525234702492
2020-02-14,25.05,9.64,15.84,0.0,56.56,2.248569278181062,4.2854286805471355
2020-02-15,26.53,5.95,14.72,0.0,46.74,2.7976225814498177,4.424216535475546
2020-02-16,27.61,9.47,17.12,0.0,38.11,3.0306082992284673,3.8002567774475216
2020-02-17,26.28,10.39,16.36,0.0,36.91,2.7886693454013542,4.107777833932609
2020-02-18,26.06,8.34,16.61,0.0,36.41,2.754082967955186,3.784098769652616
2020-02-19,25.49,9.19,16.64,0.0,39.08,2.5673100990554794,5.384206907622057
2020-02-20,26.0,10.98,17.51,0.97,50.24,2.408047818266364,4.521158218036303
2020-02-21,20.56,11.1,14.98,2.08,72.9,1.2000017879834612,2.7859257072290697
2020-02-22,24.57,9.27,16.16,0.0,67.17,1.9128434127883727,3.1854295970669906
2020-02-23,25.54,10.61,17.28,0.02,63.3,2.097203407497352,3.249934375838933
2020-02-24,26.03,12.03,17.85,0.06,57.79,2.24772803299604,3.5600965463327086
2020-02-25,26.18,12.41,18.29,0.0,54.31,2.3180110844911876,3.288711055153454
2020-02-26,27.66,11.33,19.05,0.0,52.16,2.6204885008330914,3.4878315644817843
2020-02-27,25.64,12.94,17.94,0.0,59.62,2.114283280828963,3.4975643613151677
2020-02-28,27.34,11.89,18.71,1.11,62.51,2.3588624465641743,4.422779111678093
2020-02-29,25.26,14.38,18.66,5.22,67.99,1.7875589156935379,3.568689753547697
2020-03-01,26.19,12.91,18.91,0.08,64.17,2.062918973560473,3.267505112372256
2020-03-02,27.62,12.65,19.47,0.0,59.56,2.4316114127680626,3.5423255102701936
2020-03-03,27.37,13.26,19.99,0.0,52.1,2.4961829902927786,3.753829588962376
2020-03-04,28.14,12.76,19.87,0.09,49.6,2.7351575641487367,4.1001358067552225
2020-03-05,24.14,13.16,18.14,7.35,71.68,1.5747638416992469,3.4465796438416096
2020-03-06,17.74,13.61,15.52,22.9,92.29,0.4047100573398654,1.215266439030314
2020-03-07,20.23,10.68,14.82,2.8,78.8,1.0790018312583212,2.144039011048548
2020-03-08,25.04,8.94,16.23,0.03,68.24,2.0061632479435474,3.5317281165368395
2020-03-09,25.64,9.23,16.51,0.0,62.58,2.240953606130468,4.5958862231282005
2020-03-10,26.24,9.68,18.25,0.0,49.62,2.4967343237312782,3.5465853931011253
2020-03-11,24.58,11.38,17.06,13.51,65.31,1.8696289812634734,3.5970196206786618
2020-03-12,24.63,12.02,18.17,5.99,69.43,1.7353424492310001,3.7423695403091926
2020-03-13,24.85,10.91,16.99,3.4,62.46,2.0682758491976267,3.926617692196221
2020-03-14,22.81,8.82,15.7,10.55,60.87,1.7525248486240186,2.4885624940415787
2020-03-15,23.99,9.67,16.42,0.71,63.14,1.856365358719506,3.5954851102385277
2020-03-16,26.38,10.55,18.06,0.0,62.36,2.2056087680408334,4.045535927752281
2020-03-17,28.32,11.11,19.61,0.0,60.08,2.6030812788283324,4.534725635654423
2020-03-18,27.17,13.43,20.13,0.0,64.04,2.1563254912024727,4.201859899124184
2020-03-19,29.03,16.09,21.57,0.01,61.12,2.518770989626488,4.316433662157411
2020-03-20,30.71,15.08,22.42,0.0,56.1,3.0024526757554453,4.044727871631081
2020-03-21,29.11,16.79,21.68,2.11,62.61,2.4877725650408844,3.9137108339585343
2020-03-22,29.68,15.85,21.85,0.0,55.84,2.7816307308265396,4.975789298179668
2020-03-23,27.81,15.43,21.83,0.06,60.64,2.224795123029645,4.1998181377975365
2020-03-24,29.11,17.53,22.54,2.47,58.27,2.4877725650408844,3.4276525731507714
2020-03-25,30.42,17.67,23.34,0.03,53.89,2.8796529167227005,4.142800777050627
2020-03-26,29.2,17.17,22.08,0.09,59.9,2.543625913370927,4.2023738221564635
2020-03-27,22.68,16.36,18.9,16.12,83.88,0.941872065720236,2.128909305899423
2020-03-28,28.47,13.9,20.41,0.23,64.71,2.4681159122080683,4.590708788644625
2020-03-29,29.28,13.43,20.93,0.0,57.96,2.7389168012561935,5.468709850171766
2020-03-30,27.15,13.66,19.97,0.0,62.37,2.2208684046607097,4.53674910644632
2020-03-31,25.31,14.22,19.03,0.5,74.78,1.6291768250804632,3.121459148439886
2020-04-01,31.13,15.16,22.74,0.0,57.34,3.0563554669973843,5.378994431565824
2020-04-02,28.95,14.42,21.27,0.0,60.88,2.57575403838691,5.56172794144334
2020-04-03,30.49,12.71,21.05,0.0,55.43,3.143208414614314,5.629792322910125
2020-04-04,32.09,14.29,22.59,0.0,50.93,3.5278170308579058,5.809194065579779
2020-04-05,29.13,15.93,21.63,0.65,56.12,2.6360774872717587,5.086749997972536
2020-04-06,32.98,17.67,24.54,0.0,43.85,3.7632399667428307,6.147177975344465
2020-04-07,29.48,16.57,22.02,0.24,58.67,2.636944231314831,4.201975325746406
2020-04-08,30.38,15.01,22.27,0.05,56.44,2.9640936064545285,5.732428986793333
2020-04-09,33.19,15.09,24.31,0.0,49.91,3.7180089076410825,5.442206011769297
2020-04-10,35.32,19.36,26.74,0.0,47.22,4.209374228703485,5.800728806558596
2020-04-11,35.06,19.53,26.59,0.0,49.69,4.046894251533717,6.073353847109812
2020-04-12,36.63,18.06,27.1,0.0,52.01,4.460509773653513,6.624998638632404
2020-04-13,37.03,22.83,29.05,0.0,48.11,4.4598087137267255,6.323305674927591
2020-04-14,38.15,23.69,29.3,0.0,48.67,4.832331108790118,5.865756355278658
2020-04-15,39.33,20.2,29.45,0.0,38.45,5.745756083550742,7.042965695370681
2020-04-16,37.81,20.71,28.75,0.0,39.88,5.265079704863823,7.807355378013436
2020-04-17,30.43,21.21,24.86,5.68,48.7,2.8744258774635925,5.10327260459463
2020-04-18,35.19,19.15,26.89,1.7,46.73,4.175385501414605,6.69689745963297
2020-04-19,34.02,18.71,26.11,0.33,48.77,3.8401048447742414,6.890086196261786
2020-04-20,30.66,19.71,23.97,4.43,58.07,2.7401385514642196,4.684613694777377
2020-04-21,32.9,18.27,25.07,0.93,52.69,3.48452275850577,6.363060824682587
2020-04-22,35.37,19.93,27.36,0.0,43.56,4.273907543916904,6.725233741566781
2020-04-23,35.78,22.79,28.41,0.01,43.08,4.296805827598889,7.0450002048174865
2020-04-24,37.49,20.12,29.42,0.47,43.67,4.865232003577347,6.029999910287964
2020-04-25,32.52,24.28,28.05,5.3,49.81,3.0616784694315586,4.017341646036183
2020-04-26,33.75,23.46,27.91,0.97,51.76,3.3792090949772646,5.700171971836008
2020-04-27,32.91,21.28,26.45,4.08,54.96,3.194637159624442,7.572193434381726
2020-04-28,34.24,19.87,27.53,0.0,50.35,3.6666539264361164,5.427622290628171
2020-04-29,37.64,22.59,30.06,0.0,45.43,4.67161373311771,6.374631819648391
2020-04-30,38.6,25.08,31.48,0.04,43.48,4.939118314087871,6.637000099141607
2020-05-01,41.14,25.26,32.81,0.0,40.73,6.006910617356214,7.7293101262559905
2020-05-02,39.72,25.94,32.27,0.51,38.71,5.537717296739666,7.200971575085713
2020-05-03,37.46,24.18,30.86,7.31,45.28,4.540989357367015,7.016226857848712
2020-05-04,35.74,23.09,29.61,2.91,50.06,3.9190396789633226,5.3349025292092715
2020-05-05,37.14,24.13,30.32,0.16,41.9,4.605360881009737,6.612424456531258
2020-05-06,37.44,22.13,30.07,0.0,38.41,4.981087831084931,5.635530120060312
2020-05-07,37.65,20.83,29.34,0.13,38.62,5.071733171384556,8.135402352885682
2020-05-08,40.4,24.03,31.88,0.0,33.7,6.066637192902788,7.7962282497742486
2020-05-09,41.22,24.44,33.21,0.01,32.69,6.35139363335939,7.252179784538324
2020-05-10,38.96,25.83,31.97,0.02,33.78,5.469859157622026,5.556374354937115
2020-05-11,37.88,22.71,29.39,10.6,48.85,4.749621589407624,8.482480956947219
2020-05-12,37.56,22.54,30.25,0.25,48.03,4.5963514778916,6.530664277204767
2020-05-13,36.22,25.48,30.82,0.34,41.63,4.2132987734473115,5.180638997940453
2020-05-14,36.57,25.22,30.78,7.37,47.91,4.089874105016113,5.863945425718019
2020-05-15,37.93,22.97,30.11,0.2,47.61,4.786077115065661,8.171665696028102
2020-05-16,39.25,22.19,30.86,0.0,40.4,5.520135780135954,8.589452690576838
2020-05-17,37.6,23.54,31.29,0.0,31.58,5.1329894205366795,6.551016269727223
2020-05-18,40.17,23.45,32.04,0.0,28.9,6.227026580517359,7.241242848072938
2020-05-19,39.94,23.08,31.59,0.0,26.81,6.266069506837345,8.78576354582592
2020-05-20,39.72,22.14,30.98,0.0,30.01,6.112756003732265,9.731509767913442
2020-05-21,43.16,21.8,32.87,0.0,29.21,7.519723934404775,10.763606484091634
2020-05-22,43.97,25.75,35.43,0.0,25.91,7.765784164392167,7.181336910811439
2020-05-23,45.74,28.06,36.41,0.0,22.76,8.73586478828794,9.711040324604197
2020-05-24,44.18,27.68,35.9,0.04,25.11,7.8501075551014425,9.601411262834258
2020-05-25,44.87,27.28,36.3,0.0,27.69,8.071978945354685,9.736168989741996
2020-05-26,46.25,28.59,37.59,0.0,24.78,8.845260724566883,8.758059809766435
2020-05-27,46.49,28.92,37.84,0.21,21.79,9.080146486564642,8.479610388118664
2020-05-28,43.59,28.84,36.02,0.02,25.06,7.499042402548697,12.159128647678813
2020-05-29,39.38,26.58,33.06,4.99,38.77,5.271275167679214,9.844489633864093
2020-05-30,32.67,26.06,29.16,24.37,54.08,2.78118131954283,6.411061233851462
2020-05-31,33.4,24.03,28.44,8.96,59.35,2.9177651069003367,4.4551517780012855
2020-06-01,35.33,23.21,29.62,0.14,50.3,3.7549154391144937,6.028782651273787
2020-06-02,35.46,24.25,29.99,2.44,48.63,3.7948395435811024,6.403848199689545
2020-06-03,35.41,24.29,30.22,0.47,50.4,3.697725476760966,5.474801962421483
2020-06-04,38.21,25.7,31.98,0.27,41.27,4.854005931268919,6.521629925144387
2020-06-05,35.33,25.72,30.65,5.44,48.33,3.658163981322233,6.2768174585964225
2020-06-06,34.33,25.5,29.79,9.73,51.34,3.3105725681259615,6.137936710979507
2020-06-07,37.04,24.61,31.26,2.97,46.4,4.288511926473534,5.9571869895492195
2020-06-08,39.16,26.46,33.18,0.33,42.56,4.983857670613482,6.567672117760028
2020-06-09,41.1,27.38,34.47,0.0,39.67,5.7783788176117,6.88089374630214
2020-06-10,42.99,28.35,35.81,0.08,37.37,6.574978156572978,7.0084039730130385
2020-06-11,42.21,29.09,35.85,0.81,38.87,6.127839032356929,6.814249101155129
2020-06-12,40.85,30.08,35.44,0.18,38.77,5.5421566456541775,6.743208869791942
2020-06-13,42.19,29.97,36.18,1.15,33.26,6.405166307382992,6.299983346859034
2020-06-14,42.45,29.5,35.49,0.14,34.63,6.512816487920177,7.47248327278039
2020-06-15,43.64,27.38,36.2,0.0,31.8,7.198083334595595,8.037282906452173
2020-06-16,43.49,29.15,36.71,0.03,27.08,7.315383399903789,7.726488961611466
2020-06-17,42.96,28.08,36.09,0.0,27.15,7.106075322906165,9.018815466416296
2020-06-18,44.32,29.35,37.58,0.01,27.69,7.565636255594234,8.64585752927637
2020-06-19,44.32,31.32,38.1,0.05,27.92,7.475512133160929,8.697268910229194
2020-06-20,43.4,30.62,37.08,4.66,37.03,6.615840848077514,6.693484116006228
2020-06-21,42.32,31.4,36.53,1.79,36.16,6.229266097221117,8.543640916717482
2020-06-22,39.43,28.84,34.11,10.7,47.15,4.699370067550035,7.548589058170685
2020-06-23,41.15,29.11,35.3,0.03,42.41,5.51020856488794,7.835601287295184
2020-06-24,40.13,30.06,34.58,1.31,50.68,4.711194222030381,8.46553051394442
2020-06-25,39.6,29.17,34.62,2.16,51.8,4.474310952071899,5.064901365682188
2020-06-26,41.59,30.28,36.0,0.22,44.47,5.500084321603854,5.892357294117466
2020-06-27,43.02,31.69,37.3,0.07,39.41,6.236958458267331,7.4628359663686865
2020-06-28,43.93,32.2,37.97,0.33,36.56,6.714766369721726,9.645487021030997
2020-06-29,40.87,30.53,36.07,0.77,42.15,5.290493268725877,7.316458082411738
2020-06-30,42.05,30.78,36.21,0.0,36.1,6.117271501874059,7.24333064038461
2020-07-01,41.44,31.4,36.3,0.48,42.56,5.460001609310816,6.766497981677782
2020-07-02,44.36,31.35,37.72,0.15,38.57,6.898301448337476,8.440054558251878
2020-07-03,45.46,31.58,38.66,0.0,32.66,7.738391674970742,7.936737818863674
2020-07-04,44.03,32.13,37.7,2.52,39.89,6.65954601089993,10.005088769907658
2020-07-05,38.13,27.9,32.91,24.86,53.02,4.107048191417352,7.323684924111043
2020-07-06,39.5,27.06,33.56,0.02,47.95,4.827069268528808,5.685336082395733
2020-07-07,36.49,28.09,32.44,17.9,58.04,3.340384603428236,6.812278945757173
2020-07-08,33.87,26.0,30.03,21.8,74.36,2.1506435158198873,3.919711292632714
2020-07-09,37.17,27.83,32.63,9.15,63.58,3.260339056530904,5.313747158169342
2020-07-10,42.01,29.35,35.6,0.19,47.92,5.577007541130899,8.066253539792852
2020-07-11,40.34,30.3,35.0,2.3,49.84,4.79464071671504,8.250542664120267
2020-07-12,35.02,28.08,31.47,32.99,68.34,2.5079891583138365,3.862239603501572
2020-07-13,38.12,27.18,32.56,0.03,61.52,3.7635993258768994,6.498233812279674
2020-07-14,38.88,28.28,33.63,7.44,54.69,4.180997888495506,6.294891765091439
2020-07-15,39.02,28.4,33.37,0.03,53.21,4.372722778240012,6.920165371785514
2020-07-16,37.2,27.57,32.3,1.81,62.37,3.400521718594988,6.383010516231736
2020-07-17,37.91,27.96,33.05,0.38,61.81,3.541755445169634,5.746277001166927
2020-07-18,37.33,28.98,33.32,10.71,65.19,3.1134889783893533,4.732652565365007
2020-07-19,38.85,28.24,33.64,3.63,60.8,3.880883380682739,5.825561923652698
2020-07-20,38.27,29.45,33.49,4.11,58.83,3.770259022819276,6.135543604027575
2020-07-21,34.55,27.06,30.81,17.78,69.34,2.462597848571592,3.8983740153090323
2020-07-22,35.4,25.68,30.31,2.05,64.84,3.039104483490226,5.057338949379106
2020-07-23,37.6,25.43,31.36,0.13,56.52,4.003427291989508,6.555672308597491
2020-07-24,36.98,26.15,31.44,0.03,58.42,3.6497263054097453,6.821550687300022
2020-07-25,36.82,27.0,31.58,0.1,63.16,3.363076931942385,6.157156758342409
2020-07-26,37.68,26.92,32.5,1.47,60.05,3.6793786988469113,5.285075729081849
2020-07-27,39.04,28.31,33.47,0.19,53.12,4.352880113109652,6.543402521970426
2020-07-28,41.06,28.79,35.0,1.77,50.95,5.053758886762312,7.133278868751471
2020-07-29,40.42,29.08,34.43,10.57,55.39,4.674582510637301,6.466843617775858
2020-07-30,36.77,26.87,31.7,7.07,67.74,3.121983074220551,5.146111379673589
2020-07-31,35.95,26.8,31.58,11.29,70.42,2.726625031214998,5.397202571090158
2020-08-01,36.8,27.92,32.55,5.25,65.08,3.098885325263143,5.642444729161514
2020-08-02,37.87,27.0,32.33,14.65,65.65,3.494477522849369,5.776016130150308
2020-08-03,39.44,28.24,34.22,3.79,57.07,4.199370058526394,6.463481009288118
2020-08-04,39.8,30.41,34.93,5.34,53.42,4.405314247163826,6.254585967045767
2020-08-05,39.3,29.06,33.34,1.74,59.46,4.154794333686084,6.586183472601893
2020-08-06,37.97,27.64,32.37,1.53,65.19,3.5467156086630682,6.275749644188369
2020-08-07,36.16,27.77,31.42,0.03,67.67,2.937038166631291,6.908512759331904
2020-08-08,36.34,27.13,32.08,8.75,67.57,2.8924875349429255,5.273055947672639
2020-08-09,36.81,28.27,32.7,14.89,66.89,2.952616410542006,5.014569877471027
2020-08-10,36.91,27.82,32.45,8.68,68.58,2.98850169100633,4.139648514425236
2020-08-11,35.52,27.62,31.06,12.38,75.05,2.462439283765576,4.994375174120759
2020-08-12,36.9,27.8,32.29,16.5,70.12,2.9129109495613945,5.6508961073899995
2020-08-13,38.15,27.84,32.31,3.82,71.45,3.3092830406871885,5.52237361515929
2020-08-14,35.95,26.92,30.93,0.22,75.91,2.5909979079758974,5.4585044178652735
2020-08-15,35.86,26.42,30.95,0.73,73.19,2.689802052089612,5.778622698042204
2020-08-16,36.98,26.79,31.73,0.07,68.46,3.1414803630758303,5.066154134649288
2020-08-17,36.43,27.19,31.45,0.57,71.08,2.880702432942267,4.9079531893521375
2020-08-18,34.79,27.28,30.98,8.83,77.73,2.118028576941912,4.2196606208133165
2020-08-19,37.03,27.74,32.25,6.72,71.52,2.9295922953624074,3.953886513332646
2020-08-20,30.88,26.49,28.55,14.45,84.75,1.1714259510132137,2.26198312117247
2020-08-21,32.14,25.14,28.54,5.86,79.25,1.7416907598333689,3.6947255417021627
2020-08-22,35.14,25.38,30.46,5.82,70.95,2.6500271811653424,5.090494611666938
2020-08-23,34.5,25.21,29.61,0.04,74.17,2.4582575231880437,5.72017356312782
2020-08-24,34.11,25.27,29.62,0.09,76.35,2.2347383174859203,5.515006604065438
2020-08-25,34.49,25.67,29.79,0.22,75.98,2.341475221381503,5.422553068016383
2020-08-26,34.62,26.46,30.38,1.11,73.88,2.3679462470995998,4.180939076130218
2020-08-27,34.41,26.32,30.31,14.02,71.82,2.3819269795746125,4.415297415927249
2020-08-28,33.49,26.07,29.71,12.19,72.98,2.175380763722961,3.806131349234671
2020-08-29,35.11,25.63,30.21,0.64,69.35,2.749190438114636,4.44318766248235
2020-08-30,33.84,26.03,29.58,1.59,73.15,2.2881381978233097,4.9173489793672625
2020-08-31,33.07,24.85,28.67,1.28,75.99,2.1157965836131125,5.466071454621031
2020-09-01,34.75,24.96,29.67,0.07,73.47,2.550772336075725,5.125400902590272
2020-09-02,35.19,25.64,30.01,0.28,70.39,2.7637083237853055,5.496242393126033
2020-09-03,32.86,25.84,29.24,6.77,73.22,2.0531142808814464,3.999395557604949
2020-09-04,33.5,25.84,29.59,4.24,73.59,2.171076841619322,3.4307479586476592
2020-09-05,34.31,25.36,29.93,1.44,69.69,2.53363309530206,3.8091608276362945
2020-09-06,34.24,25.1,29.65,2.76,71.64,2.4864891016176025,4.842518917912939
2020-09-07,36.22,25.77,30.29,0.11,65.0,3.28584310323439,5.382372236710856
2020-09-08,36.24,24.48,29.83,0.0,68.26,3.257468507582742,5.5174922862747335
2020-09-09,36.97,24.92,30.32,0.0,65.02,3.581713441474848,5.480292957925577
2020-09-10,37.89,25.17,30.73,0.0,63.45,3.939911778633342,5.9091344716162295
2020-09-11,38.82,24.51,31.1,0.0,60.55,4.384772955584591,5.557050385377283
2020-09-12,37.7,24.8,30.66,0.02,57.18,4.1286188396505885,5.710354716280015
2020-09-13,37.47,24.22,30.35,0.0,55.94,4.183008332187131,5.201032342431462
2020-09-14,37.3,23.44,30.38,0.0,55.15,4.11963425966813,5.169163633699863
2020-09-15,37.6,25.85,31.17,0.0,54.41,4.145970585145243,5.379184522274614
2020-09-16,38.7,26.47,31.76,0.0,53.94,4.481366040895994,5.40808293546989
2020-09-17,39.03,26.48,32.05,0.0,53.9,4.564197508941403,6.227561836750183
2020-09-18,38.85,25.04,31.56,0.0,52.27,4.654361878163334,6.218195909085316
2020-09-19,38.51,25.73,31.45,0.18,49.42,4.655737738227408,5.004511715797232
2020-09-20,38.64,24.64,30.83,0.05,50.6,4.743656880810775,5.762758945182317
2020-09-21,38.07,24.86,30.39,0.0,51.47,4.591070157437098,5.793112329396963
2020-09-22,37.91,25.31,31.06,0.01,47.46,4.581208376296312,4.7593617769648455
2020-09-23,37.58,24.17,31.08,0.03,53.77,4.197602324207573,4.835874763084602
2020-09-24,37.91,25.34,31.1,0.0,53.13,4.32992846548009,5.335402663203956
2020-09-25,38.37,26.35,31.2,0.0,47.84,4.769798582210198,5.2568201452948085
2020-09-26,37.58,24.26,29.94,0.04,45.96,4.704564671048405,4.688468033265144
2020-09-27,37.64,21.53,28.86,0.0,45.54,4.828507048941271,5.326300844276161
2020-09-28,37.05,23.22,29.04,0.0,44.76,4.630001525564437,5.3338148901640805
2020-09-29,37.62,22.41,28.91,0.0,43.3,4.880830914813886,5.666912068711388
2020-09-30,37.65,21.78,28.75,0.0,42.51,4.946876632793829,5.771043428081848
2020-10-01,38.1,21.75,28.71,0.0,39.04,5.284695805184359,5.570597688558331
2020-10-02,37.28,21.97,28.5,0.0,40.44,4.9197600579874186,5.51404452663475
2020-10-03,37.23,22.07,28.19,0.0,40.66,4.96234662599166,5.515760472983731
2020-10-04,36.11,21.62,27.44,0.0,39.55,4.6546042461768415,5.308882801573101
2020-10-05,37.12,20.25,27.44,0.0,37.33,5.114066256848371,6.331330181095458
2020-10-06,37.44,21.87,27.85,0.0,33.18,5.304809807365191,5.2221733852602235
2020-10-07,37.06,20.65,27.4,0.0,35.29,5.140291140586545,5.1904647566649125
2020-10-08,36.81,21.09,27.45,0.0,34.16,5.071381564699225,5.184205390854322
2020-10-09,36.59,21.29,27.75,0.0,38.02,4.823321360277237,4.543413328679855
2020-10-10,36.42,22.31,27.82,0.0,40.31,4.673009876019477,5.175614180954074
2020-10-11,37.1,20.79,27.63,0.0,36.56,5.0901327596560835,5.3230978673487215
2020-10-12,36.31,21.91,28.34,0.0,30.35,4.97221558398848,4.1965368303237724
2020-10-13,36.73,20.92,28.12,0.0,31.94,5.070253825456126,4.009541974570302
2020-10-14,36.41,20.96,27.16,0.0,35.28,4.960063053337897,5.109726145336904
2020-10-15,35.55,19.35,26.26,0.0,32.96,4.780869109905878,5.128804419633429
2020-10-16,34.06,19.14,25.98,0.0,28.47,4.462306601391301,3.850619555251616
2020-10-17,34.27,20.64,25.92,0.0,30.11,4.4639926293662295,4.394671150444191
2020-10-18,34.86,18.51,25.27,0.0,31.89,4.653234699814812,5.503733833753268
2020-10-19,34.69,18.0,24.9,0.0,33.02,4.633201564546672,5.194646199792774
2020-10-20,34.65,18.35,25.08,0.0,26.77,4.766679548244592,4.279678989396885
2020-10-21,34.92,17.64,25.56,0.0,27.75,4.75139567083795,4.376369933051272
2020-10-22,33.89,18.91,25.41,0.0,31.08,4.324117027582523,3.93389304834582
2020-10-23,32.86,19.94,25.83,0.0,29.25,4.076187374988818,3.223692393978037
2020-10-24,32.83,20.06,25.02,0.0,26.6,4.198962468328898,4.079068439744516
2020-10-25,33.26,17.14,24.19,0.0,27.05,4.376318867437411,3.9303432892474572
2020-10-26,32.03,16.73,23.04,0.0,30.84,3.965469632482912,4.445306325392581
2020-10-27,31.73,15.7,22.69,0.0,29.69,3.9674145171080117,4.293855957590607
2020-10-28,31.82,17.27,23.94,0.0,23.11,4.075986635893675,3.0174040651308456
2020-10-29,31.4,17.52,23.16,0.0,22.48,4.001804084388426,3.2910185256484494
2020-10-30,32.01,16.23,22.6,0.0,27.74,4.0492925177363155,5.03184971494368
2020-10-31,31.31,13.94,21.3,0.0,31.59,3.8778824660182645,5.107733074174496
2020-11-01,30.61,12.32,20.78,0.0,26.21,3.8264647174953987,4.6628250740087145
2020-11-02,30.47,15.67,21.98,0.0,23.58,3.768579065622353,3.64666610822674
2020-11-03,30.17,16.69,22.79,0.0,25.97,3.591001193847827,2.440021768048802
2020-11-04,31.0,16.2,22.81,0.0,25.29,3.835883087129502,3.6268922082131945
2020-11-05,31.59,16.66,22.66,0.0,24.97,4.042870990238102,3.2175819425111434
2020-11-06,31.06,15.33,21.48,0.0,27.67,3.8536178275303987,4.13887294850574
2020-11-07,30.87,14.95,21.27,0.0,30.03,3.76384408194592,4.15160773420557
2020-11-08,30.55,15.5,21.67,0.0,28.67,3.6841616679611295,3.3906855536064904
2020-11-09,29.17,15.23,20.6,0.0,31.62,3.31494649855904,3.2572127740890626
2020-11-10,30.68,15.98,21.33,0.0,34.77,3.6072436934036523,3.122430716191865
2020-11-11,29.21,14.74,21.67,0.0,32.49,3.28377605133143,2.742512338965838
2020-11-12,28.09,15.68,21.09,0.0,31.48,3.0414793648269636,2.4500732361998954
2020-11-13,28.64,15.93,20.87,0.0,34.97,3.103514094614598,2.7747009928480306
2020-11-14,26.74,15.62,19.77,0.0,37.05,2.692889057740683,2.5261939476927675
2020-11-15,26.38,15.98,20.02,7.06,46.75,2.388796751495235,3.837802219373218
2020-11-16,23.65,13.8,17.9,4.83,71.01,1.4996995429568587,2.297843998074547
2020-11-17,24.59,10.33,16.24,0.0,57.39,2.0962339648899446,3.2269159831573466
2020-11-18,23.9,10.04,15.82,0.0,43.71,2.231104020616365,2.6067063236984893
2020-11-19,23.22,10.97,15.69,0.0,38.38,2.1974051837186828,2.705201999692445
2020-11-20,24.36,9.68,15.59,0.0,43.29,2.3270391303429605,3.9522592147684055
2020-11-21,23.92,7.93,14.33,0.0,43.66,2.327457658403605,3.8004149672381655
2020-11-22,23.62,7.74,14.78,0.0,33.98,2.3949495865052306,3.163617264911117
2020-11-23,25.07,10.23,16.33,0.0,37.15,2.551742366201098,2.4831774206197395
2020-11-24,24.02,11.66,16.14,0.14,50.0,2.1254879235584037,2.532730699604127
2020-11-25,18.99,11.79,14.17,6.84,66.4,1.144259145889443,1.9503345590509593
2020-11-26,22.64,9.16,14.6,0.42,66.76,1.6963604711647209,2.546278910130698
2020-11-27,24.18,8.01,14.63,0.0,57.44,2.1385016351608117,3.552600713233623
2020-11-28,23.72,6.1,13.58,0.0,50.29,2.2254581755217315,3.0298374660290426
2020-11-29,23.49,7.81,14.32,0.0,50.78,2.124106896020505,2.456006686056956
2020-11-30,24.36,7.9,14.75,0.0,53.21,2.216659622407193,2.65484570316052
2020-12-01,25.58,9.08,15.97,0.0,53.29,2.3781595628085954,2.7903865497924722
2020-12-02,25.98,9.69,16.23,0.0,57.1,2.367925000967238,3.0688838465494976
2020-12-03,26.61,10.22,17.7,0.0,54.46,2.468175510348626,2.139598891576249
2020-12-04,26.04,12.24,18.04,0.0,45.78,2.4674221565100787,2.855595757653961
2020-12-05,26.43,10.33,17.35,0.0,44.42,2.623635039644299,3.4496782834481983
2020-12-06,25.51,12.0,17.36,0.0,44.22,2.425911346393299,2.6450971147528164
2020-12-07,26.37,11.71,17.39,0.0,48.84,2.5115053665880462,3.0091471669630203
2020-12-08,26.45,13.03,18.35,0.0,47.09,2.50899472597595,2.1748199195442193
2020-12-09,26.52,12.01,18.04,0.05,55.77,2.366804750128842,2.7837386200360017
2020-12-10,26.07,12.03,17.52,0.12,66.38,2.133352907326489,2.874707982266975
2020-12-11,26.64,11.8,18.5,2.62,52.94,2.4346488911031776,2.2167479221953292
2020-12-12,22.3,11.28,15.71,3.11,69.44,1.4996399662249797,2.0467529625868064
2020-12-13,19.75,7.42,12.43,0.0,66.14,1.4009914108666177,1.9929776533107775
2020-12-14,19.88,5.68,11.62,0.0,65.47,1.490373904554131,1.9491470060583178
2020-12-15,18.29,5.37,10.44,0.0,59.19,1.399308910534345,2.1250281438586134
2020-12-16,18.54,4.05,9.9,0.0,57.26,1.4966646692750423,2.405115504636581
2020-12-17,17.4,1.99,8.7,0.0,51.05,1.4611571930313523,2.538786338218983
2020-12-18,19.36,1.94,9.28,0.0,48.05,1.7454116884474067,2.920162723721421
2020-12-19,20.89,2.99,10.23,0.0,40.95,2.022448363927039,3.0428280848620135
2020-12-20,22.6,4.91,12.02,0.0,42.1,2.2009493221639844,3.2130739041981364
2020-12-21,20.27,6.57,12.18,0.0,50.43,1.6973516242992328,2.443908428095408
2020-12-22,22.0,6.45,12.78,0.0,52.1,1.9276141708322807,2.449755027663936
2020-12-23,21.7,6.93,12.84,0.0,54.76,1.8387412920278206,2.3218026443090176
2020-12-24,21.22,7.23,12.48,0.0,51.25,1.8237098891808505,2.4176629871776143
2020-12-25,21.05,5.8,11.81,0.0,52.71,1.811907313421181,2.505926753203617
2020-12-26,20.8,5.73,12.28,0.0,48.54,1.813989821931585,2.1978851772562575
2020-12-27,21.62,5.27,12.35,2.32,47.08,1.9494632612970366,3.1068834802651697
2020-12-28,16.1,3.64,8.38,0.05,56.02,1.2397125849735513,1.6246045039322454
2020-12-29,17.71,2.4,8.76,0.0,64.94,1.3483084433700157,2.1216681129133925
2020-12-30,17.79,1.95,8.61,0.0,62.65,1.3979766422497972,2.040540704797936
2020-12-31,20.02,1.65,9.19,0.0,50.98,1.80273614575755,2.4920236935665527
2021-01-01,19.23,5.45,11.5,0.0,39.42,1.730653411518215,1.6848331953831077
2021-01-02,12.19,7.23,9.46,1.57,67.53,0.6510982578755276,1.2112012983439584
2021-01-03,18.12,7.92,12.48,0.77,92.19,0.7306924952518865,0.9671346338149418
2021-01-04,21.98,10.78,15.37,1.76,83.81,1.1740043045728767,1.6314523603513937
2021-01-05,18.86,12.94,14.84,8.62,91.22,0.6438651646899578,1.296559603739372
2021-01-06,21.82,10.78,14.92,0.93,79.6,1.298853927330573,1.4250967871453746
2021-01-07,20.56,7.64,12.85,0.0,72.3,1.378112548984917,1.699172832941596
2021-01-08,20.9,8.18,12.69,0.0,56.11,1.6938730923532124,1.8266668446140728
2021-01-09,21.08,6.07,11.96,0.0,65.46,1.6354298751914431,2.1897252150317494
2021-01-10,19.12,4.05,10.33,0.0,67.84,1.418211594361252,2.17064660347565
2021-01-11,19.78,2.7,9.95,0.0,58.82,1.6667838508948356,2.431917310139223
2021-01-12,21.18,3.18,10.34,0.0,52.91,1.915297297594006,2.709489752364671
2021-01-13,19.95,2.75,9.67,0.0,51.68,1.7691091779337549,2.4818118823391164
2021-01-14,20.57,4.28,11.31,0.0,47.84,1.832281017046941,1.9711563312445148
2021-01-15,19.49,6.25,11.48,0.0,47.78,1.6577764086868831,1.8075915221006842
2021-01-16,20.59,2.67,9.99,0.0,56.7,1.784752062803157,2.3243446914455457
2021-01-17,18.57,4.51,10.05,0.0,51.59,1.5411040424120492,2.272021621458381
2021-01-18,20.85,5.22,12.31,0.0,43.78,1.8735309534988003,2.029844684037618
2021-01-19,22.7,6.2,12.46,0.0,49.78,2.074150661537141,2.978543159448875
2021-01-20,22.85,3.79,11.57,0.0,62.55,2.0116391245564555,2.835285153230685
2021-01-21,22.93,4.01,12.07,0.0,57.55,2.093436847056477,3.1399602478378865
2021-01-22,22.82,5.68,13.55,0.0,40.58,2.193930156560505,2.873396820796358
2021-01-23,21.72,7.61,13.04,0.28,47.95,1.9227473079049147,3.817649945671321
2021-01-24,19.47,6.06,11.1,0.02,58.29,1.5483846985929417,2.039580473951199
2021-01-25,21.2,4.27,11.5,0.0,54.99,1.8226158775155925,2.239678785613129
2021-01-26,21.1,4.35,11.43,0.0,47.59,1.9121020960360737,2.7479816870994753
2021-01-27,21.19,3.46,11.01,0.0,44.23,1.9887687962942173,2.9894960308715053
2021-01-28,20.81,4.97,11.45,0.0,41.62,1.940782042853629,2.6126869690641166
2021-01-29,21.15,3.35,10.99,0.0,44.53,1.976717647315008,3.122899492506667
2021-01-30,21.99,3.31,11.54,0.0,45.11,2.1002894988412346,3.2501149412026007
2021-01-31,23.23,5.66,13.97,0.0,36.8,2.328720179491275,2.718565231313417
2021-02-01,24.26,7.48,14.19,0.0,36.8,2.4867683550393194,3.1755330472037544
2021-02-02,24.72,7.58,15.12,0.0,41.93,2.471770246597146,2.724792057605483
2021-02-03,25.21,7.57,15.25,0.08,40.13,2.5659220984771944,3.150289042888201
2021-02-04,21.85,8.9,13.42,4.93,58.8,1.7584436560665448,2.913454236194449
2021-02-05,20.91,6.84,13.04,0.0,58.81,1.647349482626299,2.613874146370031
2021-02-06,22.01,5.9,13.01,0.0,59.5,1.8248106398995707,2.992249228038147
2021-02-07,23.33,5.74,13.81,0.0,53.69,2.0914035009613015,3.3488357521193133
2021-02-08,24.94,8.78,15.37,0.0,48.75,2.358538932772546,3.2450754665282107
2021-02-09,26.25,9.53,17.63,0.0,42.32,2.651517490436041,3.0775727364724004
2021-02-10,25.98,9.78,16.51,0.0,42.85,2.610921111508137,3.2368696878037135
2021-02-11,26.43,10.34,17.01,0.0,48.73,2.556467950681916,3.106934379102304
2021-02-12,27.25,11.24,17.78,0.0,46.43,2.7565565024873515,3.1963366632217727
2021-02-13,26.04,12.78,18.24,0.0,41.15,2.5759531243605536,2.9002053800979413
2021-02-14,27.25,11.57,18.08,0.0,44.77,2.788539031827767,2.9909336728625964
2021-02-15,27.5,12.01,18.15,0.0,40.51,2.882853657581532,3.2884298088358643
2021-02-16,26.83,12.78,18.21,0.0,46.38,2.6223016406417194,3.269068836196715
2021-02-17,27.48,11.29,18.52,0.01,42.58,2.849704309728064,3.074060990560571
2021-02-18,28.42,12.13,18.69,0.0,37.51,3.1415425370598324,3.094956550313159
2021-02-19,26.98,11.56,18.08,0.0,38.09,2.835578152379721,3.544651045731545
2021-02-20,26.08,12.91,18.14,0.0,36.06,2.675254938321192,3.371709467225616
2021-02-21,28.2,10.82,18.55,0.0,36.31,3.122560359919198,4.301981860436004
2021-02-22,29.91,14.24,20.78,0.0,30.39,3.5428660021933958,4.177224782457772
2021-02-23,31.65,13.56,23.08,0.0,25.53,4.022159466300337,3.775952812634332
2021-02-24,32.65,15.67,22.82,0.0,24.67,4.305698471833071,4.1093387240426145
2021-02-25,32.58,16.05,22.78,0.0,29.38,4.160444825957411,4.687043030980762
2021-02-26,33.61,14.57,23.53,0.01,34.56,4.297832573915529,4.72731776237087
2021-02-27,32.04,15.4,22.2,1.35,38.81,3.8729231321417954,5.364591858850402
2021-02-28,29.54,14.06,20.33,0.0,25.93,3.580278305820862,4.259474164724904
2021-03-01,28.6,11.83,19.24,0.0,32.59,3.2554019911501504,5.2356758315548015
2021-03-02,30.05,10.59,19.58,0.0,30.81,3.6633009786788806,6.2011253382223055
2021-03-03,32.16,11.85,21.62,0.0,25.81,4.248257605525653,5.026171553689915
2021-03-04,33.17,14.7,22.78,0.0,22.03,4.5286351734595325,4.68051890800701
2021-03-05,32.65,14.12,22.48,0.0,29.75,4.229615902295061,6.462825943328156
2021-03-06,34.39,12.72,22.89,0.0,27.91,4.8391395905360675,5.703472527342278
2021-03-07,33.64,17.76,25.06,0.05,28.49,4.395134286095474,7.490709617368971
2021-03-08,32.44,15.41,23.68,0.45,41.01,3.7927141098312607,6.13967853863058
2021-03-09,33.73,17.6,25.67,0.05,33.28,4.2199277079674715,3.6332901992237403
2021-03-10,33.11,19.76,25.86,0.18,30.61,4.092622711324778,4.459125546462402
2021-03-11,34.92,16.78,25.16,0.0,27.4,4.8491949663679765,4.925774690954317
2021-03-12,32.92,18.86,24.85,0.06,24.77,4.272145958947846,6.291766656068658
2021-03-13,33.27,15.42,23.83,0.58,37.51,4.117968220647952,4.905468094594951
2021-03-14,32.63,15.77,23.9,0.0,33.19,4.024714149918751,5.482207257833937
2021-03-15,32.59,16.7,24.0,0.0,37.27,3.8830814345804647,5.208242683818954
2021-03-16,33.89,17.77,25.51,0.0,36.51,4.211805183959022,5.454693664589991
2021-03-17,34.62,18.74,26.19,0.0,31.8,4.5010452582978004,5.274206636118412
2021-03-18,35.06,18.1,25.92,0.0,30.15,4.740007016076262,5.235927843002742
2021-03-19,34.62,16.9,25.38,0.0,30.73,4.586611303653595,5.695527085634844
2021-03-20,35.01,17.49,25.95,0.0,32.74,4.634203639965245,6.163337561446418
2021-03-21,35.47,19.51,26.58,0.03,32.87,4.720069762188373,5.4482752123047815
2021-03-22,34.04,18.91,26.13,2.03,36.05,4.263453387126934,6.473719155758563
2021-03-23,32.61,19.55,24.54,3.91,35.73,3.875830051672266,6.143028161110583
2021-03-24,31.9,14.93,23.2,0.0,39.03,3.7546431631307255,5.846840998282068
2021-03-25,31.22,14.29,22.51,0.0,40.24,3.5858530916575306,5.82442191629823
2021-03-26,33.82,14.5,23.98,0.0,34.89,4.347770666803154,6.101192966640419
2021-03-27,36.15,18.17,26.7,0.0,30.06,5.026751847062318,5.97626247343549
2021-03-28,37.95,19.16,28.47,0.0,29.5,5.562262714897075,5.707502378420564
2021-03-29,39.53,20.28,28.77,0.0,23.31,6.402204448197994,8.418940723351227
2021-03-30,37.85,19.99,28.31,0.0,28.54,5.626348301521983,7.4999676673863
2021-03-31,36.0,14.88,25.31,0.0,18.29,5.540774450250645,9.729853515827976
2021-04-01,35.4,12.84,24.05,0.0,18.3,5.37147792202677,9.098490037984478
2021-04-02,34.73,12.62,23.19,0.0,14.6,5.22670454001477,7.886025471877207
2021-04-03,35.57,13.47,24.57,0.0,13.19,5.457855712504661,7.0968512261432615
2021-04-04,35.43,16.07,25.1,0.0,17.74,5.257368222061711,7.2310129770761655
2021-04-05,36.12,19.53,27.23,0.0,27.83,5.051570019876022,7.922101749450107
2021-04-06,35.1,20.38,26.89,2.61,42.15,4.292348483049851,6.697901004717632
2021-04-07,34.72,17.85,25.63,1.01,41.01,4.552812427466913,7.707621223423132
2021-04-08,34.94,14.77,24.75,0.0,28.66,4.890809465940659,7.2489713107664375
2021-04-09,36.48,15.99,26.24,0.0,21.12,5.477706229931362,7.616389066882029
2021-04-10,36.85,17.82,27.22,0.0,20.86,5.5507313102721145,7.687518955019567
2021-04-11,38.92,18.46,28.88,0.0,21.11,6.196713535010129,7.43466589902155
2021-04-12,38.62,22.38,30.12,0.0,23.15,5.947500207836816,7.46043055206186
2021-04-13,39.89,21.42,30.51,0.0,24.53,6.3618334996662425,8.094888679740055
2021-04-14,39.59,23.92,31.13,0.0,25.25,6.172071147312203,8.178229128382494
2021-04-15,39.7,22.6,30.97,0.0,21.76,6.354642307663765,6.892984133697775
2021-04-16,37.16,21.98,29.39,0.28,27.56,5.304917496602939,6.71587114212352
2021-04-17,34.26,21.12,26.99,0.86,38.8,4.1056916074916625,7.190692549679699
2021-04-18,36.45,19.21,27.97,0.0,35.87,4.91693427548439,6.181187298035227
2021-04-19,38.22,20.63,29.28,0.0,25.84,5.7861994812007405,7.932212098080174
2021-04-20,32.18,19.44,24.6,2.07,32.06,3.870830319094429,4.6650938841445715
2021-04-21,28.23,17.58,22.64,1.78,53.58,2.4282831159155087,5.181628706068822
2021-04-22,33.88,19.41,26.68,0.57,37.05,4.068963877701869,5.392186563650381
2021-04-23,28.99,18.39,23.35,10.04,47.83,2.68452860336002,5.8873400315044195
2021-04-24,33.99,15.56,24.55,0.0,39.56,4.25877750908321,7.788598826121571
2021-04-25,37.86,15.81,26.92,0.0,28.62,5.74067152136271,8.263979670826938
2021-04-26,39.8,20.12,30.42,0.0,23.49,6.380857347219594,7.9288523948536085
2021-04-27,41.99,24.99,32.76,0.0,21.49,7.235314146447174,7.91530876875836
2021-04-28,42.21,25.19,32.98,0.0,23.29,7.225083001404977,7.389761341689259
2021-04-29,42.7,25.51,33.79,0.0,23.43,7.3931848857170195,7.7215847675796345
2021-04-30,42.21,25.12,33.47,0.52,23.08,7.206800519682414,7.139683049016183
2021-05-01,39.79,25.8,32.88,0.1,27.16,6.038081184639286,5.831967933449833
2021-05-02,40.92,26.08,33.6,0.31,25.64,6.507138323680742,6.4953208125920066
2021-05-03,39.34,26.73,32.75,0.13,27.97,5.807374429857703,6.330252037761367
2021-05-04,40.48,25.18,32.65,0.75,27.34,6.341719866424909,6.724810608493503
2021-05-05,39.14,24.97,31.74,1.72,32.79,5.628620329637842,5.988257375387152
2021-05-06,39.8,24.22,32.16,0.93,31.11,5.921390013563047,5.768558530803019
2021-05-07,36.74,24.55,30.32,2.6,36.3,4.719791268412951,5.5818807557363375
2021-05-08,38.75,25.48,32.27,0.0,30.8,5.503001081050868,5.680960759294659
2021-05-09,40.16,25.54,33.26,0.0,25.5,6.212421962717991,6.48673891428996
2021-05-10,40.49,26.81,34.11,1.91,23.64,6.388574805496309,5.96406465319688
2021-05-11,40.19,24.32,32.42,0.38,27.07,6.236584026223242,6.556420894608083
2021-05-12,39.0,26.69,32.67,3.83,29.72,5.637176327504211,5.746133702537244
2021-05-13,35.65,25.66,30.19,1.25,36.85,4.330084201357116,4.704799993055056
2021-05-14,37.74,23.03,30.57,0.01,35.51,5.090302712404693,6.380806675997678
2021-05-15,39.21,24.47,31.87,0.26,29.36,5.79756046855289,6.789055794368224
2021-05-16,40.68,25.4,33.35,0.0,24.6,6.454112704613378,6.881689796064535
2021-05-17,42.7,25.89,34.57,0.0,22.95,7.377247714163041,8.953314427136448
2021-05-18,39.71,26.11,33.5,0.0,23.99,6.087679178376262,7.588166085726429
2021-05-19,37.48,25.61,31.21,0.79,32.27,5.027035222062529,6.0704800478064005
2021-05-20,39.23,23.34,32.01,0.0,33.86,5.633526131866516,7.821842160610213
2021-05-21,37.42,23.8,30.52,9.8,43.91,4.631481082780494,8.161952342785556
2021-05-22,38.15,23.89,31.23,0.35,36.9,5.176984960429404,7.2210475849167866
2021-05-23,37.78,23.78,30.69,0.0,30.06,5.314271236752214,6.054792151293806
2021-05-24,39.27,23.33,31.65,0.19,26.94,5.9383827216869545,10.259505298328685
2021-05-25,41.87,24.67,33.47,0.0,25.07,6.9973895168061775,10.562919079595302
2021-05-26,42.9,27.55,34.92,0.0,19.43,7.622630499952381,9.389218637947538
2021-05-27,44.32,26.17,35.7,0.0,16.11,8.374600905483671,9.143565326101333
2021-05-28,44.01,26.56,36.2,0.0,16.85,8.137239484603924,7.557467449818068
2021-05-29,43.67,27.48,36.05,0.01,29.12,7.322435493923938,10.45114207201658
2021-05-30,40.36,27.55,33.79,6.3,43.01,5.359003453238305,8.419628160115165
2021-05-31,42.86,28.49,35.91,8.4,35.28,6.6923370331737715,7.829744554406383
2021-06-01,37.67,27.24,32.57,3.05,39.1,4.715708898575102,5.1229854472991265
2021-06-02,39.53,26.2,32.58,1.48,38.14,5.468751011686555,7.099783269412384
2021-06-03,37.39,27.07,31.95,7.62,44.41,4.4394513874659225,5.1747768596833525
2021-06-04,38.47,25.97,32.64,3.91,38.83,4.985967234038299,5.830513683868328
2021-06-05,38.6,28.55,33.55,3.33,35.42,5.0658351694462755,5.604169731350897
2021-06-06,40.35,28.11,34.41,0.24,34.75,5.7087579391927195,6.700935366345856
2021-06-07,42.21,28.62,35.85,0.04,35.0,6.297416531933161,8.308189873500133
2021-06-08,44.84,30.18,37.67,0.0,29.63,7.685631604656393,11.565131085717043
2021-06-09,45.38,31.36,38.62,0.0,29.23,7.8372726389533165,11.249653893645055
2021-06-10,44.39,31.67,38.12,0.11,31.04,7.285939484983416,8.542677583964563
2021-06-11,42.57,30.5,36.78,3.44,35.72,6.3165587486772665,7.565196405761302
2021-06-12,41.84,29.91,35.92,5.44,40.84,5.840770089321538,7.97920948109142
2021-06-13,39.6,27.54,33.61,6.92,48.52,4.831870439187971,6.640659075732174
2021-06-14,40.03,28.36,34.14,1.04,37.41,5.486219043781878,6.4130518993077565
2021-06-15,40.47,27.25,33.78,3.07,38.28,5.6935451569635775,6.897645897395447
2021-06-16,34.02,23.8,29.16,6.13,60.41,2.9401832954057774,5.120574729911583
2021-06-17,38.7,26.51,33.1,0.23,43.01,4.8414796063100765,5.328815612042469
2021-06-18,40.34,27.3,34.09,0.01,35.73,5.725436511500031,6.754112722684812
2021-06-19,40.27,26.7,33.65,0.01,39.19,5.62070346592802,7.703697600463009
2021-06-20,39.86,26.57,33.8,0.16,38.97,5.429203240735202,7.083106945699847
2021-06-21,41.39,27.74,34.76,0.0,31.31,6.3066553643967955,7.845333808115122
2021-06-22,42.34,28.21,35.3,0.0,32.09,6.637896023194771,9.030561067709883
2021-06-23,43.51,28.12,36.32,0.0,26.88,7.351613953358276,7.904386381930721
2021-06-24,42.63,29.35,36.71,0.01,25.54,6.951784701573977,6.195114688714359
2021-06-25,41.5,31.16,35.83,1.41,30.47,6.251915143894239,7.115276690480369
2021-06-26,37.04,27.15,32.45,16.49,49.77,3.9211112038702165,6.667475387422229
2021-06-27,40.75,27.95,33.88,0.0,39.61,5.731694754448772,7.155668562980958
2021-06-28,42.24,27.31,35.03,0.0,35.05,6.462424720364056,8.335367219911403
2021-06-29,43.86,28.48,36.34,0.0,31.69,7.255550748369114,10.130334620176114
2021-06-30,44.73,29.75,37.35,0.0,29.73,7.658482182440525,12.356114826694414
2021-07-01,44.03,29.52,36.83,0.0,32.1,7.223096037974992,9.509596986002752
2021-07-02,43.99,30.51,37.21,0.0,29.1,7.3805376162919085,8.006193590896876
2021-07-03,40.7,30.48,35.46,9.12,39.43,5.446867967494857,6.107543161159042
2021-07-04,41.66,29.9,35.56,0.0,38.23,5.941133392762977,7.2149765131907415
2021-07-05,42.65,30.09,36.24,0.27,35.94,6.412606668868436,7.346162109486974
2021-07-06,42.54,30.73,36.67,0.0,34.74,6.356111639342702,8.226857000763554
2021-07-07,44.31,31.17,37.79,0.01,31.36,7.272750494506945,9.642375072772113
2021-07-08,44.98,32.28,38.63,0.14,28.91,7.683479535738697,9.193368967728498
2021-07-09,42.29,31.72,37.08,2.6,34.13,6.254205591352751,5.973961907676623
2021-07-10,42.39,31.03,36.86,0.11,38.06,6.088844759502859,6.746633317110998
2021-07-11,41.79,30.62,36.33,1.27,40.67,5.7224554356332655,7.557385420225557
2021-07-12,35.03,28.8,31.7,21.4,65.38,2.6030241127956213,5.088003598202822
2021-07-13,35.19,27.56,30.66,14.66,71.93,2.574100472170843,4.891224220023082
2021-07-14,36.87,26.55,31.38,5.93,67.37,3.244811423168904,6.033184878270256
2021-07-15,36.81,27.63,31.94,0.8,60.32,3.446285022523629,6.775103379935953
2021-07-16,40.14,28.05,34.12,0.0,52.67,4.7250317310222325,6.878831159724467
2021-07-17,41.79,29.03,35.68,0.12,47.86,5.476260174718778,6.813870664888814
2021-07-18,41.55,30.53,35.72,5.14,50.47,5.170353058925619,6.584440897675987
2021-07-19,35.57,28.16,31.58,47.22,75.48,2.342213723032237,4.18829937692421
2021-07-20,34.37,26.93,30.06,39.76,79.99,2.0842515178200363,2.466359106030777
2021-07-21,34.94,27.18,31.07,7.03,73.92,2.336830359834738,5.304784143694164
2021-07-22,36.38,27.62,31.99,0.18,63.34,3.1564716717562873,4.768387342182421
2021-07-23,35.0,26.49,30.86,0.27,68.03,2.6637461776838576,4.7561831880797465
2021-07-24,37.01,27.08,31.81,0.65,68.7,3.1423918363261616,6.216589598628154
2021-07-25,39.19,27.76,33.49,0.04,62.1,3.986606720328596,5.758107849128331
2021-07-26,34.16,27.42,30.36,1.96,76.2,2.0995995054767436,3.4976377136341466
2021-07-27,34.58,27.78,30.19,19.15,78.88,2.1459090165816233,3.6617101864157076
2021-07-28,35.3,26.77,30.29,26.45,79.48,2.3432042674288027,2.575561300541037
2021-07-29,34.37,26.67,30.22,25.92,79.29,2.082272110615739,3.138863002277921
2021-07-30,33.5,26.77,29.99,5.58,77.39,1.9366069504877061,4.124395898778898
2021-07-31,33.84,26.0,29.94,1.35,76.96,2.0739618642341195,4.618418771130023
2021-08-01,34.59,27.39,30.82,3.33,74.43,2.229279286923398,5.169671135769292
2021-08-02,34.45,27.24,30.79,2.05,72.79,2.2899884261367727,4.540816524634372
2021-08-03,35.23,26.92,31.18,11.93,68.34,2.6655664429082684,2.7923890003272085
2021-08-04,34.68,26.59,30.74,5.86,73.66,2.314466959503533,4.642297458482515
2021-08-05,34.59,27.41,30.86,7.96,72.12,2.3419173632854915,5.00425832759675
2021-08-06,36.38,26.18,31.26,0.42,68.63,3.0260973426641176,4.585122522822721
2021-08-07,35.38,27.3,30.97,5.52,69.74,2.6782186844400044,5.43777302332833
2021-08-08,35.34,25.81,30.51,1.51,70.03,2.7613712968813644,4.895342925216247
2021-08-09,35.04,25.71,30.6,4.73,70.07,2.6278439202664883,4.418393196741869
2021-08-10,36.54,26.19,31.18,1.81,68.44,3.11741994096013,5.544285659292314
2021-08-11,37.54,25.82,31.36,0.13,60.0,3.825856359525367,6.290624255947463
2021-08-12,38.18,25.23,31.58,1.25,61.67,3.9373305719022142,6.217014304167075
2021-08-13,38.52,26.06,32.22,0.39,58.03,4.146736716588093,6.168375260514219
2021-08-14,38.71,26.74,32.49,2.0,57.75,4.182495384724586,6.464877537056078
2021-08-15,38.02,26.6,32.24,0.19,57.68,3.9718360051242954,5.9473373987150175
2021-08-16,36.64,26.78,31.82,0.31,61.06,3.3839034349598682,5.358021930818764
2021-08-17,38.72,26.44,32.14,0.0,57.63,4.251177403492836,6.344502058561305
2021-08-18,37.46,26.31,31.87,6.79,57.69,3.8186849223316006,5.689131335530431
2021-08-19,39.3,25.18,31.96,0.67,56.22,4.604064119311352,6.249229780174998
2021-08-20,35.37,25.81,30.18,2.05,69.46,2.8379216610138536,4.90400428052077
2021-08-21,31.42,25.15,27.66,8.89,82.16,1.5902489448148511,2.9974995578608006
2021-08-22,33.12,25.33,29.22,9.15,77.09,1.9820943380267368,2.5549904434803086
2021-08-23,35.4,26.45,31.0,0.46,65.38,2.87179162275375,4.7535090440658845
2021-08-24,37.59,25.97,31.7,0.23,60.06,3.7833488233902908,5.4079846351177405
2021-08-25,38.79,25.47,32.0,0.13,54.31,4.47299522110057,6.399141383538263
2021-08-26,39.12,26.29,32.61,0.36,51.14,4.619036820743483,6.270738720709308
2021-08-27,39.36,26.57,32.48,1.15,52.38,4.71161157199451,5.937475848763202
2021-08-28,38.28,24.84,31.48,0.62,57.71,4.224931078180907,5.481797419671934
2021-08-29,38.34,25.18,31.22,0.53,59.34,4.2251667263656625,5.7412740863374045
2021-08-30,36.27,24.78,30.26,2.19,62.87,3.4494223384980103,5.430874463573455
2021-08-31,34.6,24.6,29.05,3.03,71.43,2.7036864706138717,5.43255144449583
2021-09-01,33.81,24.83,28.81,2.62,72.03,2.4876141747637193,5.036905716398276
2021-09-02,33.43,24.67,29.16,0.5,67.45,2.4991337352941105,4.070069242318439
2021-09-03,29.97,24.66,27.22,8.36,76.35,1.4969144153587997,2.1348189271632254
2021-09-04,33.56,24.3,28.33,1.72,70.8,2.539937834550092,4.713037077373007
2021-09-05,34.92,23.97,29.66,1.66,69.08,2.8289545538318848,4.70070751418028
2021-09-06,36.78,25.02,30.99,0.04,64.46,3.3956698870380797,4.926599412672305
2021-09-07,35.71,26.38,30.89,0.64,67.75,2.898832966121164,4.887309412964986
2021-09-08,35.1,25.81,30.03,0.37,71.27,2.7073203125488656,5.626330349512755
2021-09-09,34.59,25.34,29.57,3.66,73.07,2.548226483808686,4.853605174915482
2021-09-10,33.33,25.03,28.62,9.66,76.17,2.2109854346238227,3.3272867879658072
2021-09-11,30.09,24.91,26.85,20.3,84.35,1.3078602163052406,2.4989310520676757
2021-09-12,31.99,23.93,27.86,15.06,75.07,1.9948996395363237,3.2094303009105927
2021-09-13,33.36,23.67,28.08,2.34,70.44,2.536646112071079,4.775046563382605
2021-09-14,34.65,23.75,29.03,0.13,66.26,2.922020168377051,4.839820545399188
2021-09-15,36.08,25.06,30.11,0.3,65.46,3.2563955171472716,5.119500539243241
2021-09-16,35.93,24.68,30.18,1.01,65.85,3.195938570804792,5.2329011750962735
2021-09-17,34.33,23.93,28.77,9.82,70.9,2.708696542908523,3.6679578032545077
2021-09-18,34.07,23.49,29.15,0.0,69.0,2.6194003755090183,4.516182480285607
2021-09-19,36.0,25.12,30.5,0.02,67.3,3.0922388541179218,4.5239574667742835
2021-09-20,35.69,25.22,30.48,1.37,68.54,2.9206447570135596,4.296982311033762
2021-09-21,33.62,26.73,29.96,5.23,69.98,2.2876974752377492,2.943925670921341
2021-09-22,30.68,24.02,27.17,27.02,80.06,1.5488436875457947,2.7168701370817088
2021-09-23,29.54,23.39,25.93,35.83,84.36,1.329741914240849,2.383299552939745
2021-09-24,32.34,21.93,27.33,13.57,74.26,2.211010624623636,4.104456637595904
2021-09-25,33.11,24.05,28.58,0.0,69.99,2.3604048583655954,4.3832992634350045
2021-09-26,33.32,23.67,28.48,0.01,71.49,2.390585738082593,4.0740575515384405
2021-09-27,33.27,23.3,28.36,0.0,72.96,2.349641130735093,4.097336438758987
2021-09-28,34.13,23.43,28.69,0.82,69.93,2.676659654901787,4.197696156263136
2021-09-29,32.64,23.12,27.64,0.06,76.07,2.168925426233608,4.381688290796373
2021-09-30,33.61,23.89,28.51,2.16,73.84,2.3953984738622935,3.7623718130328774
2021-10-01,33.83,24.81,29.08,4.42,73.35,2.3770741495339958,3.6590640022042824
2021-10-02,32.96,25.0,28.56,8.24,75.66,2.104095530458537,3.569417467514197
2021-10-03,33.99,24.5,28.9,1.19,72.64,2.482983776014632,4.111107277774966
2021-10-04,34.6,23.75,29.06,1.41,67.48,2.8749040132685884,4.072028433017525
2021-10-05,32.62,23.23,27.76,1.97,72.82,2.2703021843926896,3.7402339042535635
2021-10-06,33.22,22.85,27.25,0.0,72.86,2.5375338678973787,4.302606984976099
2021-10-07,34.14,21.72,27.17,0.0,66.32,3.0670799072518102,4.535050114393327
2021-10-08,34.92,21.24,27.5,0.0,59.16,3.5493999308181525,4.449191190975661
2021-10-09,34.7,22.3,27.36,0.0,59.01,3.498350513875426,4.246203868668638
2021-10-10,35.56,22.33,28.12,0.0,56.61,3.7749649002633,4.32346543035002
2021-10-11,34.61,20.48,26.63,0.0,58.82,3.552564712676394,4.7650539878591545
2021-10-12,34.71,20.55,26.81,0.0,56.35,3.6738458632783306,4.197611609625564
2021-10-13,32.87,20.52,25.18,0.0,54.55,3.357248063348324,4.425131724408968
2021-10-14,33.72,18.36,24.98,0.0,54.02,3.606897272748255,4.822175426194591
2021-10-15,34.88,18.47,25.87,0.0,49.83,4.035001468000629,4.4912656984092
2021-10-16,33.83,19.44,26.31,0.0,49.31,3.6952407889506547,4.369387230919115
2021-10-17,28.47,20.48,23.79,2.24,63.29,2.0709665680154945,3.322522704118927
2021-10-18,27.97,19.57,23.45,0.43,77.37,1.5800486581696553,2.4724348380433345
2021-10-19,31.05,18.75,24.07,0.0,68.41,2.5516456902745057,4.2725982648441665
2021-10-20,33.18,18.96,24.82,0.0,50.67,3.5873013353338252,4.605402650659581
2021-10-21,33.47,15.94,24.26,0.0,42.57,3.9998353892954714,4.528999139036743
2021-10-22,33.07,16.59,24.16,0.0,49.67,3.625954442851996,4.424983805195523
2021-10-23,31.0,17.94,23.86,4.64,64.6,2.657982108316847,4.899577349946943
2021-10-24,27.05,18.74,22.19,13.89,77.9,1.5324958037056438,2.781058044250477
2021-10-25,27.77,16.5,21.11,0.0,71.44,2.0220605809820844,3.4351649069097157
2021-10-26,27.77,14.16,20.23,0.0,60.69,2.387815421659462,3.5119952245927406
2021-10-27,28.36,15.37,20.62,0.0,56.07,2.5567426816378482,3.729065081643544
2021-10-28,29.32,14.63,20.56,0.03,56.6,2.814020330092145,3.662482431024314
2021-10-29,30.0,15.66,21.23,0.0,51.12,3.0403793942243444,3.7888530360238817
2021-10-30,29.29,13.66,20.37,0.0,56.06,2.8137161243953823,4.256487306648701
2021-10-31,29.77,13.74,21.52,0.0,49.36,3.037796812445814,3.477120468098459
2021-11-01,30.06,14.17,21.48,0.0,45.55,3.158331955611094,4.022694723364904
2021-11-02,27.96,14.49,19.88,0.26,59.3,2.443513785480306,4.055577052819673
2021-11-03,27.77,13.58,20.03,0.0,57.13,2.4505353280742517,2.9186865176665755
2021-11-04,27.6,14.36,20.48,0.0,53.55,2.47138674211801,2.5932327745653683
2021-11-05,28.91,14.84,20.36,0.0,47.26,2.917953250115649,3.0806067695977366
2021-11-06,27.15,13.09,18.99,0.0,54.74,2.4487755094388595,3.410703287709493
2021-11-07,29.17,13.71,20.0,0.0,53.44,2.887016672138305,3.842443579065557
2021-11-08,29.41,16.02,20.71,0.0,48.76,2.965092029816744,3.9580202420996504
2021-11-09,29.5,15.23,20.73,0.0,49.85,2.9709413296219314,3.8655643691388124
2021-11-10,29.47,15.54,20.6,0.0,48.68,3.005916925762806,3.2886452397714105
2021-11-11,29.52,15.46,20.21,0.0,45.37,3.1126305805980046,3.423269625977503
2021-11-12,28.17,14.14,19.2,0.0,49.59,2.7785982860412384,3.502507225153777
2021-11-13,28.01,12.46,18.58,0.0,47.39,2.836613419846879,3.732012084606792
2021-11-14,27.05,13.15,18.7,0.0,42.59,2.716806738228689,2.8452811065816506
2021-11-15,25.97,12.78,17.47,0.0,43.77,2.5231379921369848,3.1239100801805675
2021-11-16,26.42,11.42,16.93,0.0,44.42,2.6489953023954804,3.543479683654194
2021-11-17,26.35,11.77,17.17,0.0,42.42,2.663027676621524,2.779167729564464
2021-11-18,26.09,10.87,16.9,0.0,43.31,2.59039131857996,2.9158819234244833
2021-11-19,26.2,10.14,16.7,0.0,47.62,2.5596471003266075,3.287001186823565
2021-11-20,26.96,12.12,17.42,0.0,46.46,2.685279737609791,3.40879003248413
2021-11-21,26.94,10.22,16.96,0.0,48.89,2.6780596669261856,3.6696321504401057
2021-11-22,26.82,9.2,16.31,0.0,49.2,2.6949328707455003,4.024834188895608
2021-11-23,26.5,9.1,17.32,0.0,41.03,2.7255602697531267,2.991962345748024
2021-11-24,27.8,9.93,17.45,0.0,40.8,2.9932954960374483,3.047071914175048
2021-11-25,25.78,8.71,16.0,0.0,54.65,2.406546704533941,2.724402099949842
2021-11-26,26.18,11.39,17.22,0.0,46.5,2.5365643487518614,2.7274832148881636
2021-11-27,24.59,9.36,16.21,0.0,52.55,2.1689935176349513,2.5569864326288845
2021-11-28,25.38,9.75,16.0,0.0,59.7,2.228660908849159,2.461838989837748
2021-11-29,25.77,10.85,16.22,0.0,56.07,2.359977676225486,3.300052049008503
2021-11-30,24.81,9.03,16.26,0.0,55.56,2.19180187855188,2.7569713042877018
2021-12-01,21.46,12.48,15.63,0.0,50.89,1.6636738274927505,1.869833621885624
2021-12-02,24.58,11.0,16.21,0.0,49.38,2.2231466369224497,2.5081801863090916
2021-12-03,25.54,10.08,17.2,0.05,47.47,2.3840771496933373,2.332275510277915
2021-12-04,26.4,13.22,18.81,0.0,49.41,2.409212904269278,2.00490858444603
2021-12-05,21.77,11.36,15.91,0.47,64.86,1.4629040818603372,1.9175161818834074
2021-12-06,23.43,10.28,15.42,0.11,70.57,1.7212450187686652,2.329143569477112
2021-12-07,23.91,8.48,14.57,0.0,60.61,2.040467258670749,2.8163953362967638
2021-12-08,23.75,8.04,14.66,0.0,48.56,2.1784350655283466,2.727776431145151
2021-12-09,23.68,10.0,14.83,0.0,45.72,2.1916092873781916,2.558326037982037
2021-12-10,23.48,7.51,13.95,0.0,50.45,2.1310441699514677,2.748987641753917
2021-12-11,23.24,6.33,13.99,0.0,43.72,2.2129491679744238,2.706812438066077
2021-12-12,20.76,10.78,15.05,0.0,34.05,1.8840745986532261,1.6248620574409711
2021-12-13,20.3,7.86,13.4,0.0,48.99,1.6533672068361343,2.03936956773732
2021-12-14,19.96,5.78,12.41,0.0,63.17,1.4848393725083464,1.7649235082525783
2021-12-15,20.32,7.14,12.09,0.0,57.2,1.6245436585722177,2.148199317309754
2021-12-16,19.22,6.52,10.79,0.0,50.28,1.6169344666928451,2.290844374934688
2021-12-17,17.95,2.86,8.74,0.0,51.22,1.533602433419861,2.7612541617756823
2021-12-18,17.32,1.72,7.93,0.0,43.94,1.539603308015764,2.693508219288856
2021-12-19,18.21,0.27,7.73,0.0,42.67,1.6790958123633495,2.6661781642908884
2021-12-20,19.58,1.75,9.77,0.0,38.33,1.851529211604101,2.4073882860674454
2021-12-21,20.59,6.96,12.3,0.0,32.09,1.9859597186506561,2.294212619914166
2021-12-22,20.87,7.44,12.94,0.0,35.87,1.9571159589233378,2.2024189942011096
2021-12-23,22.41,7.54,14.35,0.0,39.59,2.0963636421895417,2.025721179424845
2021-12-24,21.45,8.54,13.9,0.0,48.24,1.815329060337847,1.981696374992986
2021-12-25,21.99,9.68,14.77,0.0,52.9,1.7922840094837098,1.8199292112579357
2021-12-26,19.64,10.53,13.81,0.02,56.89,1.408871189465048,1.678190640267698
2021-12-27,21.14,7.58,12.86,0.24,67.12,1.5701214316887522,1.817740325339313
2021-12-28,21.39,6.18,12.34,0.0,58.96,1.7520852785359062,2.3617713108465384
2021-12-29,20.24,5.45,11.36,0.0,51.95,1.725488001811562,2.582106452555954
2021-12-30,18.28,5.78,11.06,0.0,43.09,1.5517402365850326,1.7301870909818777
2021-12-31,19.58,5.74,11.27,0.0,47.74,1.6695935354232163,2.237798233406402
2022-01-01,20.17,5.88,12.03,0.0,45.63,1.7513120238538233,2.1438703791134275
2022-01-02,19.29,6.65,11.89,0.0,46.63,1.613652938688665,2.244914381045181
2022-01-03,20.1,7.15,12.5,0.0,48.83,1.6695579883638443,2.137653992523235
2022-01-04,18.23,8.79,13.48,0.15,55.79,1.2487409986550126,1.7613604241692473
2022-01-05,14.0,10.96,12.53,23.32,87.55,0.33565137216766217,0.8656015057471926
2022-01-06,19.01,10.55,13.81,1.31,83.52,0.8973510433435556,1.5788755601901474
2022-01-07,19.93,11.76,14.84,3.56,84.53,0.9219006761342083,1.8652075072904775
2022-01-08,17.0,9.61,13.9,36.6,91.21,0.4920516698721005,0.7382207644552936
2022-01-09,17.78,7.59,11.55,11.84,82.06,0.9422114864057152,1.3412937943407635
2022-01-10,16.87,5.49,10.21,0.51,76.97,0.9957386115064544,1.4521167796434395
2022-01-11,18.5,4.16,10.26,0.06,76.94,1.1985451581184,1.6113744704662378
2022-01-12,18.74,4.77,10.84,0.0,69.98,1.2848079830854502,1.6325494939614984
2022-01-13,18.44,5.64,11.68,0.0,64.22,1.2603759861921193,1.4441543935370709
2022-01-14,18.33,5.68,10.93,0.0,76.35,1.1385616480343699,1.485781525847923
2022-01-15,19.6,3.88,10.9,0.0,72.39,1.379658555805648,1.6208032206348153
2022-01-16,18.63,4.77,11.35,0.0,60.67,1.3764090121724535,1.7839012357807758
2022-01-17,13.94,6.16,9.75,0.0,58.75,0.8907794229069694,1.3384919543780673
2022-01-18,19.24,3.32,10.37,0.0,67.07,1.4183938475563387,1.9418238671321475
2022-01-19,16.29,7.11,10.84,1.36,76.29,0.8715107441982464,1.2293054748661527
2022-01-20,18.31,6.84,12.24,1.34,82.52,0.9298666511672333,1.1756305721747424
2022-01-21,19.55,9.15,13.35,0.21,72.35,1.2033544555157285,1.5756225880932626
2022-01-22,15.42,8.47,11.18,16.9,88.08,0.5906968389158052,1.1732796087616677
2022-01-23,14.96,9.87,11.78,10.89,85.4,0.527052546032065,1.1949509722732006
2022-01-24,14.91,8.1,11.24,1.37,79.45,0.6437264083350447,1.1272270584027717
2022-01-25,15.79,5.11,10.2,0.07,82.18,0.7776429386045032,1.2659615418138872
2022-01-26,16.92,3.66,9.8,0.04,76.12,1.0334511152800228,1.712372395660631
2022-01-27,19.04,3.43,10.07,0.0,67.73,1.4200184718726665,2.487447781373114
2022-01-28,19.37,2.32,9.93,0.0,65.53,1.4972941713484598,2.5649392449168382
2022-01-29,20.5,6.74,11.71,0.0,60.79,1.6159549689974106,2.438490412092101
2022-01-30,21.71,4.84,12.04,0.0,66.5,1.708048230228755,2.670680360989509
2022-01-31,22.95,8.68,14.61,0.0,58.49,1.8761509778945045,2.4208309121382037
2022-02-01,21.71,7.73,12.85,0.0,63.94,1.6949548906544998,2.4292982867756514
2022-02-02,21.92,6.13,13.28,0.0,62.58,1.752647615480752,2.284473598550097
2022-02-03,15.11,8.91,11.72,15.58,85.53,0.5467137866527512,0.9459306878123929
2022-02-04,17.79,7.79,12.08,1.32,77.35,0.977927593037309,1.6418119542739116
2022-02-05,19.09,5.27,11.91,0.0,70.09,1.2740046315396953,2.1499932741668313
2022-02-06,20.41,7.47,13.19,0.0,57.22,1.5907351407112489,2.1661177696700236
2022-02-07,22.52,7.32,13.8,0.0,62.56,1.7924941827822805,2.3779815512802225
2022-02-08,21.86,7.98,13.9,0.0,64.98,1.6400473024777182,2.631939690404924
2022-02-09,20.99,9.1,13.23,0.45,65.24,1.5261431021459824,2.545286776934974
2022-02-10,21.64,6.93,12.73,0.0,62.93,1.7043678392411143,3.0772184588428244
2022-02-11,21.11,4.27,11.81,0.0,63.57,1.6831265164978404,3.1613220475788384
2022-02-12,22.73,5.12,13.53,0.0,54.07,1.9799111514707013,3.1012781242039265
2022-02-13,23.71,8.55,15.61,0.0,48.48,2.1299216042782536,2.764684104143088
2022-02-14,23.28,7.57,15.09,0.0,53.4,1.9874919147076486,2.7398667693074787
2022-02-15,24.14,7.99,15.4,0.0,58.76,2.0370948795603234,2.714287442695019
2022-02-16,23.94,9.98,15.86,0.0,62.47,1.9018798539645292,3.0017904157037387
2022-02-17,24.98,9.81,16.35,0.0,59.71,2.1648958841328887,3.0273738449695977
2022-02-18,25.25,9.06,15.82,0.0,56.3,2.27169856169167,3.319410181750932
2022-02-19,24.33,9.92,15.66,0.0,57.59,2.082873817174377,3.562621227441099
2022-02-20,24.39,7.64,14.92,0.0,57.8,2.1411592889914353,3.7940697615761385
2022-02-21,25.76,7.64,16.62,0.0,43.8,2.5822286447716425,3.3608344548856284
2022-02-22,25.98,10.02,17.31,0.09,48.81,2.439057654027312,5.7093341244850295
2022-02-23,24.02,10.89,17.14,0.01,59.27,1.8685822087760868,3.5521665378731755
2022-02-24,24.82,10.84,16.91,0.12,63.88,1.966377309985921,3.01086457218607
2022-02-25,25.16,10.84,17.36,1.38,62.18,2.042254455717952,3.431274305642533
2022-02-26,21.5,11.62,15.85,8.88,71.51,1.306517981812742,2.9188817189828344
2022-02-27,23.5,9.14,15.23,0.0,67.94,1.7984110899770123,3.7031448296520804
2022-02-28,24.17,6.56,14.45,0.0,59.03,2.1256116734613175,3.5756382436912664
2022-03-01,26.15,10.83,17.34,0.0,55.02,2.3658711033342326,3.794299723661006
2022-03-02,26.37,11.52,18.17,0.02,57.74,2.295338290600423,3.681166317106297
2022-03-03,24.95,13.07,17.83,0.91,66.01,1.8543417217693323,2.8886495018614995
2022-03-04,25.02,11.07,16.91,0.0,68.79,1.9369924209511422,3.978215376519368
2022-03-05,27.92,8.96,17.6,0.0,60.09,2.6800546672764862,4.137659922821355
2022-03-06,27.01,14.36,19.8,0.0,51.59,2.4139315596272475,3.1122054713564693
2022-03-07,29.51,15.03,20.91,0.0,51.47,2.9330371435347367,3.9852299065990358
2022-03-08,29.8,12.59,20.1,0.0,53.62,3.0442433206491377,4.7914171174912115
2022-03-09,29.1,13.07,19.94,0.0,49.79,2.952456936629298,4.821232059308193
2022-03-10,29.84,13.23,20.65,0.0,53.83,2.9705459063406847,5.01823318963886
2022-03-11,30.94,13.42,21.21,0.0,51.2,3.307310700055287,5.13606101237137
2022-03-12,30.42,12.67,21.32,0.0,50.8,3.136381924232305,4.749420403082864
2022-03-13,33.41,17.11,24.5,0.0,47.6,3.77102253224278,5.219369235791295
2022-03-14,35.0,19.01,25.95,0.0,45.74,4.179850384615269,5.134590022303693
2022-03-15,35.97,20.09,26.25,0.0,47.84,4.422643527087885,5.855089418499914
2022-03-16,36.98,15.81,25.34,0.0,51.18,4.836490053992793,6.938634859846732
2022-03-17,38.04,17.54,26.7,0.0,45.51,5.22353547723293,5.631108734298889
2022-03-18,36.89,19.05,27.12,0.0,50.55,4.566788536222584,5.884199305347939
2022-03-19,37.22,19.69,28.12,0.0,46.6,4.7580056062575595,5.138086176916484
2022-03-20,37.67,19.57,28.19,0.0,39.19,5.151367045188752,5.0501010934965604
2022-03-21,36.95,19.49,27.32,0.0,42.3,4.860722005925229,6.231681977962498
2022-03-22,36.3,18.19,26.19,0.0,39.29,4.867950929098987,7.135170494166342
2022-03-23,37.16,19.48,27.43,0.0,31.31,5.318868866319275,4.848909199480934
2022-03-24,35.76,20.23,26.73,0.0,32.45,4.810729295528024,5.525360339711729
2022-03-25,36.07,17.67,25.77,0.01,36.27,4.944665754083433,7.066056358951877
2022-03-26,36.83,16.54,25.76,0.0,33.72,5.306786449090881,7.917760192333702
2022-03-27,38.87,17.23,27.56,0.0,28.6,6.079605959081277,6.539303487995637
2022-03-28,39.33,18.88,28.82,0.0,23.58,6.313827347122034,5.649692225649894
2022-03-29,40.17,19.96,29.23,0.0,25.38,6.558752514629821,6.30750602037784
2022-03-30,39.87,20.19,29.45,0.0,23.39,6.510831438957458,6.0938869095871
2022-03-31,39.69,19.6,28.74,0.0,24.14,6.414063515024184,6.315847780578446
2022-04-01,38.58,16.97,28.23,0.0,25.42,6.051947767372481,6.851744929879774
2022-04-02,39.73,22.65,29.95,0.0,18.17,6.6024482988736395,6.030625097829649
2022-04-03,40.1,17.71,28.31,0.0,21.16,6.735203854260038,7.220550496522666
2022-04-04,39.69,17.5,28.21,0.0,24.53,6.504886460472377,8.071593773798266
2022-04-05,39.95,20.35,29.08,0.0,22.45,6.607841479031139,7.159680876862469
2022-04-06,40.38,20.49,30.08,0.0,21.13,6.764761660271578,7.344604363037515
2022-04-07,41.42,21.61,31.07,0.0,21.33,7.136267139947624,7.310309122900593
2022-04-08,42.54,24.48,32.04,0.0,18.77,7.671258371605851,7.344500505249262
2022-04-09,42.93,25.18,33.16,0.0,17.67,7.8230060103941,6.733004650116066
2022-04-10,42.51,24.19,32.46,0.0,20.16,7.566975349446368,7.8445936392485764
2022-04-11,43.53,24.27,33.35,0.0,20.16,7.9998075033020415,7.060151985732105
2022-04-12,39.62,25.27,31.98,0.0,18.8,6.389336397172802,6.422890800306434
2022-04-13,40.68,20.63,30.96,0.0,17.74,6.932354033322511,7.288667961943031
2022-04-14,41.69,22.47,32.02,0.02,20.58,7.250810640801106,7.194474741834041
2022-04-15,39.19,21.32,30.85,0.01,21.35,6.211867489562782,6.501226822517448
2022-04-16,40.02,22.77,31.33,0.0,20.44,6.555214563615463,6.528196010837485
2022-04-17,41.64,22.71,32.04,0.0,18.02,7.301255959382522,6.652740705764459
2022-04-18,42.89,24.38,33.48,0.0,16.7,7.813337272713967,7.753476384744129
2022-04-19,42.69,25.37,33.96,0.0,17.89,7.6156722664718695,7.939235045945995
2022-04-20,42.04,24.82,33.83,0.0,20.49,7.210206915642719,8.332272446343568
2022-04-21,37.01,26.02,31.53,0.0,25.26,5.14788995859597,4.935437976169651
2022-04-22,38.4,22.82,30.52,0.24,26.72,5.721214363529313,6.946772202069777
2022-04-23,40.27,21.82,31.24,0.0,21.07,6.616169050625455,8.228768084310328
2022-04-24,40.88,22.36,31.85,0.0,21.33,6.826021843018946,9.771486132102869
2022-04-25,42.13,24.14,33.35,0.0,20.15,7.3076346772455905,7.659064320313015
2022-04-26,41.68,25.76,33.61,0.0,16.3,7.275926570616916,8.388978445611489
2022-04-27,43.92,24.14,34.07,0.0,14.22,8.387925784416801,9.402172729564555
2022-04-28,45.6,26.72,36.22,0.0,12.57,9.196905174833615,7.336046606900911
2022-04-29,45.77,28.92,36.64,0.0,13.05,9.217119066072655,8.368197645188635
2022-04-30,45.58,28.15,36.86,0.0,12.91,9.1338949977077,7.940382044397459
2022-05-01,44.3,28.56,36.17,0.0,12.62,8.520368379541333,7.625033873992754
2022-05-02,43.83,26.59,35.06,0.04,16.74,8.13796481685548,11.10515418860804
2022-05-03,41.63,26.73,34.25,0.0,20.2,7.030079605927824,7.335410769542053
2022-05-04,40.27,26.08,32.38,9.68,32.16,6.07706878218906,6.134236512184103
2022-05-05,38.63,25.98,31.88,0.99,37.26,5.199366193935393,6.3472152884801
2022-05-06,40.14,24.97,32.81,0.1,33.59,5.885371640427357,6.439502906156676
2022-05-07,41.77,27.67,34.33,0.01,25.81,6.8187732549267235,7.3355749845845795
2022-05-08,42.64,27.11,34.93,0.0,22.71,7.303168951220107,6.84210002543244
2022-05-09,41.93,26.1,34.11,0.0,26.35,6.8332778536759635,9.799526369568097
2022-05-10,42.2,26.97,34.95,0.04,28.59,6.778882304980636,8.12905210567962
2022-05-11,43.79,27.48,36.03,0.0,27.06,7.492419831835062,7.8838663095472805
2022-05-12,46.01,30.42,38.32,0.03,17.92,9.015038261208447,6.786651606641568
2022-05-13,46.12,28.56,37.26,0.03,15.59,9.234321658191753,10.038929333956945
2022-05-14,47.13,26.91,37.38,0.0,10.41,10.074381700290264,11.395647335059271
2022-05-15,47.68,29.78,38.26,0.0,9.89,10.352187519897836,10.184317208389269
2022-05-16,44.76,28.63,36.75,0.0,13.58,8.660696845460329,8.836039025876227
2022-05-17,43.58,30.23,36.93,0.11,17.7,7.8555006986870515,7.007633647578279
2022-05-18,43.75,29.58,36.78,0.19,17.27,7.959942889192556,8.556202428763266
2022-05-19,45.93,30.06,38.22,0.14,16.32,9.038787549305471,7.821251889862195
2022-05-20,46.48,31.35,38.18,0.0,12.67,9.551071837525209,10.639513949300564
2022-05-21,43.51,28.76,36.07,0.67,17.77,7.864001647645098,7.091444673967622
2022-05-22,42.86,27.9,35.9,0.18,19.62,7.537071239471583,8.4050236535979
2022-05-23,37.65,22.47,30.34,20.93,38.82,4.994776696393037,10.137074785264648
2022-05-24,33.32,20.71,26.75,2.5,57.82,3.1809553258819294,6.045934835281122
2022-05-25,37.09,22.4,30.2,0.0,43.59,4.563723435067253,6.966515184085987
2022-05-26,39.03,25.86,32.85,0.0,35.23,5.331129348579371,6.118839209906487
2022-05-27,41.19,26.6,34.6,0.0,34.72,6.05085907371374,6.61572243755674
2022-05-28,42.73,29.3,35.44,4.57,38.21,6.465015197062616,6.608722594806782
2022-05-29,41.79,26.84,33.93,1.89,37.29,6.349037800550255,7.58422405577834
2022-05-30,41.75,26.67,33.77,0.05,29.52,6.789601730870235,8.436346189872108
2022-05-31,41.36,26.61,34.33,0.07,28.17,6.493881018794376,6.846322728388901
2022-06-01,43.49,26.47,36.17,0.0,22.15,7.71943534944774,7.150285086053394
2022-06-02,43.8,28.31,35.83,0.01,17.66,8.06960511230489,7.05958867292665
2022-06-03,44.26,26.54,35.89,0.0,17.25,8.338578606443413,8.60817836526622
2022-06-04,44.96,30.0,37.63,0.0,13.49,8.772142185291381,7.630316826556838
2022-06-05,45.29,28.54,37.16,0.0,13.05,8.969080063025386,8.222131579979985
2022-06-06,45.81,29.14,37.54,0.0,14.14,9.14002099440298,9.423610867422319
2022-06-07,46.69,29.86,38.43,0.0,14.4,9.52998616114497,10.678783477358197
2022-06-08,45.36,31.99,38.38,0.0,14.82,8.789314042910046,12.426267596609877
2022-06-09,45.98,30.68,38.67,0.0,16.51,8.99224058217095,11.745275073381043
2022-06-10,45.99,31.32,38.94,0.01,20.1,8.732243813169584,12.922037704502062
2022-06-11,46.24,30.65,39.08,0.0,19.18,8.92295270179669,12.760493275241313
2022-06-12,45.36,32.24,38.82,0.05,20.52,8.396210409025082,11.103478491503832
2022-06-13,46.21,31.52,39.18,0.0,18.95,8.9056314938933,10.852450060782141
2022-06-14,45.27,32.43,39.04,0.0,25.22,8.025204709236165,12.109194593908025
2022-06-15,45.34,32.55,39.06,0.0,29.44,7.8379878159729905,12.328225779218364
2022-06-16,43.35,32.66,38.44,3.93,28.49,6.902187482945109,8.577083159657617
2022-06-17,36.05,30.53,33.3,19.07,52.29,3.3278530802065984,4.598419978095801
2022-06-18,33.94,28.09,30.68,12.57,56.91,2.814510317621591,3.8362901238574283
2022-06-19,37.5,25.99,31.87,0.01,47.13,4.313948590976288,4.850241868150853
2022-06-20,36.45,26.61,32.05,0.85,42.43,4.139217099032949,6.106198221407044
2022-06-21,35.94,25.87,31.1,1.56,43.65,4.022686406635094,6.5822262866435395
2022-06-22,32.88,26.22,28.74,7.33,63.86,2.510910477371455,5.437123624612152
2022-06-23,39.28,25.09,31.78,0.01,42.64,5.262633312963057,8.62612092313893
2022-06-24,40.18,23.53,32.19,0.0,35.39,5.9082468029150546,8.417418927192033
2022-06-25,41.44,27.49,34.56,0.0,28.97,6.4786221453267725,7.327809228336211
2022-06-26,41.15,28.56,35.14,0.0,31.11,6.1541352429583185,7.4004037849842375
2022-06-27,41.16,28.54,35.55,0.02,38.71,5.680609761471306,6.245352378107137
2022-06-28,43.04,30.46,36.93,0.08,38.54,6.345271333498498,5.519088700397683
2022-06-29,43.71,31.53,37.69,0.18,35.22,6.787787836557113,7.164123484474935
2022-06-30,39.16,28.0,34.27,15.37,51.3,4.365621600133187,4.9405681063229
2022-07-01,31.17,26.29,28.8,26.52,76.65,1.5307788025994769,3.487293630838653
2022-07-02,38.38,27.0,32.9,0.34,57.4,3.976361483383059,6.05652143685178
2022-07-03,34.94,27.92,31.11,12.38,68.87,2.527573904585732,5.1300403930013685
2022-07-04,37.62,28.15,33.18,0.35,60.29,3.498750328177198,5.200004334093894
2022-07-05,38.97,29.34,34.08,3.48,57.54,3.9729376432929033,5.489605443780649
2022-07-06,37.72,28.86,33.16,0.32,57.38,3.6866563172772464,5.836817797919848
2022-07-07,38.63,29.78,34.06,4.46,56.49,3.9001844564672905,5.191500736183231
2022-07-08,40.34,29.47,35.19,0.75,52.5,4.642580840974794,5.756418516422415
2022-07-09,38.75,29.01,34.05,11.5,57.89,3.8981087203081404,4.713179753389052
2022-07-10,34.54,26.0,30.05,21.44,74.97,2.34732152512577,4.5382564859408445
2022-07-11,38.01,27.23,32.6,1.01,63.01,3.660504321800844,5.671137834879898
2022-07-12,36.69,28.66,32.69,6.04,61.0,3.212478989039185,4.44353369417839
2022-07-13,37.61,28.0,32.94,0.67,61.29,3.4880456363726657,6.100042072065679
2022-07-14,34.68,28.05,31.16,34.83,71.85,2.301082754194605,3.8074964780482667
2022-07-15,34.35,27.32,30.31,16.67,75.77,2.1874558801955426,3.8548137066888306
2022-07-16,34.6,26.59,30.85,27.79,74.14,2.242006842387729,5.883695871567451
2022-07-17,33.55,26.86,30.24,3.56,75.63,1.966426768686555,4.783790602006044
2022-07-18,36.78,26.34,31.76,0.0,69.8,3.00952258020359,6.103296936096259
2022-07-19,36.99,27.18,31.88,2.29,70.89,3.0080414679909273,5.904652805819243
2022-07-20,35.25,27.76,31.38,25.83,77.44,2.1895243379977636,4.451992575482787
2022-07-21,32.86,27.39,29.88,45.72,81.88,1.5753159166412467,3.9652088737878954
2022-07-22,32.11,26.45,28.94,4.43,83.13,1.4821245952809945,4.453635332179352
2022-07-23,32.37,26.14,29.28,5.77,82.03,1.537125861745173,4.5452011019915926
2022-07-24,31.99,26.12,28.77,0.91,83.78,1.4576210180319116,4.891919749184562
2022-07-25,32.84,25.98,29.19,0.58,80.74,1.744988061047534,4.92644094755546
2022-07-26,32.17,25.73,28.79,0.84,82.16,1.573898690382213,4.794157661521604
2022-07-27,33.01,25.58,29.01,2.06,81.26,1.8081423833101673,4.514710731389229
2022-07-28,32.95,25.25,29.11,8.16,81.51,1.7623705653012114,3.9031459582614487
2022-07-29,30.26,25.98,27.86,13.25,89.46,0.9611777561466615,2.9699804257111864
2022-07-30,30.54,25.63,27.88,51.38,88.6,1.0602624369220774,3.1601521154976884
2022-07-31,31.61,25.48,28.28,23.78,86.87,1.3330136999715578,2.899052731829474
2022-08-01,31.54,25.62,28.28,12.66,86.2,1.3420005457484048,4.592533672193895
2022-08-02,33.41,25.41,29.41,0.07,83.68,1.7456035054627996,5.452731462010564
2022-08-03,33.9,27.28,30.55,0.5,79.3,1.83984632410768,4.2126323698485555
2022-08-04,32.5,26.12,29.3,8.06,82.53,1.5550847033200657,3.661513757648018
2022-08-05,31.49,25.83,28.43,7.33,87.04,1.2619802090960044,3.019824347578434
2022-08-06,32.73,25.19,28.98,1.49,83.28,1.656091239846643,4.322750985138996
2022-08-07,32.3,26.29,29.23,3.26,82.77,1.4983089879376426,3.9077324852970268
2022-08-08,32.46,26.4,29.34,1.89,83.27,1.5024065107428144,5.123861214428445
2022-08-09,31.67,26.81,29.4,3.56,82.89,1.2754620462916124,5.065385009565648
2022-08-10,34.9,26.3,30.78,1.58,77.19,2.2083190105440247,5.149774968179671
2022-08-11,29.11,24.12,27.02,3.85,87.97,0.895369788910577,2.959273981568831
2022-08-12,33.05,23.57,28.78,0.0,78.89,1.9530386624006493,5.516295477788721
2022-08-13,33.78,25.45,29.64,0.0,80.03,1.9638827842416453,5.512181770287891
2022-08-14,33.05,26.25,29.42,2.89,82.99,1.6649074431832145,4.469763567007214
2022-08-15,29.85,24.95,26.9,5.96,88.07,1.0932273435295312,3.6614756061162437
2022-08-16,32.05,24.41,27.95,0.49,80.5,1.7699506569575871,4.72813396941256
2022-08-17,31.07,24.99,28.03,1.77,83.22,1.3802918058989877,4.873638281246601
2022-08-18,32.92,24.7,28.96,0.46,81.09,1.8038136270686995,5.174497059214437
2022-08-19,32.66,25.19,28.56,1.62,81.12,1.7972949981699187,5.261188349089326
2022-08-20,32.37,24.39,28.34,14.5,80.23,1.7914613116158309,4.459526358337132
2022-08-21,33.1,25.82,29.34,1.6,77.26,1.9319290963740041,5.149555720162947
2022-08-22,34.63,25.21,30.07,0.28,74.07,2.4100812548337784,5.088480681604024
2022-08-23,32.86,26.03,29.31,4.46,81.39,1.6924060723385645,5.346705874418262
2022-08-24,31.66,24.64,27.93,1.02,81.91,1.613350011491299,4.657375465086605
2022-08-25,32.55,24.74,28.83,1.63,78.09,1.8500789701021403,4.242315606527622
2022-08-26,33.62,24.77,29.13,0.05,73.2,2.2947201444706606,5.075100298887319
2022-08-27,32.47,25.01,28.49,0.0,78.43,1.8680239819904187,4.909019270202823
2022-08-28,33.32,24.72,28.63,2.74,76.61,2.1550877949135767,5.14942639723524
2022-08-29,33.71,24.55,29.04,3.18,73.77,2.3279549758268048,4.510070700480365
2022-08-30,34.24,25.65,29.5,0.32,73.28,2.4122058301227125,5.211643968208004
2022-08-31,34.25,24.93,29.45,8.18,75.77,2.3227773117637804,4.9810578888668715
2022-09-01,35.55,25.52,30.27,0.3,70.48,2.8422682157365897,5.538388973379513
2022-09-02,34.33,25.87,29.92,20.02,69.96,2.503001663699592,5.178331464598212
2022-09-03,34.2,24.53,29.07,0.91,73.95,2.4622487226109016,5.183038251604755
2022-09-04,34.64,23.94,29.38,0.04,70.27,2.6938195832473797,5.29707253334683
2022-09-05,34.64,24.04,29.46,0.02,69.28,2.72265382815933,4.744007433612811
2022-09-06,34.13,25.14,29.37,0.24,68.06,2.6173661795152086,4.481836602353039
2022-09-07,34.47,25.41,29.67,0.04,65.55,2.7673860187804316,4.853956106895322
2022-09-08,35.1,24.52,30.12,0.0,62.93,3.0291781116632976,4.61054413496249
2022-09-09,35.52,23.85,29.97,0.0,62.29,3.2281589796817434,4.617297245384515
2022-09-10,35.88,24.7,30.47,0.26,63.38,3.2207695691943377,4.4669185381533945
2022-09-11,34.71,25.0,29.51,7.05,69.37,2.7406922153974436,4.429243774299689
2022-09-12,34.8,24.65,29.46,1.65,70.35,2.7513868193240647,4.519246205389264
2022-09-13,33.32,25.26,29.45,0.15,69.63,2.3083040492300477,4.42156309914746
2022-09-14,33.13,26.08,29.56,3.05,70.17,2.1922823193459102,3.819093347534887
2022-09-15,33.99,24.44,29.08,3.4,70.52,2.5507403969699878,4.402342531636529
2022-09-16,34.32,23.19,29.02,0.89,67.99,2.7853082101688904,4.488159652199275
2022-09-17,35.99,23.61,29.52,0.18,62.22,3.4629282597417617,4.856638168864768
2022-09-18,35.79,23.43,29.32,0.0,63.37,3.399596085014997,5.040848065427279
2022-09-19,35.96,24.5,29.73,0.0,64.07,3.3525475236069875,5.08996169270326
2022-09-20,35.4,24.72,29.85,0.48,64.55,3.1251330764081975,4.308907426727269
2022-09-21,31.62,25.76,28.43,12.06,74.58,1.7962511617156758,3.640082678057778
2022-09-22,34.18,24.99,29.2,12.19,72.13,2.5188802777127504,3.4191716352445924
2022-09-23,31.31,25.45,27.77,19.98,79.44,1.6259784711896006,2.8257850256612196
2022-09-24,30.23,24.14,26.64,61.09,87.39,1.2649279231294894,1.6045801745539165
2022-09-25,29.59,23.42,26.33,37.02,85.4,1.2347794726877859,3.4850113170965016
2022-09-26,30.62,22.43,26.31,0.19,78.35,1.7459252582734943,3.3441987093579986
2022-09-27,31.02,22.66,26.88,0.21,72.37,1.9582889054574268,4.067548789455268
2022-09-28,31.66,23.23,27.29,0.04,70.0,2.1464578868756354,4.121249605594006
2022-09-29,31.68,22.34,26.71,0.0,73.02,2.144014307517725,4.107609602394669
2022-09-30,31.77,21.79,26.51,0.0,72.16,2.2517811324770025,4.049985954187656
2022-10-01,32.66,20.52,26.71,0.0,68.1,2.6497490603141434,4.158432983716794
2022-10-02,32.96,20.51,26.8,0.0,63.65,2.851458465754504,4.301531636181921
2022-10-03,33.26,20.2,26.62,0.0,62.59,2.974195273457901,4.63277383744607
2022-10-04,33.4,21.98,27.51,0.0,59.1,3.023654623000248,4.288352091574909
2022-10-05,33.6,22.62,27.68,0.0,54.37,3.2494162030440856,4.1359469288000925
2022-10-06,31.38,18.54,24.61,0.0,68.81,2.5435239518349997,4.106598407231484
2022-10-07,30.25,19.76,24.74,0.0,79.58,1.8822183165301842,3.271438058267415
2022-10-08,29.38,20.96,24.77,0.38,81.67,1.59062789508525,2.858364199562852
2022-10-09,29.91,20.41,24.81,0.49,80.77,1.7448785529928004,2.976253199055807
2022-10-10,28.09,20.86,24.04,8.09,85.37,1.269681814547059,2.199649153776608
2022-10-11,29.36,21.09,24.65,11.86,78.91,1.682586779526205,3.5215677919867283
2022-10-12,29.03,19.38,23.42,0.14,75.6,1.884183634811881,3.510345850885198
2022-10-13,30.51,17.52,23.27,0.0,74.09,2.337007545086669,3.8176823456881177
2022-10-14,30.03,18.04,23.24,0.0,71.89,2.2767430714733567,3.763455066678447
2022-10-15,31.08,18.36,24.75,0.0,59.17,2.7577097719614407,3.658606898919959
2022-10-16,31.92,18.56,24.35,0.0,55.92,3.1085973725792817,3.6818546713279354
2022-10-17,31.41,17.19,23.58,0.0,54.4,3.103692483488712,3.688340581397397
2022-10-18,31.87,18.04,24.34,0.0,47.5,3.3485301914194157,3.762768049542226
2022-10-19,31.3,15.59,22.57,0.0,56.6,3.1060719807301824,3.991790822868195
2022-10-20,30.31,15.69,21.73,0.0,70.04,2.5749413961760013,3.8118917552886216
2022-10-21,31.42,16.03,22.76,0.01,68.6,2.8310598604697934,3.465813081860002
2022-10-22,29.94,16.15,22.02,0.0,56.7,2.8342225833600105,3.651356363377844
2022-10-23,29.95,16.67,22.48,0.0,46.85,3.0233696323380097,3.429503896806087
2022-10-24,31.22,16.76,22.63,0.0,48.16,3.2895846446184756,4.119800937500283
2022-10-25,31.45,15.9,22.63,0.0,53.42,3.2420772582232837,4.245379239475025
2022-10-26,31.45,17.64,23.92,0.0,48.58,3.2320997271461556,3.544415329033923
2022-10-27,31.39,18.25,23.84,0.0,47.77,3.245281271795193,3.546170361547279
2022-10-28,31.21,18.27,24.0,0.0,46.8,3.20834888799473,3.263750022953972
2022-10-29,30.69,17.79,23.74,0.0,42.29,3.255727667093283,3.24064421680451
2022-10-30,30.96,17.95,22.9,0.0,44.05,3.3005320072591875,3.5740153310826845
2022-10-31,30.93,14.02,21.78,0.0,56.44,3.0996610579488992,3.268121713179859
2022-11-01,32.0,15.19,22.55,0.0,57.05,3.2976610170668854,3.7891608449726193
2022-11-02,30.75,15.2,21.77,0.0,65.74,2.822121427018402,3.768273014704982
2022-11-03,30.83,17.35,22.71,0.0,58.11,2.9138841707482683,3.375741753934944
2022-11-04,31.28,16.29,22.32,0.0,61.87,2.9702452128513306,3.0803165440550173
2022-11-05,28.71,16.06,21.52,0.0,79.12,1.955400424373412,3.0123731377655036
2022-11-06,28.98,16.92,21.8,0.0,79.77,1.9782255580141213,2.846371199643356
2022-11-07,30.64,17.44,22.84,0.0,66.95,2.6638842495086994,3.1559136719645697
2022-11-08,30.19,16.82,22.17,0.07,64.77,2.6478875527331533,2.6092774562149494
2022-11-09,27.99,15.59,20.92,0.0,62.97,2.299441901199564,2.420679945449515
2022-11-10,27.3,15.97,20.28,0.02,55.27,2.3605507837529593,3.2085571403894106
2022-11-11,27.77,12.78,19.02,0.0,58.93,2.515560052033985,3.6442725684033057
2022-11-12,28.27,12.2,18.84,0.0,51.27,2.799432393028176,4.044572473554378
2022-11-13,27.33,13.58,19.12,0.0,49.89,2.5867716760809993,3.360268862527753
2022-11-14,23.81,15.42,18.86,1.19,61.37,1.6390871123970163,2.580071759474348
2022-11-15,26.01,15.31,19.12,0.41,70.14,1.852872163674282,2.4818304061489935
2022-11-16,24.23,11.5,17.21,0.0,63.69,1.832335046132867,2.7954567566481536
2022-11-17,24.99,11.65,17.22,0.0,62.04,2.012390472656907,3.1824730281813784
2022-11-18,24.69,11.31,17.19,0.0,48.21,2.221482774684399,2.7830881838996024
2022-11-19,25.87,10.57,16.89,0.0,50.1,2.4399721969415094,2.796687969716421
2022-11-20,26.58,9.79,16.94,0.0,57.84,2.4536381646264322,3.4304059604768327
2022-11-21,26.44,10.12,16.84,0.0,56.26,2.467109815820304,3.278221009610127
2022-11-22,26.34,9.94,16.52,0.0,49.31,2.584308502768328,3.5584778666883694
2022-11-23,26.63,9.3,16.33,0.0,46.76,2.692989206009123,3.6925849759333844
2022-11-24,26.63,9.89,17.3,0.0,40.57,2.7474198799740535,3.176773027245346
2022-11-25,27.09,13.12,17.91,0.0,40.11,2.8068619673483313,2.9524178669833434
2022-11-26,26.83,9.81,16.91,0.0,50.16,2.636703671715676,3.171554964710022
2022-11-27,25.58,12.02,17.63,0.0,43.01,2.45814772572482,2.6586183354618207
2022-11-28,25.07,12.14,17.37,0.0,44.07,2.33986039413259,2.4439185434136093
2022-11-29,25.66,12.65,17.18,0.0,52.41,2.31306162416906,2.636670939699854
2022-11-30,25.54,12.13,16.94,0.0,51.75,2.322973850295352,2.7552684884922947
2022-12-01,25.67,11.42,17.83,0.0,46.99,2.3887872618589006,2.685406974986752
2022-12-02,24.97,14.29,19.0,0.0,40.03,2.305516087583171,1.7979378775270993
2022-12-03,24.72,12.29,17.17,0.0,47.37,2.219605191054041,2.232950273453208
2022-12-04,25.12,10.94,16.24,0.0,51.57,2.2891439525165405,2.828230094496316
2022-12-05,24.4,11.9,16.4,0.0,47.1,2.2157525206911277,2.5351866130486855
2022-12-06,25.53,8.93,15.1,0.0,50.09,2.477964799830151,3.530501983215274
2022-12-07,24.46,7.66,14.42,0.0,52.83,2.254614143769723,3.2712576975770724
2022-12-08,25.0,10.54,16.47,0.0,46.47,2.339513327619353,2.4055671824836025
2022-12-09,26.9,12.02,17.61,0.0,47.81,2.6247914281276996,2.777398158993916
2022-12-10,27.11,11.84,17.69,0.0,54.74,2.549504614753128,3.0033868173703913
2022-12-11,27.48,11.69,17.5,0.0,53.2,2.6733479174660317,3.364172036657797
2022-12-12,26.17,10.23,16.33,0.0,51.58,2.5083351031385215,3.278402449597518
2022-12-13,25.74,8.88,15.7,0.0,52.81,2.424322581532686,3.869930696690268
2022-12-14,23.33,6.47,13.57,0.0,54.03,2.103924812639014,3.189750331168801
2022-12-15,23.39,6.84,13.6,0.0,48.49,2.1882344497225015,2.990428839444305
2022-12-16,23.96,7.95,14.97,0.0,37.51,2.3796044676916877,2.6042784430368657
2022-12-17,24.34,9.5,15.5,0.0,37.12,2.4260589242005293,2.9085945509260633
2022-12-18,23.63,10.3,15.38,0.0,40.73,2.2379907215902737,2.2787286094589763
2022-12-19,23.22,9.87,14.96,0.0,43.64,2.1413978592516947,2.067657065781033
2022-12-20,22.46,9.18,13.93,0.0,44.91,2.032787421703742,2.418813771430015
2022-12-21,22.36,8.58,13.13,0.0,47.19,2.025134974358912,2.315176780497818
2022-12-22,20.78,6.21,11.95,0.0,49.7,1.7968861818695285,2.2537645028766273
2022-12-23,20.07,7.29,12.2,0.0,47.13,1.703944088052108,2.0754279299498277
2022-12-24,19.19,4.18,10.06,0.0,50.21,1.6423499978392697,2.6664659503079196
2022-12-25,18.67,3.15,9.99,0.0,50.35,1.5640616478681175,2.2432246575362815
2022-12-26,20.3,4.31,10.63,0.0,48.77,1.7991298179636153,2.5110327000505825
2022-12-27,21.17,3.99,10.9,0.0,49.72,1.9053985567151073,3.0223204559587473
2022-12-28,22.66,4.47,12.08,0.0,47.48,2.14004373921024,3.22662119300789
2022-12-29,22.07,10.34,15.31,0.59,57.36,1.6785451681230743,1.829507063764137
2022-12-30,20.98,10.2,14.86,0.01,66.91,1.386832095271198,2.1693615301870297
2022-12-31,20.5,6.12,12.01,0.0,65.82,1.5532365662600662,2.4437096630224264
2023-01-01,19.85,7.16,12.2,0.0,49.91,1.6499286638669952,1.9648961299061436
2023-01-02,19.64,6.99,11.65,0.0,45.8,1.7028944162471922,1.954552201380077
2023-01-03,18.63,4.65,9.84,0.0,45.14,1.6321320900485248,2.3972885415911764
2023-01-04,18.63,2.75,9.23,0.0,44.74,1.6487110428754244,2.4841526406424452
2023-01-05,18.96,2.6,9.82,0.0,42.69,1.7077449720430191,2.2722720980418605
2023-01-06,16.91,3.0,9.5,0.0,36.98,1.5016748009650662,1.9751168608757432
2023-01-07,20.53,3.63,11.09,0.0,39.3,1.9268450758489335,2.7555818400638388
2023-01-08,22.54,4.8,12.23,0.0,46.58,2.113366336318374,2.892488600520615
2023-01-09,19.77,5.64,11.63,0.0,49.84,1.6731849062736104,2.132001150359562
2023-01-10,22.06,5.24,12.36,0.0,62.32,1.8047692885918152,2.2511858604989676
2023-01-11,23.09,9.47,15.39,0.03,55.38,1.921538206929386,2.020266567081697
2023-01-12,22.39,9.64,15.3,0.52,61.4,1.6777255817036003,2.520568506808322
2023-01-13,20.99,8.42,13.68,0.85,68.63,1.4648930546487438,2.282483311684587
2023-01-14,17.81,2.99,8.83,0.0,36.08,1.675309074841938,2.674351971760717
2023-01-15,18.04,0.71,8.1,0.0,41.81,1.6515149105491957,2.6753673265668914
2023-01-16,19.12,1.88,8.79,0.0,34.78,1.8440854727941285,2.91255199625423
2023-01-17,18.95,1.19,8.67,0.0,34.98,1.8361194590156427,2.9179032180501436
2023-01-18,17.11,3.85,9.69,0.0,36.31,1.5217124787513008,2.2257677991401095
2023-01-19,21.67,5.57,12.73,0.5,38.51,2.076168127650149,2.445578068088013
2023-01-20,17.24,6.67,10.57,0.86,75.23,1.042596336912466,1.7056848973725711
2023-01-21,20.92,6.12,12.12,0.0,63.12,1.6477088888249414,2.3200343172188393
2023-01-22,21.47,5.37,12.35,0.0,58.53,1.7862113558477806,2.3841377296868544
2023-01-23,22.37,6.7,13.2,0.0,52.09,1.9586621323089919,2.8714729893606923
2023-01-24,16.66,8.12,12.44,8.02,78.99,0.7751740980480262,1.1618389705334848
2023-01-25,19.85,7.43,13.21,2.42,71.46,1.287650707501233,1.4615946645773754
2023-01-26,21.03,5.37,11.11,0.03,60.02,1.7864553804481733,2.6108969324722344
2023-01-27,21.64,3.0,10.73,0.0,47.56,2.0331373889771704,3.1953928051284946
2023-01-28,22.82,3.48,12.7,0.0,40.48,2.2441221350558718,2.9654529664631046
2023-01-29,15.84,4.71,11.21,1.25,62.01,1.007463555159571,1.9593891423170402
2023-01-30,15.02,9.88,12.11,2.0,88.67,0.4596917913701688,1.2811536656170268
2023-01-31,22.21,8.37,13.58,0.23,73.07,1.6059244379765598,2.600243857613843
2023-02-01,23.36,5.33,12.49,0.0,61.13,2.0844484231310734,3.412620654884149
2023-02-02,25.91,5.33,13.92,0.0,51.35,2.611260665877632,3.853042598064057
2023-02-03,25.17,7.84,15.19,0.0,46.75,2.468181687953406,3.37193679211202
2023-02-04,26.82,7.99,15.99,0.0,54.14,2.6100894382158177,3.8671810490589773
2023-02-05,26.06,8.35,16.95,0.0,52.08,2.5298693946123776,3.4753452315628315
2023-02-06,27.1,11.7,17.77,0.01,43.12,2.7707569943757626,3.5858766249898895
2023-02-07,25.81,9.38,15.89,0.01,52.2,2.4903552938724793,4.128682967111408
2023-02-08,25.43,7.41,15.41,0.0,42.61,2.612757450039004,3.535707615737531
2023-02-09,25.81,8.83,16.38,0.03,45.6,2.5520062767696037,3.5063621069417503
2023-02-10,26.27,9.82,17.2,0.0,48.9,2.5178717374822828,4.032082067238473
2023-02-11,25.86,9.26,16.41,0.01,41.01,2.67273413027323,3.717081944267206
2023-02-12,22.33,5.9,12.89,0.0,38.13,2.2050223811018546,4.114370285500133
2023-02-13,24.05,4.11,13.08,0.0,33.31,2.570105789371321,4.850699687694788
2023-02-14,27.26,7.65,16.14,0.0,35.13,3.048154239355585,4.215307369909287
2023-02-15,30.11,10.27,18.5,0.0,39.24,3.5185726245437206,5.288059060439641
2023-02-16,30.64,13.01,20.14,0.0,42.27,3.4726766330463876,3.685412893783857
2023-02-17,30.79,12.06,20.87,0.0,39.1,3.5637990439777796,3.784065987329733
2023-02-18,32.04,13.55,21.67,0.0,34.35,3.9776736751656374,4.167529940997792
2023-02-19,32.03,14.65,22.72,0.0,25.66,4.119284982153633,3.551064636343528
2023-02-20,31.76,13.11,21.53,0.0,32.88,3.9171641338952004,4.528407207850538
2023-02-21,30.63,13.8,20.51,0.17,36.65,3.5963706891294565,4.322201294762287
2023-02-22,27.58,11.41,18.76,0.01,33.28,3.0336549950937126,3.7208259383342215
2023-02-23,30.31,10.74,18.89,0.0,33.07,3.687543120552771,5.225273774692618
2023-02-24,30.2,12.86,20.22,0.0,31.92,3.601348654876925,4.507038125835044
2023-02-25,31.37,15.63,22.15,0.0,28.38,3.8784053143199255,4.1528441731906565
2023-02-26,31.62,14.87,21.96,0.0,33.44,3.83404225850862,4.18015179060143
2023-02-27,31.43,16.34,22.25,0.0,37.21,3.6815090019326115,4.401094172815002
2023-02-28,27.77,14.73,20.72,0.02,43.16,2.7298073978477086,3.957135352426274
2023-03-01,29.45,13.57,20.52,1.42,49.13,3.014657293577723,4.152061438255603
2023-03-02,29.58,14.44,21.11,0.0,52.34,2.9335598707025428,4.452125564793101
2023-03-03,30.66,14.43,21.78,0.0,50.89,3.2284917842588685,4.877658838722269
2023-03-04,26.26,15.28,20.38,0.0,43.59,2.4191347960397724,4.174848188493644
2023-03-05,31.05,14.61,21.82,0.0,39.61,3.5414164640716947,4.862783401965847
2023-03-06,31.19,14.94,22.49,0.0,37.46,3.6140480712350045,4.96937860382452
2023-03-07,31.54,16.74,23.48,0.0,32.92,3.7387118236410064,4.451833175801633
2023-03-08,31.23,16.91,23.73,0.03,33.73,3.620522460067215,3.914782909908515
2023-03-09,31.04,17.03,23.22,0.14,34.16,3.580592831821436,3.9672709381101785
2023-03-10,32.35,15.61,23.79,0.0,27.57,4.111005055445436,5.2192645141349026
2023-03-11,33.15,16.57,24.0,0.0,27.58,4.319150314692042,4.4609533797877425
2023-03-12,34.73,15.76,24.72,0.01,31.89,4.6448382305623115,4.92595303555914
2023-03-13,33.25,19.16,25.42,0.0,36.21,4.016600642684299,5.122933457106461
2023-03-14,34.4,19.42,25.85,0.05,32.34,4.422481932688322,5.418802279474046
2023-03-15,34.64,17.75,25.89,0.0,30.76,4.593991676705993,4.561503299875568
2023-03-16,33.16,18.41,25.43,0.43,30.98,4.15130727172123,4.863906611687761
2023-03-17,28.71,17.98,22.16,9.77,52.73,2.590112828137024,3.231619670559117
2023-03-18,24.46,16.12,19.48,8.88,75.66,1.381619100203494,2.6527264734094844
2023-03-19,27.22,14.95,20.79,0.04,62.72,2.155458475617599,3.388037888418067
2023-03-20,24.41,15.45,19.86,10.63,71.28,1.4418157481220382,2.2129348197705596
2023-03-21,27.44,13.96,20.15,1.77,66.87,2.1897851634502405,3.7713404494451033
2023-03-22,29.29,16.04,22.21,0.01,48.97,2.8403912746383866,4.079074663240209
2023-03-23,30.12,16.86,22.74,0.48,46.22,3.055051029590449,4.7114725182746815
2023-03-24,29.37,17.37,22.48,8.26,59.14,2.5815728144646766,4.483492796808314
2023-03-25,27.24,16.46,20.87,7.98,68.99,2.0099684107292597,3.979779429030444
2023-03-26,29.12,14.8,21.16,0.04,52.63,2.8186810746725426,5.02389911834318
2023-03-27,29.05,12.99,20.8,0.0,47.03,2.9510556176823393,4.8892120278624756
2023-03-28,30.89,16.67,22.83,0.0,41.06,3.3895715390093093,4.772939630759045
2023-03-29,31.7,16.44,23.83,0.0,43.72,3.466407170458008,4.023287496653344
2023-03-30,33.0,17.45,24.45,7.11,48.35,3.7113130717121408,4.875882006877732
2023-03-31,26.52,16.37,21.03,4.98,68.61,1.8340564451752908,2.889912852015893
2023-04-01,26.05,17.01,21.03,6.77,69.32,1.7040912207062646,3.451705460982648
2023-04-02,29.37,14.88,21.94,1.2,59.58,2.6157759234426905,4.604701461922018
2023-04-03,29.12,16.69,22.45,0.64,57.16,2.5338082762849963,3.6948543354238907
2023-04-04,29.69,17.06,22.47,1.62,59.47,2.631788647923811,5.424396378544149
2023-04-05,32.36,14.57,23.27,0.0,46.98,3.7043011946965025,5.768008249414175
2023-04-06,32.48,16.4,23.56,0.13,40.45,3.7970655120996835,6.178546269362713
2023-04-07,33.16,15.05,23.63,0.0,37.83,4.1260198815980855,6.232289228019103
2023-04-08,34.4,15.77,24.8,0.0,33.09,4.535021857810312,5.903804613253951
2023-04-09,34.99,20.14,26.66,0.0,27.97,4.731304356464103,5.563546400553577
2023-04-10,35.55,17.75,26.45,0.0,31.78,4.8137914129444646,6.3879174660784015
2023-04-11,37.04,20.43,27.98,0.0,32.65,5.164261033870133,7.102141844396646
2023-04-12,37.57,19.61,28.16,0.0,36.5,5.22774815641235,6.970342294982476
2023-04-13,38.28,18.72,28.17,0.0,34.42,5.560483211321313,7.522489359530446
2023-04-14,39.76,20.66,29.98,0.0,31.18,6.116557674305094,6.981454994547857
2023-04-15,40.3,24.37,31.85,0.0,23.57,6.493874549326549,5.875667092795893
2023-04-16,40.66,21.77,31.45,0.0,25.47,6.603666926277829,6.572992994879055
2023-04-17,40.82,24.71,32.7,0.25,26.41,6.520667260175781,5.280233218502362
2023-04-18,40.48,24.59,31.31,5.25,36.16,6.064700521219453,7.844188320815265
2023-04-19,34.18,22.91,27.39,0.94,51.61,3.5637869747746613,6.01983904999887
2023-04-20,33.94,21.75,27.69,4.46,49.51,3.5895708342195323,5.067546645802102
2023-04-21,34.73,19.1,26.72,0.24,43.89,4.169699868651317,6.338095424719636
2023-04-22,35.02,19.0,26.73,0.11,34.5,4.5575911766827835,6.376767998613235
2023-04-23,32.92,19.45,25.7,0.26,35.46,3.9164475758685455,6.269901159257061
2023-04-24,31.71,18.22,25.71,0.0,31.38,3.694649921745596,5.705092348088983
2023-04-25,35.97,17.85,26.93,0.0,34.67,4.812306575745543,6.629515166719875
2023-04-26,36.94,21.22,29.41,0.05,31.72,5.054879878285381,5.278202661022719
2023-04-27,32.09,23.57,27.28,0.06,47.2,3.1245869865060616,5.750978628062901
2023-04-28,34.92,21.71,27.18,0.36,51.44,3.8615354274872935,6.100083386685958
2023-04-29,31.71,22.18,26.44,5.48,51.29,2.9731597576069064,5.387526523386799
2023-04-30,30.13,19.9,24.87,0.32,56.39,2.609661072795227,4.811885430556619
2023-05-01,26.29,19.8,22.77,2.41,70.39,1.481767850679244,3.52419179021495
2023-05-02,28.03,18.29,23.35,1.78,68.74,1.8829260724911487,3.6751426460428247
2023-05-03,31.13,19.26,25.26,1.11,58.51,2.759271947316577,4.591241569281564
2023-05-04,33.92,19.28,26.82,0.74,50.16,3.669834569847354,5.629929481861093
2023-05-05,35.19,22.31,28.45,0.5,41.1,4.174400397656067,7.112835670030245
2023-05-06,36.84,21.31,29.05,1.57,41.07,4.671861334694926,7.232049609212406
2023-05-07,38.9,22.27,29.54,0.0,30.27,5.911559052508406,8.4467631035599
2023-05-08,37.84,20.98,29.22,0.05,26.75,5.59901215539374,7.568573500533186
2023-05-09,37.68,19.36,28.68,0.05,26.81,5.625801669400134,8.924381805077472
2023-05-10,38.43,18.54,28.5,0.03,24.35,5.973364210859655,9.327475174577545
2023-05-11,40.57,19.71,30.36,0.0,20.31,6.871343408376386,8.412010842112224
2023-05-12,42.56,23.73,32.94,0.0,16.93,7.68763355810207,7.563696440710235
2023-05-13,42.64,24.43,33.82,0.0,20.41,7.517998533036097,7.051653945317395
2023-05-14,41.36,27.01,33.7,0.02,22.04,6.863225299065431,7.438982265033046
2023-05-15,42.81,25.09,34.03,0.0,25.89,7.3247158419035365,7.896136221113511
2023-05-16,41.77,27.89,34.64,0.01,23.26,6.899332021498649,7.611872310210986
2023-05-17,42.54,26.3,34.52,0.73,26.88,7.105034025071353,8.18296735526118
2023-05-18,38.73,27.15,32.59,5.54,33.98,5.279670929485345,7.751725757736347
2023-05-19,39.93,23.23,31.83,0.0,32.56,5.959390521844883,9.43663876434636
2023-05-20,42.21,25.07,33.54,0.0,23.27,7.218532852861767,9.806427868988216
2023-05-21,45.07,27.55,36.19,0.0,16.15,8.740447847947882,8.235495117844023
2023-05-22,46.59,28.99,37.94,0.0,18.78,9.257674070126306,9.433261432808479
2023-05-23,43.94,30.8,36.84,3.78,26.94,7.474693273340656,10.137138955331858
2023-05-24,37.52,29.08,33.17,3.76,41.57,4.398517028240936,7.4387507785475036
2023-05-25,36.06,24.71,30.84,9.12,46.44,4.06782544319242,5.086399480770221
2023-05-26,37.46,25.75,31.34,0.29,41.21,4.643147810738717,6.166898876380899
2023-05-27,33.21,26.4,28.94,3.75,51.66,3.129759230080161,6.919959725414906
2023-05-28,35.73,23.2,29.91,0.01,41.12,4.189479931800298,6.570863606722364
2023-05-29,32.84,24.47,28.42,5.94,56.07,2.8687045985626836,4.458759850297545
2023-05-30,32.51,23.13,27.53,7.73,60.16,2.7690855481098833,5.944078748793095
2023-05-31,29.81,21.63,24.77,22.16,73.11,1.9581846397688238,3.1493317205655673
2023-06-01,29.82,20.25,24.21,2.31,64.92,2.2849336806434106,4.78838875512117
2023-06-02,32.59,21.11,27.06,1.07,54.43,3.0657324812509184,5.931407786761809
2023-06-03,36.53,21.75,29.93,0.0,41.49,4.4593878488921845,6.63335489785119
2023-06-04,38.49,24.42,31.35,0.0,39.92,5.080425500284904,6.799893788784546
2023-06-05,39.61,23.89,32.1,0.15,40.92,5.410034232388382,9.115885739028982
2023-06-06,37.59,27.03,32.1,4.34,44.93,4.4217806750963025,6.362158965109247
2023-06-07,37.38,26.79,31.78,0.0,41.53,4.541780407298692,7.315391673123157
2023-06-08,39.71,24.81,32.67,0.0,41.11,5.338114554865361,8.18287240998564
2023-06-09,41.72,27.75,34.71,0.07,38.69,6.094226577462471,8.312361678324852
2023-06-10,41.77,29.16,35.46,3.35,42.5,5.766460335912891,7.713939826393544
2023-06-11,39.89,27.9,33.73,3.09,48.2,4.960702611149969,7.5847007015504095
2023-06-12,41.51,28.01,34.84,0.0,40.74,5.85911739887443,8.512506633980689
2023-06-13,43.41,29.54,36.42,0.22,39.9,6.564810936519941,10.450004723543598
2023-06-14,41.37,28.95,35.15,1.64,43.15,5.590264889107607,9.659947202916424
2023-06-15,36.48,26.89,31.48,21.99,58.76,3.43916817884993,6.760558317986868
2023-06-16,38.87,26.54,33.07,0.1,52.12,4.440502535527759,7.460328544112146
2023-06-17,39.56,30.11,34.68,0.06,45.65,4.767361140093383,6.193160196861025
2023-06-18,39.55,27.34,33.95,0.19,47.51,4.790393532126671,6.233254877788875
2023-06-19,39.83,29.66,35.21,6.55,44.84,4.829672527763211,6.290401989791768
2023-06-20,42.27,30.4,36.5,0.8,42.89,5.8259055979530245,6.632770842044238
2023-06-21,41.0,30.54,36.09,2.85,45.0,5.170781834400602,5.972201659532433
2023-06-22,42.34,30.25,36.51,1.92,46.3,5.648958026125724,6.605646628862021
2023-06-23,42.41,30.69,36.89,1.46,44.82,5.734886573317546,6.327398447082034
2023-06-24,42.87,30.85,36.61,1.26,47.46,5.802173969597217,7.384846169361316
2023-06-25,41.34,29.91,35.37,3.32,52.97,5.049430002317768,6.95789779061441
2023-06-26,33.25,27.74,29.93,19.32,70.41,2.1546034343651113,4.407582258546348
2023-06-27,36.98,26.84,31.86,1.26,59.4,3.555606317204612,6.337079742161709
2023-06-28,38.18,27.85,32.92,1.21,58.16,3.854481404595621,6.2256405630246565
2023-06-29,37.27,28.65,33.01,7.55,58.65,3.4738972711543035,6.200205903081378
2023-06-30,38.32,27.77,33.14,6.56,57.61,3.94268478983059,5.671388957085672
2023-07-01,37.77,26.69,32.57,8.62,59.26,3.7503198451019313,5.36341834181762
2023-07-02,39.64,28.77,34.29,0.26,53.47,4.427531976389606,6.921467728962982
2023-07-03,40.48,29.11,35.06,1.19,52.43,4.717636066626461,6.143788576592965
2023-07-04,39.69,29.16,34.08,8.82,55.53,4.373020584585509,6.238804291355951
2023-07-05,35.15,27.88,31.35,41.98,70.01,2.497911068889428,3.9765420445877595
2023-07-06,34.02,26.08,29.65,12.45,74.1,2.2961995682539174,3.864323657994676
2023-07-07,31.9,26.1,28.82,10.51,80.05,1.5790148211335735,4.423057317168057
2023-07-08,31.06,26.34,28.37,51.42,84.53,1.260063989664523,2.6072031215492233
2023-07-09,32.04,26.25,28.93,34.18,84.92,1.404093621534885,3.576194431660628
2023-07-10,30.48,25.03,27.77,37.3,90.27,0.9998518563757863,2.697272740696282
2023-07-11,34.05,24.38,29.56,1.9,78.71,2.1207401344371593,5.694205295322228
2023-07-12,34.33,26.48,30.4,0.18,75.65,2.1737367099659632,5.511909460788935
2023-07-13,33.57,25.98,30.19,1.71,78.1,1.88310132227044,4.928274819149759
2023-07-14,32.81,26.08,29.75,1.49,79.31,1.697906575627247,3.9418848381375597
2023-07-15,34.31,26.19,30.33,1.8,77.45,2.1231482468337197,4.558556164207553
2023-07-16,31.0,26.75,28.96,17.52,86.0,1.0629973467177245,3.180918794236227
2023-07-17,34.08,26.47,30.39,3.18,78.11,1.997423708279635,4.471572166785642
2023-07-18,33.73,26.62,30.04,4.65,81.84,1.7919775366003141,4.069214228450999
2023-07-19,30.56,26.76,28.55,12.99,88.84,0.9171502927394908,3.005290401095731
2023-07-20,35.0,26.03,30.57,1.79,77.93,2.267198022565759,5.182272587397933
2023-07-21,34.64,27.06,31.17,5.42,78.24,2.0066359147244395,5.023913721046715
2023-07-22,31.58,27.42,29.08,7.31,86.92,1.1544076459860673,2.1689383877485326
2023-07-23,33.17,26.85,30.06,3.21,79.37,1.7287763253306254,5.180761579189473
2023-07-24,33.83,26.26,30.16,1.01,78.46,1.9334232717574351,4.794551867197998
2023-07-25,33.02,26.93,29.78,4.58,80.84,1.6783257963175093,3.0659002877967167
2023-07-26,31.6,25.41,28.57,17.27,83.35,1.4100822879396038,3.9341664991969596
2023-07-27,31.45,25.69,28.77,6.91,84.33,1.2890406457574088,3.1360568851471085
2023-07-28,32.17,26.13,29.24,21.94,80.81,1.548887271982729,3.3326703966881683
2023-07-29,32.87,25.68,29.5,3.68,81.92,1.6460289165984165,4.053623995489698
2023-07-30,33.18,25.73,29.48,5.84,81.44,1.759255221220815,4.525049315937487
2023-07-31,34.3,27.49,30.65,3.91,73.79,2.185846174778766,5.253942827511052
2023-08-01,34.64,27.08,30.74,15.63,75.96,2.1701445395491756,5.5830852360147825
2023-08-02,34.71,27.09,30.76,12.63,79.12,2.0527078636762215,5.403807725041806
2023-08-03,34.49,27.15,30.8,15.46,78.86,1.993823145831903,5.275173840717942
2023-08-04,34.28,27.27,30.9,1.91,76.87,2.001364282245767,4.511852182325112
2023-08-05,33.38,27.08,30.41,239.27,79.68,1.6966150889407383,4.928649530172682
2023-08-06,33.29,25.9,29.73,10.87,82.15,1.6991000064210753,5.153474380837113
2023-08-07,33.01,26.67,29.66,2.47,83.17,1.5891946415838754,4.565312055938105
2023-08-08,33.61,26.31,29.93,0.48,81.47,1.7833214284011438,5.044246579573617
2023-08-09,33.23,26.47,29.91,0.46,81.23,1.6859812020367748,4.646203643277891
2023-08-10,32.02,26.11,28.96,7.91,82.95,1.4656836204050858,4.6301411557689
2023-08-11,32.05,25.79,28.67,2.35,83.77,1.4990558177955289,4.270204816520955
2023-08-12,33.05,25.79,29.32,1.27,80.22,1.7963753156258293,5.315861459170976
2023-08-13,33.4,25.21,29.34,1.51,80.99,1.8554973884052264,5.211206765927405
2023-08-14,32.46,25.29,28.74,1.55,82.42,1.6530311352143108,4.487077167934484
2023-08-15,32.54,25.22,29.0,3.14,80.11,1.7245792207668558,4.408088273375656
2023-08-16,33.0,25.8,29.49,1.84,78.79,1.8014852332469098,5.151616606948359
2023-08-17,33.25,25.95,29.55,0.15,79.09,1.8532187478679343,5.26210554170202
2023-08-18,33.94,25.62,29.88,0.0,75.78,2.150680429903719,5.187129674623011
2023-08-19,32.41,26.42,29.29,2.12,81.73,1.5480807462208719,3.113947000310289
2023-08-20,33.95,26.59,30.4,1.09,80.56,1.8362660450754684,4.960193427105538
2023-08-21,33.44,26.48,29.96,7.13,79.29,1.8258538788790264,4.7155981864514995
2023-08-22,34.46,25.49,30.35,9.42,77.95,2.131183778974831,4.435118861287672
2023-08-23,35.22,25.73,30.08,2.17,76.35,2.491415061850611,4.123405121465874
2023-08-24,32.64,24.85,28.8,0.37,77.72,1.878629655692527,4.222442301364869
2023-08-25,33.74,24.98,29.46,4.78,74.09,2.2498535234673502,4.839457151465049
2023-08-26,33.28,25.04,29.07,1.41,75.51,2.111414549215009,4.81908192602883
2023-08-27,33.04,25.88,29.21,1.09,74.94,2.028750780708346,4.907643001399397
2023-08-28,32.61,25.13,28.99,22.34,76.72,1.883077215903163,4.823211077964646
2023-08-29,32.6,24.31,28.34,2.16,77.85,1.9505449516250435,4.798118945555468
2023-08-30,33.06,23.93,28.71,0.05,74.74,2.1375842973154673,5.187407967767592
2023-08-31,34.12,23.37,28.95,0.08,71.15,2.5691681847591394,5.078680508875954
2023-09-01,34.31,23.92,29.32,0.08,66.73,2.7532937310284256,5.2721634550782595
2023-09-02,33.88,23.1,28.43,0.05,67.12,2.7490648048507453,5.232544224754616
2023-09-03,33.68,23.5,28.43,0.02,67.77,2.663931845137975,5.060739571812256
2023-09-04,34.24,24.62,28.95,0.0,67.65,2.751653998480088,5.1096006769693165
2023-09-05,33.82,24.0,28.52,0.05,70.32,2.5914754055299465,5.097506862779948
2023-09-06,34.46,23.89,28.78,0.06,73.97,2.5840937450615837,5.141519092868786
2023-09-07,34.13,24.77,28.84,0.01,74.36,2.460607614273516,5.255238646762426
2023-09-08,34.52,23.49,28.8,0.0,72.94,2.669175868525569,4.964422143414355
2023-09-09,34.43,23.69,28.91,1.8,73.0,2.609488768541353,4.754768592576097
2023-09-10,33.41,24.1,28.59,1.5,77.75,2.1576953846750198,4.640466054125402
2023-09-11,34.44,24.2,29.08,0.04,74.71,2.518597467571199,4.660532939609093
2023-09-12,33.61,25.14,29.38,9.08,74.42,2.1939477167873678,4.0847099062376335
2023-09-13,34.93,25.41,29.85,1.42,74.71,2.5318257528985195,4.186266596035534
2023-09-14,31.85,25.84,28.69,7.73,81.11,1.5524989027226939,3.5683501976580243
2023-09-15,34.11,25.69,29.46,4.03,78.37,2.1747011832150926,2.6275043137703578
2023-09-16,32.38,25.31,28.24,3.32,81.8,1.759203983420742,4.46200476728409
2023-09-17,28.55,24.63,26.28,13.92,89.58,0.8427078582768983,2.109771282543794
2023-09-18,30.05,24.0,26.88,4.32,84.89,1.2713313997913822,3.942842661065725
2023-09-19,32.6,23.95,28.01,6.49,81.28,1.8912084732631533,2.7439183628145702
2023-09-20,33.71,24.69,28.67,7.25,78.62,2.195898335202747,4.4538453323320235
2023-09-21,33.3,24.22,28.7,11.01,78.18,2.0791604397935575,4.571765510319221
2023-09-22,33.38,24.2,28.89,2.4,77.06,2.1148141090120585,4.145878688063911
2023-09-23,32.11,24.58,28.14,31.36,80.12,1.7681029148989231,3.4831122342343943
2023-09-24,32.32,23.15,27.53,0.58,78.22,2.020079078904854,3.0300270113786625
2023-09-25,32.42,22.67,26.9,0.0,76.94,2.2038404364106152,4.11052587428718
2023-09-26,31.69,21.81,26.28,0.0,79.41,2.0055365761922404,4.192833276745061
2023-09-27,31.31,20.88,25.79,0.0,75.17,2.133951806691408,4.288291947857226
2023-09-28,32.08,20.53,25.61,0.0,67.36,2.6291327332745302,4.335817624642599
2023-09-29,32.76,20.84,25.61,0.0,63.95,2.9412764493489516,4.34806291494911
2023-09-30,32.25,20.02,25.01,0.0,63.01,2.890762813718088,4.645081390947684
2023-10-01,32.36,20.47,25.66,0.0,57.26,3.0548751830845173,4.398133700458828
2023-10-02,32.6,20.6,25.73,0.0,45.92,3.4755504182954082,4.396132669481027
2023-10-03,32.02,20.15,24.87,0.0,50.95,3.204600287447448,4.772865666439743
2023-10-04,32.6,19.68,24.81,0.0,59.57,3.123192990489543,4.587789005947744
2023-10-05,33.74,18.85,25.19,0.0,59.37,3.455572961409538,4.571977185688073
2023-10-06,33.85,18.46,25.18,0.0,55.8,3.6407755401371165,4.415594802442909
2023-10-07,34.12,18.14,25.47,0.0,61.08,3.471748201715273,4.215266295149201
2023-10-08,34.18,20.32,26.64,0.0,62.77,3.258980177063806,4.245256027566483
2023-10-09,33.97,21.34,26.98,0.0,64.41,3.1198332811572675,3.8125943267683104
2023-10-10,32.41,20.54,25.4,11.63,72.32,2.6118194532895966,4.077178345635093
2023-10-11,31.86,18.17,24.45,0.0,64.93,2.857952028309372,4.153244081995017
2023-10-12,32.22,18.93,24.66,0.0,56.08,3.164054576838792,3.919137594167051
2023-10-13,32.87,18.29,24.62,0.0,60.23,3.248309215705242,3.9426778126296758
2023-10-14,33.17,18.99,25.14,2.2,60.89,3.2472106414650597,3.9998560668081002
2023-10-15,30.86,19.42,23.99,2.71,65.95,2.5689570513026165,3.4424682653910486
2023-10-16,26.66,19.01,21.83,43.33,79.56,1.4399152776664157,2.7066993704258335
2023-10-17,25.99,17.96,21.26,4.32,82.48,1.3084060489288003,2.59980245621053
2023-10-18,26.8,15.24,20.29,0.2,78.06,1.7181690551185018,3.382636389079872
2023-10-19,27.31,15.24,20.47,0.0,69.91,2.0007044067122353,3.3316613337924674
2023-10-20,27.96,15.81,21.05,0.0,65.37,2.194186444757646,3.222908973479838
2023-10-21,28.66,15.83,21.61,0.0,62.56,2.366003072826731,3.0762105631825967
2023-10-22,28.55,16.72,21.58,0.25,67.47,2.211554519146483,2.7949869866925336
2023-10-23,27.79,15.92,21.2,0.0,75.06,1.9005168778051469,3.1741477347383977
2023-10-24,28.74,17.23,22.21,0.01,69.34,2.141486742582324,3.303010678128882
2023-10-25,29.12,16.25,21.86,0.0,69.73,2.2770289370998924,3.390345400474145
2023-10-26,30.41,15.62,22.23,0.0,59.23,2.859764483430886,3.693469535746025
2023-10-27,29.66,17.99,22.43,0.0,55.62,2.706768839429506,3.305709019018599
2023-10-28,28.9,18.04,22.75,0.0,59.92,2.376706019258517,2.837984726378613
2023-10-29,29.86,19.22,23.49,0.0,62.2,2.4694307533124635,2.8445868261942424
2023-10-30,29.2,17.02,22.28,0.0,66.81,2.3136442317877743,2.8648822634070283
2023-10-31,29.12,17.89,22.38,0.0,63.37,2.3759059868717873,2.731682960530281
2023-11-01,29.68,18.05,22.59,0.0,61.21,2.541079331293407,2.817740195906834
2023-11-02,28.54,18.63,22.52,0.0,66.45,2.1155395496198564,2.600883717495307
2023-11-03,26.95,18.33,21.73,0.0,71.84,1.712075167629494,2.2399878579265824
2023-11-04,27.96,16.85,21.38,0.0,66.82,2.132680571035855,2.6370982479473883
2023-11-05,28.76,16.94,21.75,0.0,57.34,2.5123580782443993,2.68810741637698
2023-11-06,27.03,15.25,20.37,0.0,58.69,2.209234516898869,2.6022194042549653
2023-11-07,26.82,15.85,20.32,0.0,67.64,1.9539858064680935,2.47358730455693
2023-11-08,27.85,16.36,20.95,0.0,73.71,1.9712849018566232,2.4845623080613324
2023-11-09,29.32,17.84,22.56,0.0,60.49,2.5126041807606807,2.450096338085577
2023-11-10,22.85,15.7,19.26,4.39,74.21,1.139223075964472,1.7696200167274074
2023-11-11,24.95,12.99,18.16,0.0,78.33,1.564930237589688,2.526490047739907
2023-11-12,25.91,11.84,18.1,0.0,72.8,1.8941164576656713,2.85117719959352
2023-11-13,25.18,13.31,17.95,0.0,63.01,1.9573838958334326,2.5633215482307117
2023-11-14,25.8,12.62,17.69,0.0,64.71,2.0690347648531695,2.8725706946726977
2023-11-15,25.89,11.41,17.94,0.0,62.74,2.1042558237498,2.831192514950234
2023-11-16,26.72,13.08,18.79,0.0,61.12,2.226414907495916,2.446176161361103
2023-11-17,27.92,13.02,19.16,0.0,62.27,2.4444000375759245,3.2245188531971647
2023-11-18,27.32,13.13,18.87,0.0,59.6,2.399915404985741,2.7506930806744347
2023-11-19,26.55,13.69,19.06,0.0,60.67,2.1838088183927797,2.408980213250367
2023-11-20,24.88,13.27,17.79,0.0,65.38,1.8558660311905024,2.3695691891545256
2023-11-21,25.32,11.56,17.17,0.0,67.76,1.952150448158801,2.7467295505538276
2023-11-22,24.25,9.88,16.59,0.0,64.42,1.8762646551833104,2.5600565521559178
2023-11-23,25.25,13.11,18.11,0.0,51.68,2.1841360596468498,2.09751202728158
2023-11-24,24.18,12.66,16.75,0.0,58.31,1.936945688015931,2.50526866139313
2023-11-25,23.38,11.83,16.51,0.0,64.51,1.703124821264823,1.7444698250540713
2023-11-26,19.58,12.58,15.6,0.0,67.26,1.0931485984238345,1.7486233208865152
2023-11-27,22.02,12.54,16.05,0.03,70.55,1.3850456521656376,1.663899495058124
2023-11-28,24.81,10.39,16.41,0.0,68.22,1.9430837601940232,2.171984844754472
2023-11-29,25.97,12.21,19.08,0.09,60.85,2.071288283582563,1.928294003942224
2023-11-30,23.19,14.49,18.32,8.34,71.55,1.3635979405244383,1.6958521610278514
2023-12-01,24.38,12.87,17.36,0.4,76.39,1.5897943814423272,2.179808451005934
2023-12-02,24.43,12.59,17.04,0.0,67.32,1.803901791112423,2.2623795671939138
2023-12-03,23.59,13.16,16.91,0.0,56.48,1.8508585111403386,2.021879664364323
2023-12-04,23.5,10.39,16.39,0.04,57.94,1.8544890780468237,1.9996028537056663
2023-12-05,23.38,12.07,16.04,0.0,62.21,1.7738098313290291,2.428969024145269
2023-12-06,24.64,9.04,15.41,0.0,62.0,2.0749909544139493,2.829156297766421
2023-12-07,24.14,10.12,15.63,0.0,56.69,2.0431069828173927,2.615126214177676
2023-12-08,23.35,9.46,15.0,0.0,53.64,1.9947147069194529,2.4664533455962303
2023-12-09,23.17,10.0,14.81,0.0,53.94,1.963094895969832,2.575614878536943
2023-12-10,22.77,7.13,13.88,0.0,55.53,1.9440701615166949,2.8042124147734095
2023-12-11,22.62,10.18,15.12,0.0,41.26,2.0627632123360495,1.9130904192966343
2023-12-12,21.45,8.14,12.87,0.0,52.59,1.8100380788136046,2.1929072391622846
2023-12-13,22.38,8.76,13.4,0.0,56.6,1.8757807068355286,2.336078210587376
2023-12-14,21.31,6.64,12.48,0.0,62.75,1.669122237516999,2.3449368809098834
2023-12-15,21.5,9.28,13.66,0.0,58.34,1.6860008673668958,1.9395202862925829
2023-12-16,21.6,7.75,13.0,0.0,61.25,1.715726025277645,2.1459117044675495
2023-12-17,20.62,8.98,12.85,0.0,62.3,1.538175865926919,2.1583741342560314
2023-12-18,20.93,5.44,11.82,0.0,67.27,1.605846152144724,2.5120845503711564
2023-12-19,21.26,4.1,11.08,0.0,57.75,1.8173103924077028,2.732101931471629
2023-12-20,21.49,5.9,12.27,0.0,49.36,1.8994771464567526,2.4516097791609246
2023-12-21,21.91,7.54,12.76,0.0,46.49,1.9699040331726776,2.3081709346778245
2023-12-22,21.47,7.02,13.32,0.0,48.85,1.8362031139702415,1.7995877017476438
2023-12-23,20.91,8.86,14.14,0.0,50.63,1.6770419344147025,1.9205953587611262
2023-12-24,22.06,8.75,13.25,0.0,61.34,1.7497584777308248,1.945100872758708
2023-12-25,22.19,6.29,13.31,0.0,66.76,1.712054475008397,2.034596007191745
2023-12-26,20.83,8.15,14.23,0.0,59.16,1.533784830224513,1.6672203542668786
2023-12-27,21.48,8.64,13.51,0.0,62.97,1.6216323514123028,1.9309966930128861
2023-12-28,20.88,6.4,12.82,0.0,62.32,1.5970305463992678,1.6354272180544318
2023-12-29,20.92,8.28,12.73,0.0,58.07,1.6535008497003165,1.7078000658730388
2023-12-30,20.8,6.87,12.23,0.0,58.26,1.6798194608485328,1.7846315053165933
2023-12-31,19.81,7.08,11.66,0.0,60.0,1.532472990211462,1.7262670512304763
2024-01-01,19.23,4.59,10.7,0.0,64.6,1.4334359631069478,1.5733704972630962
2024-01-02,19.07,3.83,10.43,0.0,63.84,1.4416792834900645,1.7694794519321226
2024-01-03,19.61,5.22,11.12,0.0,60.84,1.52088339592138,1.851051805011977
2024-01-04,18.2,5.02,10.8,0.0,61.19,1.3366130756648644,1.4601605107081903
2024-01-05,19.42,5.58,11.0,0.0,65.07,1.4331694687877206,1.5187582629290626
2024-01-06,19.02,4.69,10.7,0.0,70.79,1.3278256282739842,1.5348225783350795
2024-01-07,18.5,4.71,10.61,0.0,70.5,1.2743696852504613,1.5273194824350893
2024-01-08,20.26,4.29,11.28,0.0,65.64,1.5571781937047406,1.4616036610767893
2024-01-09,18.89,4.63,10.25,0.0,65.74,1.4072094864214577,1.7474860295721883
2024-01-10,18.9,3.05,9.5,0.0,65.96,1.4492949708422271,2.227322547088108
2024-01-11,18.99,3.08,9.5,0.0,60.15,1.5302542164481359,2.0537794429547973
2024-01-12,20.08,2.83,10.38,0.0,55.79,1.6821962146850131,2.0868907840268918
2024-01-13,21.84,7.52,12.23,0.0,47.33,1.9816490802993871,2.2760894878839455
2024-01-14,19.16,3.35,10.13,0.0,50.17,1.6322147667096438,2.2853493011813986
2024-01-15,19.56,3.13,10.63,0.0,47.86,1.6975153821436788,2.133663594912585
2024-01-16,19.84,4.19,11.51,0.0,48.95,1.6868664359609467,1.8270312445756096
2024-01-17,18.97,4.22,11.0,0.0,55.2,1.5110278893150184,1.8829590621674523
2024-01-18,19.59,5.93,11.68,0.0,58.18,1.5164285802413033,1.5461234566686555
2024-01-19,20.77,6.69,12.7,0.0,55.14,1.686757493808082,1.611616602539397
2024-01-20,19.38,7.31,11.47,0.0,58.08,1.4917260452049694,1.6986489058806598
2024-01-21,19.29,3.43,10.21,0.0,57.43,1.5764782118920286,2.2893344602650663
2024-01-22,18.47,4.9,10.7,0.0,48.95,1.5281865538165254,1.765174996283356
2024-01-23,19.76,6.16,10.76,0.0,50.38,1.6853686578537717,2.1861964677229735
2024-01-24,18.89,3.39,9.91,0.0,55.01,1.55080554725735,2.0046173770844375
2024-01-25,18.06,3.95,10.23,0.0,53.11,1.4411505226971586,1.9005108415269776
2024-01-26,21.29,4.82,12.18,0.0,49.82,1.8720948016642796,2.3612126418622035
2024-01-27,22.68,6.34,13.38,0.0,54.19,1.9787214761987792,3.039545785615966
2024-01-28,22.51,9.57,15.05,0.0,47.07,1.9624567273648035,2.3617795152477443
2024-01-29,22.39,7.06,13.79,0.0,50.87,1.9475164830045264,2.3388593312642105
2024-01-30,21.95,7.98,14.6,0.0,51.78,1.8035390941809388,2.0059699873236165
2024-01-31,22.71,10.0,14.64,2.16,62.11,1.7614245980070438,2.427978634054877
2024-02-01,19.85,8.44,13.14,11.94,80.27,1.1348176268551071,2.0629668231413842
2024-02-02,20.28,6.68,11.19,2.61,68.3,1.5531782486506431,2.544120842889785
2024-02-03,22.47,5.5,12.95,0.68,50.47,2.0210224480182695,2.591569169510927
2024-02-04,20.27,8.36,13.68,6.06,73.84,1.2503624177241062,1.1710468840352062
2024-02-05,19.27,6.45,11.63,0.27,67.1,1.3870227586687842,2.411467168753362
2024-02-06,18.65,4.15,10.98,0.0,49.24,1.5457039886448327,2.8066561024749124
2024-02-07,19.27,6.27,11.55,0.0,49.36,1.5989952785049897,3.093983317553347
2024-02-08,21.2,2.11,10.37,0.0,49.01,1.9660175406364133,3.9273588927756204
2024-02-09,23.14,3.78,13.08,0.0,41.83,2.2663964081363526,2.9226016337876533
2024-02-10,23.15,9.44,14.79,0.0,37.62,2.226003564396768,2.850080242176273
2024-02-11,23.44,6.5,14.21,0.0,45.49,2.19196368751292,3.263410626846786
2024-02-12,23.07,7.18,14.68,0.0,46.95,2.076928243992918,2.4492479117786345
2024-02-13,23.61,9.35,15.34,0.0,45.94,2.160767284472601,3.0086698428545615
2024-02-14,24.1,8.46,14.97,0.0,50.75,2.1851725978576892,3.2981844895963266
2024-02-15,25.1,8.06,15.56,0.0,43.05,2.482063683789481,3.5715066199550214
2024-02-16,25.85,9.91,16.87,0.0,35.46,2.702937230079064,3.306089725442097
2024-02-17,25.58,10.19,17.11,0.0,34.9,2.6348575692103005,3.6967200489045835
2024-02-18,23.96,10.07,16.71,0.0,40.91,2.2339214904827944,3.5719762557685177
2024-02-19,27.49,11.78,18.57,2.04,49.06,2.7097899722418246,5.75313095201015
2024-02-20,26.01,10.82,16.62,0.01,59.42,2.388084285457322,4.118693091413576
2024-02-21,24.25,8.91,15.36,0.02,56.14,2.1842925736985013,3.388490396167681
2024-02-22,23.82,9.76,15.16,0.0,44.69,2.2401064041467635,3.91120409526641
2024-02-23,23.2,8.08,14.44,0.0,40.64,2.232802902927639,3.7579374289019154
2024-02-24,22.93,9.71,14.99,0.0,34.05,2.2531297177667438,3.5785714525394328
2024-02-25,23.72,7.64,14.5,0.0,39.16,2.340455737231347,3.4930579132748965
2024-02-26,21.01,8.2,13.86,0.0,44.05,1.8232443900335573,3.0684781783820667
2024-02-27,19.92,10.06,14.33,0.07,50.16,1.5242773227172846,2.3598244443203504
2024-02-28,25.98,7.58,15.83,0.0,45.02,2.6156844888726556,4.4187814265015986
2024-02-29,26.76,8.39,16.99,0.0,48.64,2.6552390452632317,4.151870464844837
2024-03-01,26.28,13.62,18.78,2.23,50.58,2.3842405760531427,3.54340940482288
2024-03-02,22.32,12.58,17.95,15.68,69.25,1.308106392474315,3.1786886644414056
2024-03-03,22.08,5.42,12.69,0.0,46.48,2.088682100095384,4.264169218012434
2024-03-04,20.82,4.21,11.56,0.65,40.13,1.981587712869785,3.6768978932099032
2024-03-05,20.79,4.4,12.03,0.0,41.95,1.9122744039004362,3.371201497674733
2024-03-06,23.03,5.04,13.97,0.0,42.49,2.199279904492752,3.9035064387906706
2024-03-07,25.48,9.73,16.59,0.06,42.19,2.5318320342055927,3.744932262727779
2024-03-08,25.68,9.18,16.63,0.01,45.3,2.5182739737086752,4.298341042232887
2024-03-09,27.8,8.41,17.63,0.0,44.12,2.9319869998617922,4.822613205746003
2024-03-10,27.96,11.59,19.37,0.0,37.85,2.985499566240195,3.831191425180832
2024-03-11,30.06,14.41,20.87,0.0,36.31,3.4512715463444046,4.391131463551763
2024-03-12,29.29,13.93,20.85,0.01,39.97,3.1529763911965842,4.850947321034999
2024-03-13,27.38,16.33,21.04,0.11,38.4,2.736704315301836,2.943429912835889
2024-03-14,28.42,13.84,20.04,0.02,45.07,2.8756195089352925,4.521724719373581
2024-03-15,30.13,10.75,19.51,0.0,43.2,3.428927433900614,5.72491044010154
2024-03-16,30.33,11.54,19.82,0.0,34.33,3.6544260155757433,4.979804883573493
2024-03-17,31.06,11.39,20.64,0.0,35.54,3.7377359818594793,5.188159218945343
2024-03-18,31.91,13.07,21.99,0.0,35.84,3.8853604692480346,5.349524779046473
2024-03-19,31.92,16.53,23.06,0.0,34.27,3.83510427443034,5.171039663070058
2024-03-20,33.96,14.72,24.21,0.0,34.23,4.3997909034545835,5.720184812732534
2024-03-21,32.82,17.25,24.13,0.0,30.25,4.156539429122378,5.990754590877848
2024-03-22,33.63,15.62,24.12,0.07,39.37,4.144440787572782,5.7619979878418555
2024-03-23,35.59,16.2,25.22,0.0,37.79,4.789460498733471,6.651753555997307
2024-03-24,29.69,18.35,23.23,0.09,38.34,3.130001449629689,4.56716793609335
2024-03-25,33.75,15.04,23.95,0.0,36.79,4.248610154047202,6.424061034907809
2024-03-26,36.94,16.22,26.26,0.04,35.56,5.183029137085979,5.674733978057867
2024-03-27,34.45,20.95,25.78,0.85,41.46,4.162936114681214,5.005199372059162
2024-03-28,35.21,19.19,25.55,1.0,53.78,4.07194590311327,6.4641899439254304
2024-03-29,36.17,18.23,27.05,1.74,54.2,4.253600623735121,5.249475458945139
2024-03-30,33.79,20.64,26.61,7.26,52.95,3.5354941653898546,4.691555593920047
2024-03-31,33.78,20.6,26.02,0.0,40.73,4.019059876136562,6.4378319915856785
2024-04-01,31.19,16.82,23.36,0.01,37.11,3.5741072060345274,6.243444828971637
2024-04-02,33.55,15.87,24.16,0.0,31.9,4.355662195872085,6.6569700166314165
2024-04-03,36.41,17.48,27.26,0.03,29.59,5.1310880556634775,4.835345997890013
2024-04-04,34.42,20.33,26.4,0.05,30.76,4.4835975022104435,6.715179304407362
2024-04-05,35.64,17.52,25.85,0.0,30.84,4.951730036491599,7.6497936953279115
2024-04-06,34.73,17.32,25.24,0.0,30.01,4.718581930619258,7.027719574865952
2024-04-07,36.58,18.11,26.47,0.0,25.56,5.349266088286358,7.030232562317074
2024-04-08,36.81,20.21,27.37,0.0,23.9,5.438851218370431,6.837835806915202
2024-04-09,37.57,20.42,28.02,0.0,20.95,5.774163019390493,6.0193012328987665
2024-04-10,38.24,19.42,28.54,0.0,22.58,5.940989270508469,6.2059672604600795
2024-04-11,37.18,20.93,28.48,0.0,28.43,5.295554521658458,6.6971598365590514
2024-04-12,38.78,20.57,29.51,0.0,27.05,5.915687405610479,5.6659231514035415
2024-04-13,38.71,23.4,29.87,0.66,30.39,5.675816015562839,6.15638559029821
2024-04-14,31.88,21.25,25.9,0.62,48.61,3.1620047448738346,4.674594465382916
2024-04-15,35.02,22.19,28.19,0.33,40.71,4.121303061405186,5.535899524427949
2024-04-16,35.9,21.86,28.26,0.0,38.73,4.529780432431148,7.839185047533715
2024-04-17,35.72,18.09,27.0,0.0,35.23,4.763602755027831,7.908339811390974
2024-04-18,38.34,21.67,29.93,0.3,29.7,5.585429455116906,5.880647301974108
2024-04-19,38.49,22.34,29.42,0.1,31.52,5.6004323767522575,8.133403472495026
2024-04-20,35.63,19.88,27.83,3.77,42.01,4.416105801858283,7.388288169613043
2024-04-21,36.76,20.54,28.71,0.0,35.45,4.932826710066383,7.077696032296327
2024-04-22,37.19,21.4,29.32,0.0,30.02,5.256266122806467,7.2532821255868765
2024-04-23,37.68,20.91,29.43,0.35,31.87,5.362922251362566,6.510188120989112
2024-04-24,36.42,22.01,28.77,0.52,31.11,4.9458699947301445,6.848875355776913
2024-04-25,39.55,21.64,30.78,0.0,29.43,6.0250583614742865,8.211862084378902
2024-04-26,40.54,24.5,32.59,0.5,25.62,6.451753227432488,6.21461335053334
2024-04-27,38.53,23.29,30.76,2.15,33.27,5.474306273527683,7.889540884601887
2024-04-28,37.07,23.53,30.28,0.59,32.97,4.971156846590805,5.8019016338822995
2024-04-29,32.34,20.96,26.78,2.4,42.42,3.4078522013425347,5.942902659907198
2024-04-30,35.88,19.45,27.06,0.0,35.17,4.858101953961514,7.99351611047475
2024-05-01,32.23,17.08,24.55,0.0,32.91,3.9403408888391476,8.303327840291173
2024-05-02,37.05,17.96,27.39,0.0,24.68,5.482660966586705,8.67944777862345
2024-05-03,37.96,19.67,29.1,0.0,22.33,5.820353335053599,7.207267564278502
2024-05-04,40.53,24.05,31.63,0.0,24.69,6.485659771569466,9.927582067678966
2024-05-05,41.06,23.12,32.0,0.0,28.96,6.568040217453222,10.585156289641104
2024-05-06,42.11,24.7,33.3,0.0,26.58,7.016845129225317,8.865276738563317
2024-05-07,43.48,27.34,34.87,0.0,20.01,7.859820935790356,8.368900290870977
2024-05-08,42.91,26.58,35.5,0.0,18.75,7.564451765294899,6.864196773895814
2024-05-09,41.53,25.91,34.13,0.0,23.31,6.791115709896783,8.680333395908917
2024-05-10,42.92,26.77,35.11,0.6,25.43,7.248405781671034,8.592655522162984
2024-05-11,41.23,28.91,34.49,1.08,28.79,6.383079488751834,7.315198341636775
2024-05-12,40.9,26.33,33.63,0.14,30.08,6.268182603053155,7.009754492605001
2024-05-13,41.21,26.28,33.43,1.36,24.95,6.752602833845808,8.772732598891418
2024-05-14,41.1,23.75,32.77,0.0,18.77,6.982679874868604,9.43071806215478
2024-05-15,43.54,26.74,35.16,0.0,15.82,8.046528322354211,7.605397619143315
2024-05-16,44.81,27.65,36.29,0.0,17.14,8.520604722035301,8.65010781885883
2024-05-17,46.35,29.42,38.02,0.0,20.23,9.066089581007526,9.729007453315678
2024-05-18,46.13,30.47,38.33,0.0,18.65,8.983501324900825,10.144571520710707
2024-05-19,45.72,29.39,37.86,0.0,22.12,8.598532912241737,10.643889304838067
2024-05-20,46.37,32.55,39.18,0.0,17.39,9.136561726055048,9.074601201539483
2024-05-21,46.02,29.5,38.11,0.0,16.11,9.076034288125289,9.03656765876129
2024-05-22,45.54,29.72,38.15,0.0,17.7,8.745692186464707,8.160376265853028
2024-05-23,44.47,30.33,37.57,0.0,20.17,8.06225200744899,9.16963088117307
2024-05-24,43.98,30.73,37.9,0.23,23.75,7.585453263216666,8.031529526350065
2024-05-25,46.03,31.47,38.55,0.0,19.31,8.882017140962466,10.956594653243037
2024-05-26,47.6,29.76,38.69,0.0,17.96,9.803454775424662,10.349899758373107
2024-05-27,48.01,30.35,39.26,0.0,13.85,10.323733366186596,10.539190797884908
2024-05-28,48.33,30.7,39.57,0.0,10.49,10.665388375208813,10.227608232977493
2024-05-29,47.96,30.7,39.66,0.0,9.22,10.492117226400392,9.32310385262933
2024-05-30,48.09,29.84,38.99,0.0,8.91,10.650303133411605,9.934309262100415
2024-05-31,47.55,28.87,38.91,0.01,9.61,10.288986105328439,9.266627047968976
2024-06-01,46.65,31.2,39.26,0.0,15.72,9.360422447722364,10.24519493806152
2024-06-02,45.76,31.34,38.54,0.78,19.97,8.708815028560815,11.429756409988343
2024-06-03,46.17,30.57,38.88,0.05,17.58,9.009747330803233,10.302737730522058
2024-06-04,45.75,31.44,39.49,0.0,18.55,8.673212742364084,11.7955817089674
2024-06-05,45.0,32.28,38.55,2.87,20.67,8.222799441086234,11.129812902073489
2024-06-06,41.75,30.85,36.02,2.2,30.63,6.336497064536227,7.577138720604936
2024-06-07,42.56,29.93,36.08,0.9,30.53,6.720259008344439,8.921107247015252
2024-06-08,42.01,29.87,34.64,0.01,27.82,6.719154394730584,10.530227075770767
2024-06-09,43.82,27.05,35.81,0.0,20.44,7.972826776862096,11.221927993014631
2024-06-10,44.5,29.15,36.64,0.0,16.42,8.395252104382704,9.482956544012728
2024-06-11,45.31,29.56,37.65,0.0,15.22,8.800539038491578,9.043061158307854
2024-06-12,46.55,31.01,38.88,0.0,15.2,9.371171024268136,9.189868864920781
2024-06-13,47.02,31.06,39.6,0.0,18.38,9.353860086985687,12.992982373290026
2024-06-14,46.56,33.43,40.39,0.0,19.73,8.946814057279731,13.416510433954505
2024-06-15,47.15,34.15,40.6,0.0,20.14,9.226122988199275,13.490010679192885
2024-06-16,47.3,33.4,40.44,0.0,20.66,9.292164981856907,13.23650123336471
2024-06-17,47.67,33.52,41.06,0.0,21.11,9.391428030955304,13.174205525847874
2024-06-18,47.12,34.63,41.12,0.06,22.02,9.022059006744946,12.733828582974484
2024-06-19,46.74,34.64,40.97,0.99,24.04,8.663521947775488,12.215659044919867
2024-06-20,44.42,33.47,39.15,2.6,26.11,7.589480301238332,6.091670203567241
2024-06-21,40.54,31.55,35.55,4.96,34.0,5.691758573894932,5.845271919279479
2024-06-22,41.95,29.16,35.67,0.0,34.07,6.314551266375194,7.7615326737522965
2024-06-23,43.55,30.63,37.18,0.04,29.1,7.131763110852114,6.753786863154245
2024-06-24,44.48,31.84,38.35,0.0,26.3,7.6402293234505265,6.538971357626775
2024-06-25,44.26,31.63,38.16,0.65,32.04,7.191992214317094,7.352532425238978
2024-06-26,44.5,33.48,38.85,1.77,29.34,7.371413211139569,7.050178368895761
2024-06-27,40.4,32.11,35.97,5.49,45.45,4.90163335708,6.114625416279668
2024-06-28,40.27,30.61,35.32,2.71,52.12,4.595590509947249,6.869305570052532
2024-06-29,40.27,31.08,35.51,6.22,51.8,4.553564817798554,6.4826514319918465
2024-06-30,42.01,30.24,36.36,0.47,49.16,5.366522872739839,6.052065667461158
2024-07-01,41.19,31.98,36.33,5.68,50.66,4.861729175476451,6.392036975528608
2024-07-02,41.81,29.96,35.3,27.41,60.23,4.815182160933835,7.261615672891557
2024-07-03,42.82,28.28,34.68,16.74,60.12,5.462014890574423,7.362015917387964
2024-07-04,36.19,27.47,31.75,9.57,67.66,2.88230095920701,5.376794248682234
2024-07-05,39.8,28.42,34.1,6.56,58.28,4.288273870500371,5.207284800060258
2024-07-06,34.93,28.24,31.45,13.48,71.38,2.339543155321036,3.9850827035460274
2024-07-07,36.93,27.47,31.91,15.31,69.32,3.069920258061317,5.459153114692097
2024-07-08,38.42,28.45,33.46,0.17,58.06,3.8759274584202914,5.517812296017556
2024-07-09,39.45,28.8,34.15,0.01,54.24,4.347597057268544,5.992441134484135
2024-07-10,40.15,29.44,34.92,1.71,52.98,4.579134665432344,5.7862096212997685
2024-07-11,41.7,30.4,35.71,0.03,48.74,5.315093919163138,6.832765889973409
2024-07-12,39.82,30.91,35.37,4.35,53.27,4.326602082238221,5.239670243667279
2024-07-13,39.62,29.36,34.3,0.0,52.04,4.518459742120394,6.4853778414987895
2024-07-14,40.51,28.74,34.86,0.0,48.42,4.9983063591431325,6.760436088013881
2024-07-15,41.25,29.7,35.73,0.1,47.07,5.243860200252548,6.62922034756181
2024-07-16,38.37,30.26,34.2,8.64,59.23,3.6094939396068897,6.567812402449622
2024-07-17,39.66,29.72,34.64,3.99,58.79,4.092171278640475,5.937615716417725
2024-07-18,40.75,29.24,35.09,2.83,53.96,4.800911361550824,6.191842055462596
2024-07-19,41.29,29.24,35.53,0.81,51.1,5.098760377502848,6.011136270449745
2024-07-20,40.82,30.19,35.59,0.2,52.21,4.771728196256889,6.616780178214497
2024-07-21,41.12,30.47,35.88,1.18,53.91,4.743543004535342,5.875249891440704
2024-07-22,41.67,30.49,36.07,2.63,53.81,4.974020732781578,6.283746620890796
2024-07-23,38.38,30.16,34.16,10.15,62.57,3.483216914809425,4.995510059996889
2024-07-24,38.34,28.55,32.91,4.54,65.13,3.5759717869171745,5.9548462645892375
2024-07-25,36.99,29.2,32.84,2.64,64.58,3.1168046617701326,5.700212370521058
2024-07-26,38.66,28.08,33.82,11.73,60.97,3.734629832599158,5.5847249031544886
2024-07-27,40.36,29.86,35.05,0.47,57.11,4.404836008751737,5.16102897415511
2024-07-28,39.68,29.21,33.86,1.37,57.09,4.363930410129493,6.460676354895501
2024-07-29,40.51,28.95,34.97,0.74,57.88,4.457548637325626,6.029647984845097
2024-07-30,38.3,30.37,34.15,6.4,61.8,3.4618701687661817,4.983049318579857
2024-07-31,38.38,29.81,33.71,13.92,68.95,3.228012282963304,5.279974412883132
2024-08-01,33.2,28.23,30.09,16.0,80.33,1.6854665318362727,2.5833924031742668
2024-08-02,37.9,27.04,32.32,3.79,66.83,3.4662460685439087,6.134086457007761
2024-08-03,34.8,28.09,31.34,0.6,71.16,2.360827504419876,6.0199310675825295
2024-08-04,38.47,27.22,32.7,0.02,60.29,3.9324355404285725,5.6861232086665146
2024-08-05,37.73,28.09,32.54,1.33,63.1,3.505100326462246,6.3481773376041835
2024-08-06,37.59,27.24,32.08,0.41,67.02,3.3713935074500196,6.535369759274703
2024-08-07,37.35,28.09,31.79,2.06,71.48,3.1087620034516066,4.924744469586816
2024-08-08,36.37,27.07,30.97,1.53,70.37,2.9806602344119573,5.672424552906867
2024-08-09,35.98,26.71,31.19,14.83,72.92,2.703899973522269,5.246535046285174
2024-08-10,33.45,26.88,30.01,15.42,77.69,1.9028955926313476,4.7535088536103185
2024-08-11,31.06,26.92,28.72,42.62,88.38,1.0295347168787772,2.4060660992757708
2024-08-12,33.7,25.57,29.38,5.33,80.22,1.9985487918275386,4.367241411708406
2024-08-13,33.37,26.69,29.82,1.39,80.1,1.8076809591454945,4.227872387604302
2024-08-14,34.72,26.64,30.74,14.39,76.01,2.220240437513326,4.428383727924067
2024-08-15,34.17,26.45,30.57,11.47,77.45,2.0083765687708905,3.827607204323957
2024-08-16,33.3,27.13,29.91,5.63,81.79,1.6938986275277674,4.2980330342602935
2024-08-17,30.73,26.12,28.48,6.71,87.28,1.0486200649712276,4.198917366884228
2024-08-18,33.13,25.49,29.12,2.42,82.17,1.7880632542312842,4.789175581735908
2024-08-19,32.78,26.85,29.68,15.74,79.87,1.6778413307598288,3.325153085439365
2024-08-20,34.09,26.67,30.52,5.19,74.69,2.1345371177033483,4.759930073801346
2024-08-21,34.37,26.21,30.43,3.78,76.35,2.158717092619434,4.355775931901293
2024-08-22,34.96,27.14,31.26,1.66,73.47,2.3118871453602816,5.45860484319647
2024-08-23,34.55,27.0,30.74,1.91,73.83,2.2709874978114573,4.788822974911752
2024-08-24,34.1,25.95,30.29,1.37,75.17,2.154658368548403,4.745069790880954
2024-08-25,32.95,26.93,29.99,0.45,76.64,1.7873949377802991,4.679070903174038
2024-08-26,34.21,26.5,30.01,6.4,77.38,2.1492708592361685,5.018208687781214
2024-08-27,32.1,25.69,28.46,18.06,83.99,1.5530476079280588,4.590066613683452
2024-08-28,31.19,25.46,28.05,22.17,87.04,1.2586459633385445,4.476077852562688
2024-08-29,30.68,25.2,27.77,17.01,87.17,1.1808100955381544,2.7719796899843216
2024-08-30,33.04,25.06,29.0,2.56,79.92,1.8868513324340328,4.570308971639991
2024-08-31,32.83,24.62,28.66,0.0,79.76,1.883750733101723,5.128399594616181
2024-09-01,34.41,25.67,30.12,0.14,74.73,2.285425300710888,5.174655082683137
2024-09-02,33.63,26.07,29.54,0.61,79.91,1.9492309214648076,4.303525804858598
2024-09-03,33.1,25.16,28.95,25.94,80.76,1.8774214629456187,3.160736318953269
2024-09-04,31.79,25.33,28.31,22.36,80.44,1.627666874108482,4.303426721515655
2024-09-05,32.25,24.56,28.46,1.7,76.68,1.875848355432122,3.7903270347625453
2024-09-06,32.67,25.4,28.96,7.06,79.4,1.7925779049578363,4.093389039491455
2024-09-07,32.07,24.85,28.58,6.44,81.59,1.6171418974057823,3.759410392293006
2024-09-08,32.79,25.4,29.08,1.76,79.88,1.7920817924986356,4.5252337995558225
2024-09-09,33.53,25.32,29.67,1.25,76.37,2.043917838285419,4.2790908727031365
2024-09-10,32.78,26.67,29.43,3.1,78.38,1.7817107037669295,3.7558612175254873
2024-09-11,32.36,25.84,28.77,0.95,79.41,1.750028116667874,4.23508706067344
2024-09-12,33.45,24.68,28.7,2.01,79.98,2.0561809075938973,4.55776637725063
2024-09-13,33.77,23.89,28.55,0.73,76.49,2.3226734810469636,4.0755352288551
2024-09-14,32.7,23.42,28.15,3.36,73.66,2.1872571488215047,4.177573048302967
2024-09-15,33.47,23.92,28.4,1.57,69.65,2.5251845340155743,4.333008627949617
2024-09-16,33.51,23.89,28.19,0.03,68.53,2.6192582764929657,4.641753442712634
2024-09-17,34.19,23.92,28.71,0.14,68.28,2.7623247321028734,4.60453200575515
2024-09-18,33.5,23.6,28.13,0.27,76.79,2.3207507104513856,4.360599483200329
2024-09-19,33.47,24.12,27.99,0.31,74.89,2.3953722890577867,3.1127441507127087
2024-09-20,35.21,22.78,29.26,0.0,69.58,2.942762443831147,4.696698211878499
2024-09-21,35.28,24.91,30.3,0.0,70.36,2.7353085561767827,4.55407950621242
2024-09-22,35.32,25.38,30.07,0.0,72.65,2.6957204792790788,4.433833488058314
2024-09-23,36.19,26.37,30.67,0.0,70.89,2.957854745065016,4.653881723508229
2024-09-24,36.8,25.9,31.61,0.01,65.85,3.251400710770427,4.508692490607379
2024-09-25,36.83,25.98,31.14,0.39,64.94,3.3681870159318534,4.255582852658124
2024-09-26,33.36,25.81,29.05,4.73,78.87,2.0228633990298355,3.5479785573836202
2024-09-27,34.22,24.36,29.1,3.4,73.08,2.5239438375826095,4.0393777791
2024-09-28,34.5,23.79,29.22,0.3,68.69,2.8090565675627372,3.6297939259573986
2024-09-29,35.47,23.88,29.2,0.03,65.89,3.2091150420874555,4.609164121337575
2024-09-30,35.57,23.6,29.03,0.0,67.8,3.176001476112596,4.716393359102387
2024-10-01,36.64,24.01,29.49,0.0,64.34,3.6566302291220096,5.034597782395399
2024-10-02,37.11,23.06,29.23,0.0,60.2,4.041398138438372,4.9533391861172635
2024-10-03,37.22,24.06,29.34,0.0,52.88,4.3199088924380895,4.835660821757426
2024-10-04,37.47,21.42,28.79,0.0,51.88,4.554085168760837,4.601351697838881
2024-10-05,36.7,21.28,29.07,0.32,56.3,4.039223161495709,4.514375517666409
2024-10-06,34.52,23.46,28.38,3.33,57.86,3.330722244714527,4.129298982539847
2024-10-07,35.5,21.79,27.59,0.0,60.27,3.7016322402962483,4.609637668144362
2024-10-08,34.97,21.79,27.34,0.0,60.3,3.5493756532527376,4.4442104429831755
2024-10-09,34.59,21.14,26.8,0.0,61.36,3.4749608532497516,4.9425604718356215
2024-10-10,34.65,19.51,26.24,0.0,56.66,3.7583090889521555,4.861144434201574
2024-10-11,35.18,21.3,26.89,0.0,50.21,4.0072543323254175,5.109690076678549
2024-10-12,34.97,21.84,27.44,0.0,44.0,4.11363333438139,4.269591329836959
2024-10-13,34.68,19.86,26.9,0.0,41.12,4.1525672733004395,4.164228464500328
2024-10-14,34.27,19.75,25.83,0.0,44.34,4.0091635488272095,4.441016370951579
2024-10-15,35.4,21.58,26.83,0.0,43.93,4.284364481359515,4.695747085012422
2024-10-16,35.98,20.22,27.08,0.0,45.9,4.432787119366743,3.9679310060638673
2024-10-17,36.06,19.97,27.1,0.0,45.47,4.481326534348879,4.239535728804803
2024-10-18,35.68,21.24,27.34,0.0,43.56,4.357252962377022,3.9201491939829185
2024-10-19,35.42,20.07,26.62,0.0,46.76,4.230095379056539,4.241653853408532
2024-10-20,34.16,19.3,26.27,0.0,49.44,3.7898817496751054,3.6013554051753394
2024-10-21,34.3,19.01,25.96,0.0,52.72,3.738229045625257,3.5024609515859164
2024-10-22,33.85,19.26,25.56,0.0,59.14,3.474056636205154,3.4262544180782895
2024-10-23,34.4,21.22,26.23,0.0,52.79,3.756452879610376,4.840467132639808
2024-10-24,33.86,18.64,25.27,0.0,56.14,3.604170127469277,4.853893582474818
2024-10-25,35.8,18.51,25.69,0.0,51.89,4.315491030809957,5.13450133563233
2024-10-26,35.1,19.32,25.65,0.0,46.23,4.238268454298112,4.632765006363912
2024-10-27,34.43,18.45,26.07,0.0,47.18,3.942316971798197,3.714828429376747
2024-10-28,34.09,19.67,25.95,0.0,63.99,3.3269709672739136,4.344969857943351
2024-10-29,35.56,20.43,27.32,0.0,60.96,3.7711343907910737,4.03365289920929
2024-10-30,35.6,20.91,27.2,0.0,53.93,4.020099539453692,4.200406271425872
2024-10-31,35.03,20.22,25.88,0.0,46.73,4.202400381377537,5.603145781016592
2024-11-01,34.3,16.84,24.68,0.0,40.66,4.269971116485205,4.7460549627628765
2024-11-02,33.28,19.96,25.31,0.0,34.33,4.05792648866646,3.3997129432447335
2024-11-03,32.73,16.44,24.01,0.0,40.11,3.852119353546324,3.1348118914041834
2024-11-04,32.35,18.16,24.93,0.0,38.19,3.689098733409637,3.460006538649843
2024-11-05,32.37,16.93,23.82,0.0,49.57,3.468178324356661,3.5841776356448163
2024-11-06,32.34,17.56,24.27,0.0,51.08,3.3666686039235056,3.0243567423121025
2024-11-07,31.84,17.81,24.58,0.0,51.76,3.180544560514405,2.8823035300608173
2024-11-08,32.47,17.92,24.62,0.0,53.58,3.301470326620638,2.7934549294465603
2024-11-09,31.5,17.96,23.89,0.0,62.26,2.85312548710867,2.9436281611825126
2024-11-10,31.23,18.23,24.25,0.0,63.05,2.738108329529348,2.4105314726602445
2024-11-11,32.07,18.16,24.55,0.0,58.66,3.1116934778187986,2.771783640270521
2024-11-12,31.23,18.35,23.36,0.0,50.28,3.197461642711171,2.7310081248574063
2024-11-13,30.13,17.01,22.39,0.0,51.07,2.9803043643941,2.68941298817388
2024-11-14,28.9,16.07,21.56,0.0,45.01,2.879491491510503,2.5049698662432682
2024-11-15,28.71,15.65,20.83,0.0,50.06,2.754805607294174,3.071445701874943
2024-11-16,28.34,15.24,20.33,0.0,53.05,2.647055714344579,2.934924967074162
2024-11-17,27.17,14.27,19.45,0.0,48.62,2.5464144527800547,3.1753364767798247
2024-11-18,27.87,12.16,18.98,0.0,44.09,2.8450393149369306,3.304112975014048
2024-11-19,27.87,13.16,18.95,0.0,38.64,2.956848766260694,3.5358366626403437
2024-11-20,27.12,12.94,18.88,0.0,36.59,2.843439964734254,3.260489142855127
2024-11-21,27.4,14.06,19.35,0.0,34.59,2.9159637709565915,3.0309783286329495
2024-11-22,28.26,13.91,20.46,0.0,32.6,3.087794911866352,2.797695013823177
2024-11-23,28.18,14.69,19.67,0.0,38.66,2.9685004758523457,2.6593282383837944
2024-11-24,28.56,13.04,19.15,0.0,44.23,2.9807830645436564,3.3863982794947174
2024-11-25,26.37,11.74,17.69,0.0,51.46,2.4703552302132357,3.268784696577597
2024-11-26,27.17,11.76,17.84,0.0,45.05,2.741447539803932,3.2287035049770334
2024-11-27,26.53,12.85,18.15,0.0,41.02,2.6595103215594182,2.8184594712068995
2024-11-28,26.86,13.7,18.27,0.0,39.84,2.7404747825314493,2.801701329120767
2024-11-29,26.87,13.51,18.39,0.0,40.23,2.724404712168252,2.6357734377049127
2024-11-30,25.05,12.61,17.21,0.0,40.86,2.41622528303407,3.1612921116606874
2024-12-01,26.53,11.96,17.63,0.0,43.02,2.642843190083245,2.7907362743302935
2024-12-02,27.35,13.56,18.67,0.0,47.48,2.6578006512633188,2.880591976914354
2024-12-03,27.64,13.59,19.04,0.0,46.66,2.73143618259658,3.3713895895131953
2024-12-04,26.49,11.84,17.47,0.0,49.94,2.548619587679107,3.853607371056369
2024-12-05,24.94,9.53,15.82,0.0,39.5,2.50260294838596,3.128932068569974
2024-12-06,24.81,11.39,16.27,0.0,32.86,2.5563849266633745,3.105464479243005
2024-12-07,23.34,9.53,15.59,0.0,31.29,2.3515380859837975,2.2342883945835514
2024-12-08,22.98,6.82,13.82,0.5,40.92,2.1952408861466495,3.3157810631378757
2024-12-09,21.2,8.07,13.16,0.34,52.8,1.7743544481108438,2.42641756668909
2024-12-10,21.89,5.47,12.03,0.0,36.19,2.1801394458898136,3.427111528496795
2024-12-11,22.59,5.21,11.89,0.0,28.12,2.3923513426930745,3.2435698763476895
2024-12-12,20.64,7.15,12.11,0.0,30.35,2.024297305738452,2.947265378423026
2024-12-13,22.6,4.9,11.88,0.0,36.04,2.2937020191076636,4.183049944214891
2024-12-14,22.78,3.34,11.47,0.0,35.03,2.3571322687024674,3.588995679088118
2024-12-15,22.74,5.9,13.1,0.0,26.67,2.3937465709994665,2.453885356958729
2024-12-16,22.55,8.39,13.92,0.0,25.67,2.3466052796034207,2.390020188380505
2024-12-17,22.16,8.72,13.18,0.0,27.25,2.275675153833813,2.6040175885855414
2024-12-18,21.36,7.31,12.24,0.0,33.67,2.0817342380898824,2.579302698988296
2024-12-19,19.96,6.74,12.43,0.0,36.99,1.8235342135141934,2.12335179640229
2024-12-20,21.95,7.51,12.62,0.0,44.21,2.0183842129776846,2.445910092917363
2024-12-21,20.55,5.48,11.71,0.0,40.22,1.9074692557697135,2.3691562746490957
2024-12-22,22.32,10.19,14.23,0.0,34.95,2.1470735470383073,2.086071891021189
2024-12-23,17.94,9.62,12.46,2.77,69.49,1.0659920422157607,1.856335222756628
2024-12-24,20.64,9.86,13.75,0.09,64.4,1.4538316498435453,2.015715612507243
2024-12-25,22.14,7.17,13.31,0.0,58.43,1.8254270629070666,2.270841666115873
2024-12-26,22.78,8.15,14.3,0.0,47.46,2.043578080315678,2.1388065151850446
2024-12-27,15.75,9.63,12.18,10.72,76.49,0.721788933463865,1.046189134365993
2024-12-28,18.61,8.92,12.73,10.94,85.77,0.8991445016954609,1.1411021479932013
2024-12-29,21.41,7.3,12.38,0.01,69.59,1.5796817647515837,2.397998982359868
2024-12-30,19.99,4.27,11.01,0.0,53.04,1.6946724853106154,2.514200636274189
2024-12-31,20.95,5.8,11.45,0.0,42.43,1.937346889331919,2.1282997027817254
2025-01-01,21.87,4.29,11.82,0.0,42.15,2.0790201923734575,2.8842217957734797
2025-01-02,21.84,8.36,14.31,0.0,47.61,1.868519269949251,2.4567866904811635
2025-01-03,24.89,10.79,16.07,0.0,53.42,2.2035220795373447,2.097755358172813
2025-01-04,27.23,11.92,17.31,0.0,46.72,2.7408125649160207,2.5780518359666345
2025-01-05,23.81,7.9,15.2,0.12,56.37,2.026536995280029,2.5269519403667235
2025-01-06,21.47,9.31,14.01,0.17,59.47,1.6393927827458992,1.8067315263412094
2025-01-07,21.4,6.09,11.9,0.0,52.05,1.8820419824449761,2.944764945309804
2025-01-08,22.75,3.56,11.54,0.0,39.07,2.281251993241643,3.3288800059845327
2025-01-09,22.78,7.27,14.29,0.0,30.7,2.305898224884922,1.9150512316118606
2025-01-10,22.13,5.95,13.32,0.0,32.93,2.187973223057027,2.0605760582410597
2025-01-11,16.31,4.35,9.28,6.33,61.64,1.177234192899588,1.8542738293259589
2025-01-12,17.66,8.02,11.63,4.44,77.65,0.9834959871055027,1.4126511881848944
2025-01-13,21.54,5.64,11.96,0.0,65.33,1.731320622438016,2.715541108709169
2025-01-14,22.1,4.03,11.91,0.0,47.08,2.0563651872412954,2.6563659123049264
2025-01-15,21.98,8.12,13.41,0.0,40.53,2.046596639111126,2.099196251850184
2025-01-16,19.83,5.69,12.75,0.18,52.6,1.5624503555699836,1.8291056117335944
2025-01-17,21.17,4.61,11.81,0.0,51.09,1.8634597894656895,2.7762870100717123
2025-01-18,20.11,7.12,13.06,0.0,41.41,1.7614376450496922,1.9104914159439348
2025-01-19,21.28,10.16,14.03,0.0,40.87,1.8925717050976378,2.0429563873871426
2025-01-20,24.08,9.11,14.58,0.0,41.27,2.3561138926319054,3.276391780332802
2025-01-21,23.25,7.19,13.82,0.0,52.17,2.075403810288012,2.93370346062266
2025-01-22,24.19,7.02,14.26,0.0,51.62,2.244063787384344,2.882513270928178
2025-01-23,23.94,9.55,14.92,0.0,43.84,2.279575245202346,3.239079674034969
2025-01-24,24.39,5.28,13.0,0.0,40.58,2.5188195304102967,3.8173032095715835
2025-01-25,24.84,3.66,12.19,0.0,30.4,2.754581727553177,3.840625413779628
2025-01-26,24.56,3.33,12.49,0.0,28.08,2.7164540733086,3.6783351409158267
2025-01-27,24.46,4.49,12.89,0.0,27.48,2.6949176200458975,3.754517763702904
2025-01-28,25.61,6.3,14.39,0.0,26.83,2.8783392115779494,3.216422593992996
2025-01-29,24.97,5.33,13.39,0.0,39.47,2.606340620978247,3.826437960794806
2025-01-30,24.89,6.11,14.36,0.0,41.38,2.5291319691195615,2.9126424454374273
2025-01-31,24.26,9.52,15.91,0.0,37.93,2.3811678652869674,2.134021356440925
2025-02-01,23.91,9.44,15.5,0.0,40.95,2.279181417087164,2.583132284904145
2025-02-02,24.38,9.78,15.28,0.0,43.22,2.336851397757658,2.91431407998361
2025-02-03,24.61,8.68,15.44,0.0,34.79,2.5432248956164885,2.97053830378691
2025-02-04,24.33,10.22,15.99,0.56,40.24,2.35882303316259,2.665829828066058
2025-02-05,23.19,6.44,13.97,0.25,41.62,2.2529579087418803,3.457697958952015
2025-02-06,22.47,6.55,13.39,0.0,39.13,2.1640276751548964,3.489506908094683
2025-02-07,23.71,4.97,13.07,0.0,38.95,2.4092396982556026,3.976314686581668
2025-02-08,26.35,7.42,15.31,0.0,31.16,2.9434512261403514,4.1594803225430645
2025-02-09,26.53,9.44,17.32,0.0,27.99,2.960373744177955,3.3860708688218963
2025-02-10,26.89,12.29,17.9,0.0,29.13,2.984977577073731,3.36512280762964
2025-02-11,27.68,11.17,17.94,0.0,34.78,3.04765215570092,3.708506810711289
2025-02-12,25.87,10.87,16.89,0.0,37.37,2.6723203334438645,4.400927166656796
2025-02-13,26.23,7.11,15.22,0.0,34.21,2.898450691781558,4.687556736002004
2025-02-14,27.48,7.72,16.22,0.0,31.43,3.1606593333122746,4.527203198327602
2025-02-15,26.79,11.83,17.73,0.0,42.55,2.68755014612406,3.330635072198146
2025-02-16,27.6,10.13,17.94,0.0,44.9,2.8656802765602243,2.9637748905672563
2025-02-17,28.82,12.6,19.45,0.0,33.97,3.249415030291254,3.911839591211002
2025-02-18,29.2,12.54,19.32,0.0,32.15,3.3945504966496682,4.56590201753979
2025-02-19,29.08,11.31,19.7,1.43,35.72,3.2787479605410894,3.517541778310737
2025-02-20,25.98,12.83,17.51,8.64,72.1,1.9914718849595805,3.3831709760360074
2025-02-21,24.59,10.1,16.43,0.0,65.75,1.9707972447481528,2.8615902708003165
2025-02-22,25.61,10.53,17.5,0.0,50.17,2.3605575290852294,3.8199351384271982
2025-02-23,26.96,10.8,18.17,0.01,43.57,2.71701098263433,3.665452125438666
2025-02-24,28.1,11.56,19.4,0.0,39.91,2.959074829065666,3.998639407948103
2025-02-25,26.58,14.64,19.52,0.15,42.66,2.5348674248278344,3.398607078849988
2025-02-26,29.66,16.02,21.28,0.23,44.24,3.0765013950939144,4.665805287388808
2025-02-27,22.14,16.36,19.06,3.4,74.01,1.0460557624148366,1.8522508354512954
2025-02-28,21.22,14.19,17.22,18.66,89.67,0.7631744388249868,1.8025537580138793
2025-03-01,26.55,11.62,18.06,0.05,67.95,2.15257838366592,3.247988347776167
2025-03-02,26.95,10.96,17.74,0.0,40.19,2.84418769887001,4.626229110172196
2025-03-03,28.63,10.03,19.47,0.36,39.63,3.093137665327749,3.57130748325003
2025-03-04,25.68,11.59,18.06,0.02,45.81,2.426064265338776,4.6072572722245155
2025-03-05,26.52,7.58,15.87,0.0,41.42,2.85000717274245,6.038024046578088
2025-03-06,29.63,8.35,17.83,0.0,32.29,3.5931367566458077,5.127333610884985
2025-03-07,30.24,12.23,19.68,0.0,32.84,3.639884534479624,5.027339042535683
2025-03-08,31.35,11.24,20.86,0.0,33.64,3.8567912757713065,5.341786486529218
2025-03-09,32.1,12.0,21.57,0.0,31.81,4.04937325367151,5.033492289779766
2025-03-10,31.66,14.74,22.26,0.0,35.36,3.778999319025388,5.207489153722823
2025-03-11,33.4,17.76,23.82,0.0,36.45,4.14500252270542,4.361959953518909
2025-03-12,32.45,15.92,23.6,0.0,44.45,3.658087854937069,5.290340515293971
2025-03-13,33.69,17.2,24.53,0.0,45.03,3.9660216729305624,4.845433048561738
2025-03-14,34.15,17.71,24.01,1.94,42.85,4.23426825327346,4.846918122194908
2025-03-15,28.3,15.44,20.9,0.76,55.69,2.5665396748012843,3.6012076013583547
2025-03-16,30.63,13.76,21.74,0.13,48.43,3.2569494034464808,5.1740305562489715
2025-03-17,29.96,14.6,21.93,0.0,42.69,3.2071472073696796,4.939255944418365
2025-03-18,32.09,16.1,23.23,0.0,34.82,3.84842342813379,5.357690067487282
2025-03-19,33.81,17.22,24.53,0.0,33.69,4.331368038968886,5.189289366311934
2025-03-20,33.84,15.39,23.78,0.0,32.88,4.4088363430533715,5.901096489457278
2025-03-21,33.07,15.65,23.66,0.0,32.72,4.190926683331411,6.151333093567166
2025-03-22,33.42,16.83,24.75,0.0,25.71,4.421696348889799,5.036598178250381
2025-03-23,35.45,14.15,24.81,0.0,26.48,5.0405314809659405,5.294845243415505
2025-03-24,35.74,15.43,25.93,0.0,24.95,5.111283267445949,5.089648865342565
2025-03-25,37.26,16.25,26.5,0.0,27.25,5.533045714397755,5.670046605106842
2025-03-26,37.71,19.71,28.08,0.0,27.16,5.607617505178049,5.93370524714434
2025-03-27,37.53,19.74,27.34,0.0,22.89,5.700469430599677,8.04330460738783
2025-03-28,32.99,14.54,22.87,0.0,16.54,4.666814283569748,7.352737741712912
2025-03-29,31.99,10.71,21.13,0.0,21.2,4.3334646633463425,7.1739018912289305
2025-03-30,34.49,12.01,22.77,0.0,19.11,5.034589794726791,6.618073455377155
2025-03-31,36.03,15.14,24.73,0.0,19.23,5.431515542692104,6.907509689419361
2025-04-01,35.83,15.73,25.29,0.0,19.61,5.349350374971131,6.941340666049798
2025-04-02,37.98,17.27,26.86,0.0,17.84,6.071553427170099,6.023769988258648
2025-04-03,36.33,19.31,26.98,0.0,18.92,5.469038324810241,6.285041174961518
2025-04-04,37.53,18.0,27.38,0.0,23.96,5.705830578092604,7.694593035344852
2025-04-05,38.58,17.55,28.08,0.0,21.21,6.148685372167001,6.9751436592197305
2025-04-06,40.84,21.6,30.56,0.0,19.56,6.9182629064862144,6.412365088297629
2025-04-07,41.72,22.49,31.73,0.0,21.92,7.130977609771318,7.265298028653294
2025-04-08,41.36,23.4,31.71,0.0,20.64,7.0445411823710815,8.965849773820617
2025-04-09,42.51,23.11,32.3,0.0,22.71,7.424818500268879,7.734186539078492
2025-04-10,40.91,25.07,32.49,0.18,31.95,6.282839704681054,6.470704030462157
2025-04-11,38.67,23.94,30.39,1.32,34.58,5.484386408984865,8.0687427738447
2025-04-12,36.18,21.36,28.75,1.24,34.59,4.726812466346306,6.602750566212292
2025-04-13,38.73,21.3,30.11,0.0,32.75,5.62865690492248,6.2767406232222225
2025-04-14,39.82,22.83,31.64,0.0,27.36,6.1169310526004645,6.3060542608527905
2025-04-15,39.4,23.96,31.77,0.0,28.51,5.855374718148052,7.292358287635586
2025-04-16,41.24,25.19,33.19,0.0,28.39,6.506669784222217,7.506446858826896
2025-04-17,42.3,25.0,33.21,1.14,29.69,6.970274239718634,7.550886688741295
2025-04-18,42.67,25.16,34.0,0.36,27.64,7.119635347198633,7.751938652884206
2025-04-19,42.09,26.25,33.46,0.27,24.61,7.1495915278472175,11.90373082976917
2025-04-20,41.94,25.39,32.36,0.03,23.03,7.29165990171155,11.10983741184829
2025-04-21,41.57,22.6,31.54,0.01,13.48,7.491243016849351,7.779443131672201
2025-04-22,41.8,22.84,31.46,0.27,14.35,7.532823880226305,6.816508347270549
2025-04-23,41.21,24.05,32.08,0.0,16.22,7.192201755323612,7.751651187287928
2025-04-24,41.94,23.67,33.0,0.0,12.9,7.610789190925376,6.758598233582879
2025-04-25,42.87,23.51,33.51,0.0,11.89,8.009237360107257,8.507797537602231
2025-04-26,43.61,24.07,33.93,0.0,11.66,8.369413751456563,9.449752662454063
2025-04-27,43.06,25.51,33.63,0.0,13.43,8.031892726450716,7.049203371477875
2025-04-28,43.66,23.52,33.95,0.0,12.81,8.332884669556261,7.890557948686925
2025-04-29,40.94,22.87,32.04,0.0,17.59,6.9541535043532905,9.598174305010563
2025-04-30,40.76,24.52,32.76,0.0,23.78,6.551591599262968,9.373486945154065
2025-05-01,40.37,25.76,33.14,0.64,30.84,6.035273875033,9.90535794279295
2025-05-02,33.34,25.94,29.21,9.46,49.06,3.1681725362772615,6.262680990213564
2025-05-03,37.67,23.9,30.96,0.21,47.16,4.535073599348429,6.180833098665139
2025-05-04,37.92,25.87,31.07,1.85,45.27,4.6621052812852115,6.2170574804617935
2025-05-05,35.94,23.34,29.28,6.78,51.79,3.940339351069824,5.818275187735797
2025-05-06,36.71,23.69,29.74,0.04,41.31,4.534737912565545,7.131936030204763
2025-05-07,35.42,24.58,29.58,0.26,41.87,4.081839005878276,6.520976830516759
2025-05-08,38.47,25.8,31.8,1.6,40.43,4.996346926921163,6.049072168496216
2025-05-09,38.72,25.09,32.14,0.78,40.38,5.0617949239011075,6.524343544345774
2025-05-10,38.95,26.71,32.4,1.84,41.7,5.052120962257964,5.85223613732372
2025-05-11,41.38,25.41,33.44,0.29,38.9,6.1173425655382925,6.664136680684321
2025-05-12,41.31,27.24,34.0,1.4,31.05,6.378945428269755,7.267845423030832
2025-05-13,42.4,26.86,34.86,0.0,29.1,6.868176672424811,7.661569019358136
2025-05-14,43.82,26.47,35.35,0.79,26.08,7.701544808745764,8.265423966452737
2025-05-15,44.83,28.28,36.61,0.0,21.84,8.271063884348294,8.322996186592336
2025-05-16,45.21,29.28,37.23,0.82,21.78,8.433580197713864,8.47802161059602
2025-05-17,44.59,29.29,37.05,0.08,19.09,8.256511741638434,7.5912696568652285
2025-05-18,45.53,28.52,37.23,0.0,20.44,8.626982612104205,7.474334761669607
2025-05-19,44.64,27.77,36.97,0.19,24.81,7.919466635623906,8.313084745621481
2025-05-20,45.27,29.41,37.63,0.0,23.37,8.282953382879557,9.074215046871315
2025-05-21,46.26,30.7,38.36,0.0,21.5,8.860406079386681,9.511313728611695
2025-05-22,41.64,27.49,34.51,2.78,32.15,6.391797984134961,11.285849660176213
2025-05-23,42.21,26.34,34.57,0.0,33.26,6.6052438707056815,11.05234271864729
2025-05-24,42.39,28.79,35.64,0.0,31.89,6.598357045628424,11.83944489453173
2025-05-25,34.93,27.0,30.62,14.28,52.09,3.342522360696932,7.8457116423318825
2025-05-26,39.83,25.72,32.9,0.0,41.69,5.3725483063182,7.445619208595691
2025-05-27,40.93,27.5,34.49,0.0,40.09,5.681225979226703,7.311821763225424
2025-05-28,42.85,29.48,36.01,0.05,37.2,6.467648713014736,7.690667905519499
2025-05-29,43.99,28.93,36.27,0.01,31.41,7.424182948655641,7.80932357463774
2025-05-30,39.67,27.6,33.58,3.26,41.13,5.248152274445356,7.42674972300786
2025-05-31,41.8,27.45,34.26,0.04,29.72,6.641677229480029,9.239259483638163
2025-06-01,40.45,23.99,32.56,8.07,36.48,5.976372738859342,7.959869578300257
2025-06-02,40.36,25.7,33.24,0.02,30.84,6.109253176317141,7.194211939107614
2025-06-03,37.31,24.01,30.67,10.87,42.24,4.62052005285083,7.711991403875165
2025-06-04,37.25,24.49,31.07,2.39,48.95,4.337939455139682,7.330227846902435
2025-06-05,38.37,25.52,32.17,0.02,39.98,4.934349802272249,6.7118272631428235
2025-06-06,40.78,27.02,34.14,0.0,35.85,5.875299198497501,6.9602168206795
2025-06-07,42.45,29.0,36.09,0.0,33.5,6.4959935267045985,6.5700207582504495
2025-06-08,46.2,30.5,38.13,0.0,28.41,8.451210067351177,8.476649684081458
2025-06-09,47.13,30.02,38.47,0.0,21.35,9.387598574282281,9.143362594466627
2025-06-10,47.41,30.2,39.07,0.0,18.23,9.635153915846299,10.985293951394349
2025-06-11,47.8,30.65,39.43,0.0,19.33,9.758107023737217,9.936868442246814
2025-06-12,47.26,31.45,39.6,0.0,19.85,9.411725664294101,7.644532126125962
2025-06-13,46.32,31.73,38.94,0.01,26.27,8.542544749228888,12.01010860986759
2025-06-14,45.42,30.63,38.63,0.19,28.81,7.999638386877938,8.543781868722341
2025-06-15,43.46,31.92,37.45,1.16,29.19,7.030752829871211,7.663487648412306
2025-06-16,36.78,29.52,33.33,21.85,52.82,3.5625217706587033,5.2897440781270015
2025-06-17,30.82,26.97,28.98,27.58,74.51,1.478922234891125,3.60180782326339
2025-06-18,37.52,26.07,31.47,2.1,60.77,3.7767696433888283,6.875733227007996
2025-06-19,40.31,27.51,33.96,0.01,50.71,4.946450641809509,6.767068749565066
2025-06-20,39.65,29.13,34.43,0.54,54.5,4.359271562394155,6.483820947365258
2025-06-21,38.1,29.62,33.81,0.42,54.0,3.871552461402858,5.91143538777311
2025-06-22,38.94,30.05,34.52,4.07,52.59,4.139088179226165,4.423036463199044
2025-06-23,37.78,29.54,33.51,31.11,63.68,3.3100097962211774,5.245747971389018
2025-06-24,38.67,28.41,33.23,8.74,59.63,3.8882228601642943,6.405467548626975
2025-06-25,38.32,29.05,32.94,4.39,59.15,3.835984122031656,6.169271204710129
2025-06-26,35.78,27.82,31.31,7.1,68.27,2.8023565130573385,4.062301327969664
2025-06-27,39.58,28.25,33.74,3.62,56.79,4.340910609498479,7.057413924092679
2025-06-28,37.38,28.88,33.14,15.38,59.94,3.41656446691923,5.361018697861374
2025-06-29,38.16,27.76,33.01,11.47,64.35,3.529573736557555,5.157455439382111
2025-06-30,34.68,27.87,31.26,9.98,74.57,2.1823741336430054,4.612080642634332
2025-07-01,31.63,26.16,28.63,17.45,79.31,1.5650254094670748,4.085125436709955
2025-07-02,38.1,25.25,31.79,0.29,63.74,3.7825331031822595,6.217213349441443
2025-07-03,36.4,27.57,31.84,2.26,67.08,2.985088436419673,5.086245559150861
2025-07-04,38.47,27.51,33.28,0.28,63.65,3.638509525975429,5.532159114547433
2025-07-05,37.4,28.81,32.89,6.03,68.55,3.0593216922548327,4.854414529854533
2025-07-06,35.63,29.02,32.42,6.32,70.56,2.4360880844887203,3.548166407695146
2025-07-07,36.51,28.27,31.94,8.63,73.01,2.7098893923199685,4.412210744496443
2025-07-08,35.11,27.73,31.66,6.14,72.82,2.317312246307385,5.117167424270799
2025-07-09,35.13,27.35,31.02,12.4,73.92,2.3998507136057308,3.624541080746529
2025-07-10,32.3,26.51,28.89,11.24,82.27,1.5957861818633101,3.5141865115631
2025-07-11,34.87,26.19,30.25,1.44,74.94,2.4353258018733897,5.345277411150488
2025-07-12,33.83,26.52,30.36,1.16,74.1,2.1051116156300824,3.4206399723543233
2025-07-13,31.74,27.55,29.86,4.98,75.27,1.5288868624303027,4.2520836274727225
2025-07-14,31.33,26.9,28.99,19.45,81.35,1.331718608103606,1.8400289909725003
2025-07-15,34.12,26.07,29.75,4.68,77.73,2.1606133233099705,5.3303720146680265
2025-07-16,34.28,25.82,29.74,9.21,77.69,2.2084603737208157,5.266715699984258
2025-07-17,33.34,26.08,29.03,1.54,78.04,2.0393347122112857,5.159020268266264
2025-07-18,34.96,25.95,29.9,2.1,76.32,2.4537884098423555,3.5422843356908125
2025-07-19,36.06,26.33,30.85,0.01,71.85,2.830348268296152,6.816601642509044
2025-07-20,36.96,26.34,31.62,0.06,70.95,3.043987384848242,5.847943729153184
2025-07-21,31.71,26.35,29.12,5.87,79.01,1.502075235448674,3.286334687742118
2025-07-22,31.87,24.88,28.39,19.71,84.11,1.4816898752468806,2.0115556487589434
2025-07-23,35.32,26.9,30.85,5.9,77.0,2.3554876236468214,4.246841803021888
2025-07-24,36.16,27.65,31.76,6.64,74.47,2.5597095655071676,5.2444780971299
2025-07-25,35.18,28.1,31.71,5.27,76.12,2.1716713417559337,5.681673751407748
2025-07-26,35.4,28.44,31.95,2.16,74.36,2.2677127707729974,4.267982075746817
2025-07-27,35.11,29.05,32.29,9.61,72.64,2.1744332219183926,4.7629970485306234
2025-07-28,36.81,28.29,32.45,3.91,70.93,2.82680855997416,4.86771747074038
2025-07-29,33.63,26.56,29.37,17.72,84.11,1.8052476562082438,4.136908947668912
2025-07-30,29.98,26.31,27.94,14.69,90.26,0.8408266284274464,2.4644091025028105
2025-07-31,28.74,26.35,27.36,26.92,93.18,0.5505149874709265,2.775721095631945
2025-08-01,32.24,26.15,28.83,16.17,86.56,1.4061904184070726,4.17319349548445
2025-08-02,31.96,26.15,28.85,12.14,87.42,1.2880678246918862,4.030658085779561
2025-08-03,34.0,25.71,29.83,4.97,80.33,1.9796163427928692,4.898991314717405
2025-08-04,34.5,26.62,30.09,3.44,80.05,2.097757906414666,5.1091282516934315
2025-08-05,34.36,26.83,30.16,3.17,81.28,1.9830378432707687,4.65555497480341
2025-08-06,33.56,25.51,29.45,4.9,79.21,1.9712393872896228,4.917964988680576
2025-08-07,34.6,25.65,29.95,0.02,76.33,2.32044189334068,5.506726515922336
2025-08-08,35.25,25.79,30.48,1.26,73.08,2.5706053594885154,5.477986831139085
2025-08-09,33.9,26.21,29.85,2.46,73.73,2.238884236747583,4.057632064103393
2025-08-10,34.38,25.24,29.71,2.1,76.28,2.289512536258456,4.837287163596445
2025-08-11,32.96,25.67,28.62,8.34,80.59,1.8905044911919129,3.4336627709279717
2025-08-12,31.61,25.34,28.08,1.77,82.09,1.565287997883185,3.3842542417681636
2025-08-13,34.38,25.53,29.69,2.79,75.75,2.332362069120102,3.7812885281777513
2025-08-14,29.64,25.74,27.31,17.53,90.0,0.8890020148576907,1.2705492172988868
2025-08-15,32.53,25.47,28.71,3.01,84.02,1.6201652485590943,3.6919110334929286
2025-08-16,33.1,25.84,29.21,1.53,80.97,1.8086054348558873,3.9294522810899353
2025-08-17,34.05,25.67,29.4,0.25,78.0,2.1907559132546273,4.495417046596091
2025-08-18,32.06,25.86,28.62,1.24,82.06,1.5766298825390157,4.574779472245216
2025-08-19,34.17,25.17,29.68,0.26,76.47,2.254489176328879,4.746532087393458
2025-08-20,30.84,25.84,28.0,15.84,84.02,1.2897096011318476,3.423782778837767
2025-08-21,33.78,25.05,29.8,0.85,76.62,2.096092445093468,4.972854942547566
2025-08-22,34.54,27.14,30.97,1.57,70.81,2.3379627356797363,5.176171127067963
2025-08-23,34.31,26.47,29.63,6.92,80.87,2.091827031441285,4.55043484835914
2025-08-24,32.29,25.35,28.11,19.34,85.04,1.6275392677786007,2.8324655239559666
2025-08-25,29.26,24.69,26.67,42.64,91.8,0.8586393361974136,1.8095539847364126
2025-08-26,31.16,25.43,27.86,19.67,89.56,1.1920572079814757,2.67059810904772
2025-08-27,32.18,25.95,28.82,1.52,86.47,1.3959391421533693,3.964480140915775
2025-08-28,33.18,25.52,29.52,1.77,81.4,1.7474368155753015,4.6483659966210675
2025-08-29,31.33,26.22,28.43,1.34,86.14,1.2557852608381128,3.6427949816138008
2025-08-30,31.38,25.33,28.05,25.9,85.31,1.3754449238875996,3.305917317747288
2025-08-31,28.97,25.49,26.99,24.53,92.39,0.7062221262738229,1.9811492268580682
2025-09-01,28.55,24.81,26.38,19.91,91.1,0.7780426953253996,2.2609763014171445
2025-09-02,29.78,23.2,25.88,18.23,90.61,1.1716994747875193,2.173770017528053
2025-09-03,30.68,24.64,27.01,20.42,89.16,1.2455003238331086,3.8528673898383454
2025-09-04,30.54,23.71,26.79,4.32,83.38,1.4772476026382217,2.5538988393622075
2025-09-05,32.11,23.68,27.91,6.97,82.08,1.726268931701326,4.320660307581471
2025-09-06,31.38,24.69,28.0,28.17,86.2,1.3485861627445743,2.3490510647919116
2025-09-07,31.49,24.91,28.03,17.61,86.56,1.3580272588380566,3.4525021966395824
2025-09-08,31.5,24.61,28.11,4.76,83.65,1.4599474681669529,4.352572450138009
2025-09-09,32.3,25.0,28.33,0.03,81.35,1.7206503047021648,4.656932975805969
2025-09-10,31.23,24.14,27.11,0.16,84.68,1.5300184621976682,4.714190508024051
2025-09-11,31.27,22.39,26.69,0.1,82.59,1.6943786607147295,4.647270116722361
2025-09-12,31.55,23.08,27.17,0.23,81.99,1.7098707465527978,4.414543238258155
2025-09-13,32.36,23.21,27.95,8.66,78.97,1.9040773676525289,4.384482515850522
2025-09-14,32.71,24.3,28.33,0.87,79.05,1.9325919739360686,4.703129861720514
2025-09-15,32.42,23.43,27.78,0.55,79.73,1.9258225189871658,4.5817430980409455
2025-09-16,33.09,23.72,28.4,1.61,75.23,2.184401241778169,4.668204767491118
2025-09-17,33.27,23.92,28.83,0.3,74.99,2.1620891775048707,4.461720607898408
2025-09-18,32.62,24.21,28.82,3.07,75.08,1.9756336372153935,4.2008638105088645
2025-09-19,33.39,24.04,28.31,1.46,77.21,2.2053356078862967,4.411968254597074
2025-09-20,32.4,23.3,27.52,0.01,75.32,2.1294381123390576,4.709976636378495
2025-09-21,32.78,22.57,26.98,0.0,75.45,2.3180223336126464,4.728704515476952
2025-09-22,33.04,20.64,26.33,0.0,72.39,2.610403450162854,4.801469608228075
2025-09-23,33.0,19.81,26.13,0.0,70.55,2.6990940496850517,4.7356568649231905
2025-09-24,33.83,20.6,27.21,0.0,66.56,2.9177772915339446,4.776498159452629
2025-09-25,33.69,21.32,27.24,0.0,67.95,2.8298420650291125,4.74595382905089
2025-09-26,33.71,21.89,27.36,0.0,71.59,2.675820023413757,4.783646742873621
2025-09-27,34.19,23.95,28.44,0.0,73.53,2.5680526937396535,4.498073200188717
2025-09-28,34.56,24.07,28.83,0.0,73.7,2.6179116793895156,4.340435556047073
2025-09-29,34.5,24.35,28.75,0.04,73.28,2.6341181410958594,4.176196309905317
2025-09-30,33.65,24.85,28.91,0.03,67.9,2.567703137048242,4.214406997784611
2025-10-01,33.19,22.53,28.05,0.04,73.81,2.363377901990357,3.972206468275372
2025-10-02,33.22,23.98,28.37,0.43,71.13,2.3867622141328293,3.6542670553447034
2025-10-03,32.59,22.58,27.28,0.64,77.31,2.1784215345968283,3.584325751334474
2025-10-04,33.66,22.51,27.22,0.05,75.21,2.585107920908246,4.272176415385078
2025-10-05,32.78,22.82,27.38,5.47,68.22,2.5804562517579805,3.6318781077689604
2025-10-06,27.02,21.17,23.57,7.45,81.52,1.210902997409804,2.4198223460139174
2025-10-07,25.77,20.24,22.5,24.93,87.72,0.9383575106034443,2.3241341982250954
2025-10-08,27.25,18.38,21.95,3.83,83.08,1.4600166296702923,3.487276816229607
2025-10-09,28.68,16.74,22.0,0.02,73.2,2.0514337661212068,3.6858850987995804
2025-10-10,28.8,16.96,22.91,0.0,66.55,2.1459663538491105,3.5541281240765885
2025-10-11,29.63,19.07,23.45,0.0,68.09,2.2259164430665326,3.686687904100024
2025-10-12,30.22,17.09,22.87,0.0,68.24,2.472799885431967,3.9132295584816794
2025-10-13,30.75,18.47,23.76,0.0,59.73,2.737918789836549,3.8746071457460665
2025-10-14,30.31,17.98,23.88,0.0,55.6,2.7380421937376225,3.489439086293336
2025-10-15,30.47,18.29,23.94,0.0,57.2,2.727750235918922,3.394722726201045
2025-10-16,30.68,18.67,23.96,0.0,65.22,2.515021644683441,3.5973558215100896
2025-10-17,31.01,18.64,24.11,0.0,69.44,2.469774341394953,3.642709319781932
2025-10-18,31.27,18.62,24.23,0.0,68.54,2.57094570133179,3.6026910794145333
2025-10-19,32.35,19.59,24.84,0.0,61.01,3.0440771010173915,3.5115450521870426
2025-10-20,31.79,18.53,24.33,0.0,59.11,3.0194668589017692,3.514021932073169
2025-10-21,31.59,18.38,23.55,0.0,57.26,3.0728620780836886,3.468274308659921
2025-10-22,30.82,18.3,23.3,0.0,56.45,2.892219613694391,3.7594689079348598
2025-10-23,30.49,17.66,23.75,0.06,54.6,2.8143000417310935,3.4892109422219946
2025-10-24,31.21,19.74,24.2,0.09,59.0,2.811366519146839,3.3367484535441125
2025-10-25,30.98,17.48,23.29,0.0,62.29,2.794172810985886,3.5140209906164968
2025-10-26,30.87,16.85,23.42,0.0,60.01,2.8241715052600362,3.279699965964194
2025-10-27,31.14,18.46,23.99,0.0,52.91,3.0199417728207907,3.0101443561451666
2025-10-28,30.23,15.13,22.94,0.0,60.68,2.7305954000660115,2.7720457140023296
2025-10-29,29.36,16.82,22.37,0.0,63.18,2.4353466422277386,3.11927265528337
2025-10-30,31.04,17.73,23.52,0.0,68.75,2.596801708366299,2.9087695004369003
2025-10-31,30.4,19.51,23.56,0.0,65.55,2.5067804948605104,3.3546095072392457
2025-11-01,30.41,17.89,22.57,0.0,61.63,2.736950958903077,3.436331336437956
2025-11-02,30.19,15.65,21.81,0.0,58.37,2.8476425432713963,3.641323822269602
2025-11-03,29.98,15.64,21.99,0.0,51.35,2.9777746437990658,3.4520467275244253
2025-11-04,30.18,14.01,21.31,0.0,57.25,2.9327763165330127,3.637162959704397
2025-11-05,28.83,14.48,20.15,0.48,62.5,2.5759067752950333,3.6012960470369997
2025-11-06,27.17,9.87,17.26,0.0,54.58,2.6277243456998245,3.7478170101597286
2025-11-07,27.39,9.14,17.3,0.0,44.9,2.852047081713125,3.777886901486898
2025-11-08,26.91,11.72,17.85,0.0,43.26,2.7136285790790473,3.432778676992686
2025-11-09,26.35,11.06,17.41,0.0,48.55,2.5227216616534403,3.4074049942573796
2025-11-10,26.22,11.23,17.94,0.0,45.16,2.5324838862075896,3.0983112427113597
2025-11-11,26.08,11.49,17.14,0.0,50.73,2.437067996394092,3.292487960140381
2025-11-12,25.99,9.92,16.95,0.0,49.85,2.460609966946457,3.333287981362603
2025-11-13,26.44,10.9,16.97,0.0,50.96,2.5282673622203484,3.217415111663699
2025-11-14,25.92,11.15,16.86,0.0,47.82,2.482356637612576,3.1821307079946353
2025-11-15,26.21,11.39,17.25,0.0,44.92,2.578034437184714,3.142347753059469
2025-11-16,26.58,11.58,17.03,0.0,47.46,2.6176173398678344,3.2124506455970354
2025-11-17,26.51,10.64,17.6,0.0,43.76,2.650288016006394,2.850325384645474
2025-11-18,26.21,12.07,17.2,0.0,46.62,2.5407785558953693,2.9774655185493994
2025-11-19,25.98,12.01,18.31,0.0,48.09,2.4197655913709157,2.278775046482112
2025-11-20,25.96,14.12,18.54,0.0,45.67,2.415797584535819,2.3367292040478134
2025-11-21,25.88,12.94,17.4,0.0,51.04,2.372357779572283,2.5475200012967285
2025-11-22,24.9,12.1,16.8,0.0,58.67,2.0637045577666706,2.7171663477957386
2025-11-23,24.95,11.8,16.23,0.0,54.48,2.215448851511299,2.55315386790708
2025-11-24,24.48,10.53,15.47,0.0,52.1,2.2095630473846013,2.8081611757589333
2025-11-25,23.74,9.93,15.14,0.0,49.93,2.1249781512803487,2.7937295372364432
2025-11-26,24.87,8.88,15.02,0.0,49.22,2.3632294629961605,2.7480595195517403
2025-11-27,23.72,9.58,15.19,0.0,51.56,2.099450260376067,2.293573354830731
2025-11-28,23.7,10.52,15.28,0.0,53.63,2.0509624279419048,2.6917940738868285
2025-11-29,23.68,7.91,14.16,0.0,48.51,2.21332074725351,2.906791356277763
2025-11-30,22.69,6.71,13.96,0.0,44.55,2.0894996841824383,2.754613944771805
2025-12-01,22.96,10.85,15.69,0.0,39.69,2.1208816161162387,2.1185811753094024
2025-12-02,23.01,7.66,13.6,0.0,47.84,2.1165288957069803,2.461870836267768
2025-12-03,21.68,9.07,13.27,0.0,50.51,1.8594185450136198,2.6085734757313737
2025-12-04,21.17,6.69,13.08,0.0,51.43,1.7797126628643083,2.2955439318886772
2025-12-05,22.6,9.18,14.18,0.0,48.13,1.9924433623739994,2.2172444904002084
2025-12-06,24.43,6.64,13.95,0.0,49.09,2.3372572483762006,3.2409596622824237
2025-12-07,23.9,6.43,13.84,0.0,48.13,2.2517815532903733,2.748833395595027
2025-12-08,25.11,8.29,14.6,0.0,49.96,2.416182738801063,3.2369668602130655
2025-12-09,24.43,5.92,13.99,0.0,49.11,2.339322351224986,3.0949823297554087
2025-12-10,24.62,7.85,15.0,0.0,45.82,2.3639204158686202,2.740492861696679
2025-12-11,24.75,11.0,16.37,0.0,43.03,2.3566662512140195,2.4922525857199442
2025-12-12,24.87,11.34,16.74,0.0,41.95,2.3834105022401078,2.10473733994966
2025-12-13,18.69,9.1,13.32,0.0,60.85,1.2349303475906281,1.7780383285013
2025-12-14,23.47,8.45,15.13,0.0,55.87,1.988326856200619,1.9813416743960701
2025-12-15,24.04,9.43,14.63,0.0,54.52,2.124848479645551,2.7954496903266066
2025-12-16,23.46,6.73,13.74,0.0,55.17,2.06724986885771,2.781587970724817
2025-12-17,25.26,7.43,15.38,0.0,56.0,2.281412565549773,2.817014615585564
2025-12-18,22.35,11.43,15.73,0.0,56.35,1.723501997538444,1.6758454360420922
2025-12-19,21.92,9.22,14.97,0.0,51.71,1.8033836120591176,2.0286476957002133
2025-12-20,23.87,11.28,15.51,0.0,44.21,2.218402269504236,1.8683372245774765
2025-12-21,21.15,9.89,14.62,0.0,54.0,1.6407412223763027,1.9793523572184668
2025-12-22,23.84,9.93,15.6,0.0,57.35,1.9726226204458093,2.0615810030255144
2025-12-23,24.25,9.98,15.32,0.0,63.21,1.9850954775060652,2.6448939054796217
2025-12-24,22.45,6.64,13.35,0.0,57.24,1.8919637387094093,2.662131459197582
2025-12-25,22.32,6.61,14.44,0.0,43.66,2.0253602215936404,2.199074063872191
2025-12-26,22.36,9.97,15.06,0.0,38.61,2.0777863767002724,2.1489566545250156
2025-12-27,22.16,6.78,13.4,0.0,43.26,2.0401013662222565,2.5493390897395773
2025-12-28,21.11,8.31,13.36,0.0,43.72,1.8700128507786888,2.0150916054410706
2025-12-29,21.15,6.85,12.75,0.0,47.45,1.8447232564690657,2.2854981753710826
2025-12-30,21.7,7.91,13.02,0.0,47.97,1.9137138455516474,2.4217009875801474
2025-12-31,18.35,7.45,11.62,0.0,53.02,1.4062268717195283,2.089465948037522
2026-01-01,14.09,7.47,9.94,2.67,81.68,0.6156974497405587,0.9802142491298822
2026-01-02,19.28,5.81,11.18,0.0,77.06,1.234901969251552,1.6928866794323207
2026-01-03,18.33,5.87,11.81,0.0,67.2,1.2170785659747099,1.3264480463627122
2026-01-04,19.27,6.5,11.95,0.0,63.71,1.371461740282614,1.6650477483396986
2026-01-05,18.89,5.17,11.57,0.0,72.44,1.225669099820215,1.7434607689414288
2026-01-06,20.25,5.41,11.65,0.0,63.27,1.5728298316627662,2.063723976519611
2026-01-07,18.31,4.64,10.51,0.0,58.83,1.3948731528711962,1.6764701533887507
2026-01-08,19.44,3.01,10.08,0.0,51.51,1.6733758186989525,1.9867633776052251
2026-01-09,19.15,3.85,9.9,0.0,46.43,1.6835624225095247,2.0084227328327358
2026-01-10,18.92,3.27,9.5,0.0,48.69,1.636368141437968,2.2241335292293973
2026-01-11,19.81,2.3,9.7,0.0,48.96,1.7535018971573566,2.480491624734077
2026-01-12,19.8,3.73,10.82,0.0,43.33,1.7917583466891107,2.166549875007772
2026-01-13,19.44,5.64,10.79,0.0,44.18,1.7123982920779799,2.4301313856688838
2026-01-14,20.82,1.83,10.59,0.0,43.53,1.944974890325983,2.549096795800585
2026-01-15,20.95,4.02,11.19,0.0,41.92,1.9624151600585629,2.578452189120301
2026-01-16,19.98,5.38,11.76,0.0,39.27,1.8199576964733797,2.299609936551496
2026-01-17,22.51,7.56,14.0,0.0,38.76,2.151102783575477,2.1434145154851847
2026-01-18,22.97,8.98,14.63,0.0,36.22,2.230310980765739,2.3952572360869255
2026-01-19,24.94,8.01,14.49,0.0,45.34,2.4573705784945297,2.61477670119548
2026-01-20,23.94,8.61,14.4,0.0,44.74,2.2850274672189403,2.8356472127190755
2026-01-21,22.34,8.4,14.1,0.0,40.88,2.0817211320394895,2.4959280750314363
2026-01-22,24.63,7.09,15.29,1.09,41.61,2.4188206622359703,3.9896548763219895
2026-01-23,15.89,3.73,11.37,36.76,71.06,0.8684971756726747,1.718123537878863
2026-01-24,15.76,0.32,7.1,0.03,54.86,1.2744038193452494,2.0382247772778532
2026-01-25,19.77,3.82,10.42,0.0,53.09,1.6745580140207859,2.5077278173886324
2026-01-26,20.58,6.06,12.35,0.02,55.73,1.653883968772986,2.124303807656492
2026-01-27,17.7,7.22,11.97,14.0,77.35,0.9843345248876885,1.3666322828982178
2026-01-28,19.3,6.73,11.83,1.65,77.81,1.1971046376515622,2.0499835894077094
2026-01-29,20.08,4.67,11.84,0.0,70.13,1.4231594823968994,2.337902417625352
2026-01-30,22.25,8.09,14.77,0.0,53.81,1.8236792060720715,2.3344136777270452
2026-01-31,21.39,7.39,14.07,0.02,51.8,1.7504003152796757,2.3554648254628057
2026-02-01,20.86,7.61,14.03,0.66,75.15,1.2798751438090965,1.9939122319784917
2026-02-02,21.04,9.62,14.38,0.01,74.9,1.3041031527867768,2.1008628678434293
2026-02-03,21.86,8.81,14.34,0.02,60.99,1.673317296921463,2.1057390842630994
2026-02-04,22.17,8.14,13.85,0.0,64.59,1.694763597349326,2.764192290989709
2026-02-05,23.73,5.47,14.06,0.0,57.89,2.09357097197923,2.977889585472741
2026-02-06,24.12,7.37,14.96,0.0,49.84,2.200195113764528,3.2875674522591702
2026-02-07,24.53,8.64,15.03,0.0,54.39,2.192517248873243,3.6748098653314885
2026-02-08,23.75,5.84,14.89,0.0,48.88,2.1928876257097722,3.1735809601223894
2026-02-09,23.54,11.45,16.27,0.0,42.12,2.1628418200134427,2.3634391673651693
2026-02-10,25.39,9.1,15.83,0.0,48.88,2.4179150774346,3.067583368864884
2026-02-11,26.15,9.61,16.33,0.07,52.04,2.484357808690778,3.7581391164747866
2026-02-12,25.38,8.23,16.56,0.0,49.08,2.4043341573660855,3.3634179115904663
2026-02-13,26.02,9.79,17.76,0.0,38.53,2.627319056981537,3.346264231022087
2026-02-14,26.0,11.93,17.83,0.0,38.39,2.6117026417251226,3.4968038435776605
2026-02-15,27.89,11.96,18.63,0.0,41.01,2.924026739081257,3.6352394040720553
2026-02-16,28.26,11.55,18.51,0.0,43.27,2.9785268553032127,3.318515529039342
2026-02-17,28.42,10.5,18.76,0.02,43.0,3.0059061462248766,4.090936124134706
2026-02-18,20.65,12.75,15.72,0.8,64.09,1.3036943881903917,2.4720975783138424
2026-02-19,26.64,9.71,17.92,0.0,55.11,2.432485081422766,3.239120814048332
2026-02-20,27.83,12.27,19.09,0.0,49.76,2.700210248567706,3.4896126991432332
2026-02-21,28.5,11.75,19.44,0.0,46.63,2.9099729922881474,3.7707397424248743
2026-02-22,29.45,14.37,20.32,0.0,41.26,3.1894310668833405,3.2411110608783598
2026-02-23,28.85,12.87,19.8,0.0,44.62,3.010425259853664,3.5765635088153043
2026-02-24,29.0,13.35,19.82,0.0,43.6,3.082797612368342,3.695044232481919
2026-02-25,29.0,14.59,21.03,0.0,34.49,3.2194860740333744,3.677234715743092
2026-02-26,29.46,12.63,20.28,0.0,36.14,3.3098189350749987,4.376562255251379
2026-02-27,30.53,15.06,21.15,0.0,38.42,3.479916213500438,3.7603978958306534
2026-02-28,31.05,14.9,21.46,0.0,40.41,3.548706770652724,4.601090258154065
2026-03-01,30.63,12.4,20.59,0.0,39.73,3.536203775420327,5.028827481745567
2026-03-02,31.38,14.67,20.93,0.0,34.76,3.8011713083664995,5.604449714911637
2026-03-03,33.55,11.14,21.16,0.0,36.73,4.402896964547353,6.3978020816858505
2026-03-04,34.64,14.77,23.19,0.0,33.79,4.647338053938793,5.550285959561943
2026-03-05,35.95,15.6,24.99,0.0,35.45,4.905531376701619,6.031584410524711
2026-03-06,36.27,16.63,25.95,0.0,31.64,5.092521702515203,4.677713075388247
2026-03-07,35.24,14.93,24.4,0.0,36.24,4.739684634205134,4.936248838595304
2026-03-08,35.64,19.03,25.52,0.0,37.82,4.6920093151861195,4.844119246814536
2026-03-09,36.35,18.26,26.54,0.0,34.53,4.955934877096717,4.588604410599271
2026-03-10,35.11,17.77,25.95,0.0,32.63,4.646119253153569,4.489756705055397
2026-03-11,36.2,17.45,25.52,0.0,32.96,5.097605494040048,5.998763855732984
2026-03-12,35.19,19.87,25.99,0.43,39.46,4.443296057876038,4.97333043138915
2026-03-13,32.1,18.17,24.02,0.02,42.04,3.628987912690942,4.911592407228391
2026-03-14,33.13,16.57,23.4,0.0,31.56,4.253682383590689,5.289737768523077
2026-03-15,31.43,16.22,22.3,3.96,41.75,3.59568251181486,5.715405800245225
2026-03-16,30.86,13.0,21.25,0.68,48.76,3.3686994243045154,5.519345712777545
2026-03-17,30.18,14.89,21.92,0.0,42.78,3.276925574777205,4.2072920183347255
2026-03-18,24.5,16.46,19.49,0.5,48.5,2.012066304231104,3.501292818083619
2026-03-19,25.79,15.68,19.29,3.12,67.22,1.8903257044206827,2.7988075867594895
2026-03-20,21.24,14.06,17.56,8.75,85.19,0.8327799149734529,1.9096413635879725
2026-03-21,28.83,11.82,19.54,0.07,64.64,2.616677485223663,3.790372537638923
2026-03-22,30.41,13.5,21.71,0.65,54.54,3.016252026207978,4.739135000103
2026-03-23,30.69,15.26,22.86,0.41,53.51,3.023323634296302,4.563641595927971
2026-03-24,32.69,17.26,24.02,0.01,45.32,3.6803854398232554,5.300351443255538
2026-03-25,34.03,15.6,24.81,0.02,40.45,4.200864660512644,4.711854988757327
2026-03-26,34.92,19.82,25.96,0.08,40.93,4.331536075822683,5.843950520126323
2026-03-27,31.76,19.74,25.56,0.0,50.25,3.1391642230311976,4.664343508067153
2026-03-28,31.59,20.08,25.87,0.0,41.51,3.318093856190768,4.338522116388746
2026-03-29,34.46,19.94,26.24,2.78,46.44,3.945479095637088,6.191472892537789
2026-03-30,30.19,19.34,24.23,0.03,48.54,2.876755934364776,4.209621408191253
2026-03-31,31.77,16.1,24.04,4.85,54.8,3.2208381567636346,3.992676904147521
2026-04-01,31.8,17.27,25.08,0.03,44.93,3.3807128793286614,3.8674939687074734
2026-04-02,36.84,19.78,28.28,0.35,36.29,4.9666315610636715,5.628901176194697
2026-04-03,28.94,19.67,23.6,2.05,59.15,2.325588725394277,3.751135850204871
2026-04-04,27.52,18.03,22.33,0.87,59.29,2.1250693020355373,3.5894208629170565
2026-04-05,32.13,15.8,24.22,0.13,46.23,3.524330356757942,5.181663077440466
2026-04-06,32.86,17.54,25.2,0.52,41.03,3.79293473860639,5.050272811048242
2026-04-07,29.23,18.63,23.46,1.05,46.01,2.793742060892009,5.368097654388681
2026-04-08,26.55,15.3,20.76,11.89,62.59,2.0247112143288435,4.070580808704084
2026-04-09,29.37,13.71,21.47,0.04,55.05,2.8173177452672133,4.756035374236682
2026-04-10,32.68,14.06,23.12,0.0,45.3,3.8163225678277066,7.212413264135708
2026-04-11,33.27,16.9,24.65,0.32,46.47,3.7836087617342744,6.342070640570888
2026-04-12,33.88,17.44,24.97,0.39,42.12,4.070593186940507,7.063265889589826
2026-04-13,34.5,16.79,25.76,0.0,37.27,4.368294573918035,6.449847714737932
2026-04-14,37.23,17.99,27.26,0.0,31.75,5.3485475464984225,7.325505363920526
2026-04-15,38.28,19.67,28.56,0.0,30.92,5.630832353638597,7.678119516742909
2026-04-16,39.65,21.28,30.34,0.0,27.48,6.156833586861168,6.2249559432820165
2026-04-17,40.53,22.85,30.95,0.07,27.75,6.48041670192767,7.900582353829468
2026-04-18,41.13,22.78,31.78,0.18,29.06,6.616676558407948,6.849081870226039
2026-04-19,38.18,23.43,29.73,0.0,32.24,5.420639437852541,7.348349280167222
2026-04-20,39.03,21.06,29.92,0.0,32.71,5.767348565403058,7.628557988514057
2026-04-21,40.0,21.45,30.4,0.0,27.6,6.308675857577474,8.321106749533502
2026-04-22,41.91,23.58,32.61,0.0,25.07,7.051168486614572,7.9851241037312155
2026-04-23,42.38,24.75,33.3,0.0,24.88,7.194093154216019,6.730833179897058
2026-04-24,43.37,26.14,34.25,0.0,25.41,7.551495718779477,7.18583176910355
2026-04-25,43.47,27.01,34.7,0.0,28.52,7.402255016882015,9.235398581566018
2026-04-26,42.43,25.01,33.35,0.0,27.68,7.181684266467865,9.963917140573805
2026-04-27,43.84,25.06,34.36,0.0,23.16,7.870300774727417,8.168927839019904
2026-04-28,39.88,24.99,30.88,3.71,36.92,5.791159605982497,6.787476825309641
2026-04-29,39.29,23.65,31.29,0.15,37.15,5.518964697460368,6.566575285883226
2026-04-30,40.17,24.77,32.3,0.27,32.1,6.030861547126647,6.527880258309552
2026-05-01,39.91,23.07,31.6,0.28,33.54,5.899373354059199,7.995463667702939
2026-05-02,41.44,24.61,33.09,0.02,29.04,6.603803147733831,7.466761551416021
2026-05-03,38.95,22.88,30.58,11.64,38.66,5.430291948984201,9.58121263697802
2026-05-04,33.9,22.7,27.55,3.91,48.29,3.5832701486117404,8.807390805100546
2026-05-05,35.13,20.59,27.82,0.46,42.89,4.1703281363807445,6.129046670162076
2026-05-06,37.23,21.51,29.69,0.09,36.75,4.931746768643171,6.428921680064556
2026-05-07,37.28,22.86,29.79,0.07,37.78,4.87924365698988,8.31973749597298
2026-05-08,37.3,22.08,29.63,0.0,40.11,4.791877230766553,7.440362507072238
2026-05-09,38.22,24.59,31.46,0.0,38.98,4.965408663730562,5.757188760998099
2026-05-10,39.52,25.76,32.63,0.0,35.76,5.491329972000351,6.306577851488411
2026-05-11,40.42,26.74,33.21,0.37,33.02,5.9447486135801855,7.200316782481584
2026-05-12,40.97,26.3,33.56,0.3,34.8,6.0557933178811325,7.019591353107005
2026-05-13,42.18,26.41,34.72,0.02,30.35,6.719226238962795,7.50060126420807
2026-05-14,42.25,26.96,34.45,3.09,31.67,6.721052629967247,7.128785721320811
2026-05-15,41.01,28.0,33.78,0.67,29.23,6.341055012017412,7.836500393267249
2026-05-16,41.56,25.52,33.56,0.0,28.95,6.628968633763814,8.922804150485659
2026-05-17,43.42,26.03,34.79,0.0,26.16,7.495079225256972,10.275579311973488
2026-05-18,45.92,26.27,36.34,0.0,23.59,8.764409351430023,10.180781977863512
2026-05-19,46.09,28.49,36.59,0.0,14.98,9.318351980719573,10.226763302213094
2026-05-20,45.25,26.58,36.12,0.0,17.77,8.709307683833417,8.742083765224443
2026-05-21,45.49,30.58,37.97,0.0,22.61,8.413810384858236,8.116483527724773
2026-05-22,44.51,30.36,37.12,0.02,20.94,8.082364028295451,9.93254378330736
2026-05-23,43.91,27.98,35.8,0.04,23.36,7.77311765798325,8.955651090192662
2026-05-24,45.22,27.35,36.64,0.05,21.7,8.476564123729245,9.390578782667122
2026-05-25,45.37,28.8,37.14,0.0,18.78,8.659465699535495,9.701023560715708
2026-05-26,45.75,27.78,36.96,0.0,15.78,9.139260848937786,11.830539014073251
2026-05-27,47.41,27.39,38.06,0.0,13.0,10.03804555889996,10.63401075208455
2026-05-28,46.27,29.73,38.57,0.0,14.8,9.27675219718525,9.116084493500853
2026-05-29,42.86,28.91,36.13,0.45,25.38,7.091608998310463,12.125756941354037
2026-05-30,37.19,25.28,31.98,18.29,40.1,4.497223973223475,8.16787986968569
2026-05-31,36.05,23.05,29.5,0.77,47.2,4.105073374516548,8.297929291392387
2026-06-01,38.26,23.98,31.43,0.0,41.54,4.923274729245593,6.641559299938849
2026-06-02,40.13,26.63,33.32,0.08,37.29,5.643132372730069,7.360248609024173
2026-06-03,39.07,28.49,33.67,0.89,38.39,5.0910790158375,6.399265747183391
2026-06-04,41.65,27.56,34.53,0.12,35.37,6.262226508335488,7.083602182238646
2026-06-05,39.63,25.56,33.13,6.07,41.42,5.314453609271929,6.447834547822353
2026-06-06,42.38,28.29,35.35,0.0,33.15,6.565414841018727,6.7932283497422485
2026-06-07,43.0,28.03,35.99,0.0,29.18,7.026396262777813,6.787385737535166
2026-06-08,44.04,29.14,36.6,0.0,24.57,7.727867774031374,7.727374417889834
2026-06-09,46.2,29.84,38.08,0.0,19.74,8.991927403391792,8.463915380483234
2026-06-10,46.73,29.32,38.61,0.22,20.56,9.192714694204856,8.039196319711364
2026-06-11,44.17,28.69,36.48,13.13,38.31,7.048485152009168,10.186788841784963
2026-06-12,37.41,25.87,31.27,11.94,56.3,3.9657273685602643,8.310111979805132
2026-06-13,37.35,25.91,31.52,4.15,50.22,4.146796990483404,7.122167072904358
2026-06-14,39.71,25.44,33.02,0.43,42.11,5.268693939329744,7.048833061297097
2026-06-15,41.01,27.55,34.35,1.06,41.04,5.684017218778551,6.057395663334247
2026-06-16,40.94,27.97,34.33,2.27,41.51,5.644686730643443,6.530411382644845
2026-06-17,40.17,27.6,33.79,1.04,42.59,5.347358635996282,6.434504853030801
2026-06-18,40.63,28.06,34.32,0.85,43.85,5.36281803409302,7.711478915828057
2026-06-19,40.79,27.58,34.28,0.29,43.52,5.494468895058901,6.999727024158858
2026-06-20,41.02,27.72,34.47,0.0,38.41,5.852060574174649,7.7832550573064365
2026-06-21,41.82,28.75,35.34,0.6,38.8,6.021131928845907,8.626384079069846
2026-06-22,40.44,28.35,33.85,2.4,42.02,5.4378369157180035,7.258954664249542
2026-06-23,41.11,28.4,34.76,0.16,36.02,5.938905374109222,7.2458417284316115
2026-06-24,41.0,28.78,35.42,2.1,37.14,5.729406891795425,6.747214421872711
2026-06-25,41.0,29.46,35.19,1.38,37.51,5.744826441371902,6.7597558101606
2026-06-26,42.21,29.5,35.94,0.37,36.22,6.220655303816535,7.046028713772563
2026-06-27,44.15,31.08,37.66,0.11,35.06,7.008083561625456,6.996008924358257
2026-06-28,44.65,31.61,38.6,0.02,32.78,7.2681920499848545,7.300565440878877
2026-06-29,45.04,33.29,38.99,0.28,29.9,7.602224151035916,8.112630310376415
2026-06-30,44.85,31.94,38.79,0.16,28.84,7.585769634945246,8.262285588163722
2026-07-01,38.98,30.89,35.31,1.98,40.54,4.717086359846629,7.957792212996838
2026-07-02,40.3,29.61,34.36,2.08,46.79,5.027142556170678,7.200476832637961
2026-07-03,38.59,29.51,33.81,2.51,51.46,4.1757159084552296,7.677504455846553
2026-07-04,38.34,29.74,34.05,0.28,47.85,4.2251667263656625,4.872781895805833
2026-07-05,37.74,31.24,34.04,0.71,49.66,3.891475846775323,6.356014171040465
2026-07-06,39.53,30.73,34.92,4.14,50.83,4.383413958241896,6.252288292835198
2026-07-07,39.25,30.51,34.49,1.83,51.45,4.340334994469434,5.070648816236068
2026-07-08,36.69,29.22,31.83,4.22,58.89,3.4091019990208666,6.658702691876643
2026-07-09,38.44,27.95,32.63,1.47,55.25,4.138462886822892,6.2353803419003695
2026-07-10,42.07,27.67,34.84,0.49,46.79,5.778577085184356,6.992071650909578
2026-07-11,42.1,29.34,35.83,0.99,44.55,5.72749062802027,6.527532235607072
2026-07-12,43.88,30.98,37.2,1.93,39.68,6.645805442369504,6.103179383848098
2026-07-13,43.31,32.02,37.49,1.14,37.18,6.479351063715373,6.489080312269469
2026-07-14,43.31,31.43,37.21,1.03,36.38,6.559455333550641,7.327988364384325
2026-07-15,42.61,31.83,36.93,0.69,37.95,6.171581336469426,7.143066262004938
2026-07-16,43.81,31.89,37.89,0.12,33.94,6.839849558924434,7.4657648201830975
2026-07-17,44.24,32.97,38.63,0.06,31.39,7.112301378622714,8.611876568590434
2026-07-18,43.46,33.44,38.67,0.03,31.15,6.741833130358083,6.939278181266319
2026-07-19,42.14,34.16,38.3,0.02,33.04,6.068901603628586,5.856190698667712
2026-07-20,41.8,29.33,35.89,7.73,45.0,5.555049115805441,5.027568638745391
2026-07-21,28.62,26.85,27.77,18.35,84.73,0.7526576586113891,3.262819207039573
2026-07-22,31.47,26.23,28.72,7.25,74.25,1.6976773960119171,4.29473353018819
2026-07-23,33.4,26.27,29.35,3.42,68.49,2.3667994430707493,4.81177097231989
2026-07-24,37.38,26.44,31.94,5.08,59.81,3.636946455377026,6.332806289220274
2026-07-25,37.14,26.81,30.96,15.48,70.51,3.2260423986303293,5.986232661435118
2026-07-26,36.97,26.8,31.31,4.27,69.16,3.1807158695023796,5.4960054068750654
2026-07-27,40.0,28.54,34.5,0.42,53.45,4.521690642856592,5.347516351049551
2026-07-28,39.34,29.86,34.5,5.46,56.16,4.091101656183162,3.8460374482250934
2026-07-29,39.87,28.96,34.19,2.57,57.7,4.331780859310457,5.804213064124935
