 1979    1    0.2088
 1979    2    0.3563
 1979    3    0.8992
 1979    4    0.6776
 1979    5    0.7237
 1979    6    1.7000
 1979    7    2.4121
 1979    8    0.5455
 1979    9    0.6295
 1979   10    0.1598
 1979   11   -0.4225
 1979   12   -0.9507
 1980    1   -0.4470
 1980    2   -0.9797
 1980    3   -1.4244
 1980    4   -2.0682
 1980    5   -0.4787
 1980    6    0.2857
 1980    7   -1.9439
 1980    8   -0.9968
 1980    9   -1.7008
 1980   10    0.5774
 1980   11   -2.0129
 1980   12   -0.3563
 1981    1    0.2305
 1981    2    0.0393
 1981    3   -0.9655
 1981    4   -1.4620
 1981    5   -0.3440
 1981    6    0.3517
 1981    7   -0.9859
 1981    8   -2.1183
 1981    9   -1.5094
 1981   10   -0.2603
 1981   11    0.6256
 1981   12    1.1164
 1982    1   -0.5544
 1982    2    0.2772
 1982    3    1.6035
 1982    4    1.5314
 1982    5    0.1179
 1982    6    0.9201
 1982    7   -0.4147
 1982    8    0.7793
 1982    9    1.5800
 1982   10   -0.7023
 1982   11   -0.8492
 1982   12   -1.9337
 1983    1   -1.3404
 1983    2   -1.0807
 1983    3    0.1663
 1983    4    0.1494
 1983    5   -0.4372
 1983    6   -0.2628
 1983    7    1.1141
 1983    8    0.7920
 1983    9   -0.6960
 1983   10    1.1935
 1983   11    0.7274
 1983   12    0.4755
 1984    1   -1.0975
 1984    2   -0.5437
 1984    3    0.2509
 1984    4   -0.2042
 1984    5   -1.2374
 1984    6    0.4261
 1984    7    0.8896
 1984    8   -0.5484
 1984    9    0.3270
 1984   10   -0.0094
 1984   11   -0.0241
 1984   12   -1.4756
 1985    1   -0.7948
 1985    2    0.2155
 1985    3   -0.1336
 1985    4    0.0315
 1985    5   -0.0661
 1985    6   -0.3307
 1985    7    1.9137
 1985    8    0.5948
 1985    9    1.5073
 1985   10    0.4708
 1985   11    1.0847
 1985   12    1.2403
 1986    1    0.1578
 1986    2   -1.5880
 1986    3   -0.7696
 1986    4   -0.0867
 1986    5   -1.8466
 1986    6   -0.6194
 1986    7    0.0892
 1986    8   -0.1570
 1986    9    0.8487
 1986   10    0.3057
 1986   11   -0.2225
 1986   12    0.8863
 1987    1   -0.9504
 1987    2   -0.7077
 1987    3   -0.1327
 1987    4   -0.2856
 1987    5    0.0386
 1987    6   -0.7019
 1987    7   -1.5313
 1987    8    1.4852
 1987    9   -0.7989
 1987   10    0.4555
 1987   11    1.0604
 1987   12    0.2723
 1988    1   -0.6117
 1988    2    0.5508
 1988    3   -0.2190
 1988    4   -0.0768
 1988    5   -0.7486
 1988    6   -1.0549
 1988    7    0.5760
 1988    8   -0.7449
 1988    9   -0.6885
 1988   10   -2.3140
 1988   11    0.4010
 1988   12    1.0745
 1989    1    0.6184
 1989    2    0.8489
 1989    3    0.6321
 1989    4   -0.5731
 1989    5    2.6906
 1989    6    1.9948
 1989    7    1.4576
 1989    8   -0.1319
 1989    9   -0.1212
 1989   10    0.1358
 1989   11    0.5720
 1989   12   -0.4450
 1990    1   -0.3521
 1990    2    1.1507
 1990    3    0.4142
 1990    4   -1.8786
 1990    5   -1.8034
 1990    6    0.0931
 1990    7   -1.2151
 1990    8    0.4657
 1990    9    1.4816
 1990   10    0.1390
 1990   11   -0.3590
 1990   12   -0.3117
 1991    1    0.8689
 1991    2   -0.8517
 1991    3    0.5223
 1991    4   -0.6394
 1991    5   -0.5386
 1991    6   -1.1546
 1991    7   -1.2202
 1991    8    0.0355
 1991    9   -0.5130
 1991   10   -0.6232
 1991   11   -0.8042
 1991   12   -2.0675
 1992    1    0.0726
 1992    2   -1.6268
 1992    3   -1.0103
 1992    4   -0.4393
 1992    5   -2.0320
 1992    6   -2.1933
 1992    7   -0.5662
 1992    8   -0.3495
 1992    9    0.4350
 1992   10   -0.3194
 1992   11    0.1218
 1992   12    0.2436
 1993    1   -2.0206
 1993    2    0.4370
 1993    3   -0.3776
 1993    4    0.0872
 1993    5    1.2599
 1993    6    1.2179
 1993    7    1.9571
 1993    8    1.0829
 1993    9    1.0610
 1993   10    0.7481
 1993   11    0.3237
 1993   12    1.0281
 1994    1    0.7227
 1994    2    1.1570
 1994    3    0.6933
 1994    4   -0.0525
 1994    5   -0.1527
 1994    6   -1.6819
 1994    7   -0.4922
 1994    8    1.9099
 1994    9   -0.9470
 1994   10   -0.5778
 1994   11   -0.7926
 1994   12    0.9327
 1995    1    1.4485
 1995    2    0.5329
 1995    3   -0.1544
 1995    4    0.6488
 1995    5    1.3967
 1995    6   -0.8020
 1995    7   -3.0097
 1995    8   -0.6965
 1995    9    1.1733
 1995   10   -0.0570
 1995   11    0.1429
 1995   12    1.4697
 1996    1    0.3321
 1996    2   -0.5250
 1996    3    0.5435
 1996    4    0.1150
 1996    5    0.9832
 1996    6   -0.2520
 1996    7    0.0209
 1996    8   -1.5019
 1996    9   -1.3144
 1996   10    0.9657
 1996   11   -1.6669
 1996   12   -0.0231
 1997    1    0.3689
 1997    2   -0.2442
 1997    3    0.7010
 1997    4   -0.4576
 1997    5    1.0281
 1997    6   -0.4576
 1997    7    0.7797
 1997    8    0.7684
 1997    9    0.1222
 1997   10   -0.5947
 1997   11   -1.9046
 1997   12   -0.8355
 1998    1    0.4125
 1998    2    0.3896
 1998    3    0.7359
 1998    4    1.9273
 1998    5   -0.0381
 1998    6    1.0310
 1998    7    1.4500
 1998    8    0.9041
 1998    9   -0.1224
 1998   10    0.3995
 1998   11    0.8172
 1998   12    1.4352
 1999    1    0.9991
 1999    2    0.4559
 1999    3    0.1804
 1999    4    0.9494
 1999    5    1.6390
 1999    6   -1.3249
 1999    7    0.3156
 1999    8    0.0419
 1999    9   -0.0121
 1999   10    1.6535
 1999   11    0.9006
 1999   12    1.7838
 2000    1    1.2734
 2000    2    0.6197
 2000    3    0.1331
 2000    4    0.2327
 2000    5    1.1271
 2000    6    0.1172
 2000    7    0.0586
 2000    8   -0.6735
 2000    9   -1.8529
 2000   10    0.3470
 2000   11   -1.5371
 2000   12   -1.2903
 2001    1   -0.4709
 2001    2   -0.2649
 2001    3   -0.5548
 2001    4    0.5150
 2001    5   -0.2622
 2001    6    0.3861
 2001    7   -0.9283
 2001    8    0.9103
 2001    9    1.1614
 2001   10    1.2771
 2001   11    0.9958
 2001   12    1.4736
 2002    1    0.7469
 2002    2    1.3341
 2002    3   -1.8235
 2002    4    0.1650
 2002    5   -2.7985
 2002    6   -1.1120
 2002    7   -0.5909
 2002    8   -0.0994
 2002    9   -0.8645
 2002   10   -2.5640
 2002   11   -0.9235
 2002   12    1.3085
 2003    1   -0.9879
 2003    2   -0.3569
 2003    3   -0.1877
 2003    4    0.2243
 2003    5    0.3845
 2003    6   -0.7745
 2003    7    0.7270
 2003    8    0.6780
 2003    9   -0.3231
 2003   10   -0.0249
 2003   11   -0.7117
 2003   12   -1.3229
 2004    1    0.8071
 2004    2   -1.1819
 2004    3    0.4317
 2004    4    0.1510
 2004    5    0.4596
 2004    6    1.1954
 2004    7    1.4743
 2004    8   -0.0712
 2004    9    0.2536
 2004   10   -0.0425
 2004   11   -0.2422
 2004   12   -0.9729
 2005    1   -0.1287
 2005    2    1.2435
 2005    3    0.1583
 2005    4    0.3554
 2005    5   -0.2973
 2005    6   -1.4277
 2005    7   -0.2520
 2005    8    0.2282
 2005    9    0.2407
 2005   10    0.0310
 2005   11   -0.5515
 2005   12   -1.9678
 2006    1    0.3389
 2006    2   -0.2113
 2006    3    0.5006
 2006    4   -0.1693
 2006    5    1.6954
 2006    6    0.4380
 2006    7    0.9255
 2006    8   -1.7271
 2006    9   -0.3241
 2006   10    0.8792
 2006   11    0.1013
 2006   12    0.6384
 2007    1   -0.0828
 2007    2    0.0749
 2007    3   -0.5701
 2007    4   -1.0352
 2007    5   -0.6119
 2007    6   -1.1980
 2007    7   -2.6307
 2007    8   -0.1079
 2007    9    0.0305
 2007   10   -0.4337
 2007   11   -0.9838
 2007   12    1.9293
 2008    1    1.2085
 2008    2    1.1474
 2008    3    0.5875
 2008    4   -0.8734
 2008    5   -0.4898
 2008    6    1.3484
 2008    7    0.3202
 2008    8    0.0870
 2008    9    1.3856
 2008   10    1.2149
 2008   11    0.9197
 2008   12    1.1938
 2009    1    0.9626
 2009    2    0.4558
 2009    3    0.6046
 2009    4    0.0292
 2009    5   -0.7328
 2009    6   -0.4700
 2009    7   -1.2342
 2009    8   -0.6856
 2009    9   -0.0165
 2009   10    0.0848
 2009   11   -1.9151
 2009   12    0.6068
 2010    1   -0.7569
 2010    2   -0.7752
 2010    3    0.1083
 2010    4    0.3774
 2010    5    1.0210
 2010    6    2.0707
 2010    7    2.4237
 2010    8    1.5101
 2010    9    0.4018
 2010   10    1.3349
 2010   11    1.5163
 2010   12    0.2054
 2011    1    0.0524
 2011    2    1.0738
 2011    3   -0.2962
 2011    4   -0.8700
 2011    5    1.2657
 2011    6   -0.0990
 2011    7   -1.3842
 2011    8   -1.2020
 2011    9   -1.2500
 2011   10    0.3882
 2011   11   -0.9075
 2011   12    2.5735
 2012    1    1.5833
 2012    2   -0.2831
 2012    3    0.2748
 2012    4    0.6656
 2012    5    0.1528
 2012    6   -0.1971
 2012    7    1.2593
 2012    8    0.4888
 2012    9    0.5624
 2012   10   -0.4442
 2012   11   -1.7009
 2012   12   -0.7635
 2013    1    0.0710
 2013    2    0.7156
 2013    3    1.3748
 2013    4    0.6106
 2013    5    0.3596
 2013    6   -0.2711
 2013    7    0.9453
 2013    8   -1.5609
 2013    9   -1.6583
 2013   10   -0.4576
 2013   11    0.1888
 2013   12    0.0613
 2014    1   -0.6826
 2014    2    0.3222
 2014    3    0.4670
 2014    4    0.6137
 2014    5   -0.4452
 2014    6    0.8412
 2014    7    0.2470
 2014    8   -0.0589
 2014    9   -1.1189
 2014   10   -0.0390
 2014   11   -0.5192
 2014   12    1.3222
 2015    1    0.6747
 2015    2    1.2165
 2015    3    0.7733
 2015    4    1.0286
 2015    5    0.4156
 2015    6    0.7113
 2015    7    1.6780
 2015    8    1.0618
 2015    9    0.5424
 2015   10   -0.1699
 2015   11    0.6954
 2015   12   -0.0589
 2016    1    1.3918
 2016    2    1.0933
 2016    3    2.0383
 2016    4    0.0969
 2016    5    0.0124
 2016    6    2.5655
 2016    7    0.4066
 2016    8   -0.7385
 2016    9    2.3328
 2016   10   -0.1772
 2016   11   -1.5077
 2016   12   -0.7112
 2017    1   -0.9822
 2017    2   -0.0149
 2017    3    0.1561
 2017    4    0.6192
 2017    5    1.0528
 2017    6    0.5464
 2017    7    0.7284
 2017    8    0.7641
 2017    9    1.2961
 2017   10   -0.5676
 2017   11    0.7706
 2017   12    0.9839
 2018    1    1.2752
 2018    2    1.0411
 2018    3    0.1405
 2018    4   -1.1662
 2018    5   -0.0766
 2018    6   -0.0119
 2018    7    0.3768
 2018    8   -0.3428
 2018    9    1.4584
 2018   10    0.5303
 2018   11    0.9907
 2018   12    0.9299
 2019    1    0.6767
 2019    2   -0.4996
 2019    3    0.7446
 2019    4    0.3358
 2019    5    0.3346
 2019    6    1.4650
 2019    7   -0.3897
 2019    8   -1.0804
 2019    9    0.5630
 2019   10   -0.9252
 2019   11   -1.8398
 2019   12   -1.3599
 2020    1   -0.2312
 2020    2    0.2746
 2020    3    1.4264
 2020    4   -0.4752
 2020    5    0.5766
 2020    6    1.0708
 2020    7   -0.5464
 2020    8   -0.7205
 2020    9    0.1943
 2020   10    1.2636
 2020   11    0.8132
 2020   12    1.4813
 2021    1    1.0446
 2021    2    1.3435
 2021    3    0.0858
 2021    4    0.8274
 2021    5    0.3138
 2021    6    1.1792
 2021    7   -0.4595
 2021    8   -0.2268
 2021    9    1.3364
 2021   10    0.4532
 2021   11    1.3211
 2021   12    2.1548
 2022    1    0.8252
 2022    2    0.6432
 2022    3    0.5584
 2022    4    0.5319
 2022    5    0.0965
 2022    6   -0.8713
 2022    7    0.4467
 2022    8    0.7313
 2022    9    1.4685
 2022   10    0.3303
 2022   11    1.7134
 2022   12    1.7004
 2023    1    2.3037
 2023    2    0.5536
 2023    3   -0.2582
 2023    4   -0.9207
 2023    5    1.4518
 2023    6   -0.4379
 2023    7   -0.8183
 2023    8   -0.0382
 2023    9   -1.0504
 2023   10    0.5352
 2023   11    0.0965
 2023   12    1.5100
 2024    1    0.9220
 2024    2    1.0428
 2024    3   -0.0579
 2024    4    1.0055
 2024    5   -0.0731
 2024    6    0.2101
 2024    7   -0.5969
 2024    8   -2.1504
 2024    9    0.0978
 2024   10   -0.5670
 2024   11    1.0195
 2024   12   -0.8259
 2025    1   -0.0803
 2025    2   -0.2708
 2025    3    0.7332
 2025    4    1.1380
 2025    5    0.5086
 2025    6    0.2090
 2025    7    0.7531
 2025    8    0.3566
 2025    9   -0.7092
 2025   10   -1.2362
 2025   11   -1.3236
 2025   12   -1.1357
 2026    1    0.8476
 2026    2    0.4886
 2026    3    0.4920
 2026    4   -0.1252
 2026    5    0.5444
 2026    6    2.5064
