date,tmax,tmin,tmean,precip,soil,tdew,srad,vpd
1981-01-01,8.1,-1.56,1.9,0.0,0.36,-2.25,,0.5623672238517321
1981-01-02,14.41,-2.06,4.25,0.0,0.36,-5.81,,1.2456743755445132
1981-01-03,11.71,-3.76,2.1,0.0,0.36,-4.47,,0.9375330528931574
1981-01-04,11.76,-1.17,3.44,0.0,0.36,-4.53,,0.9440714626414182
1981-01-05,9.5,-1.76,3.4,0.0,0.36,-3.92,,0.7304167900559471
1981-01-06,4.38,-3.81,-1.03,0.0,0.36,-9.01,,0.5263243245271771
1981-01-07,8.52,-2.2,1.83,0.0,0.36,-8.88,,0.7992401960790549
1981-01-08,9.32,-3.19,1.14,0.0,0.36,-7.79,,0.8332360451366487
1981-01-09,4.63,-4.96,-1.18,0.0,0.36,-7.26,,0.4958816645841268
1981-01-10,9.67,-4.86,-0.3,0.0,0.36,-6.66,,0.8301167076876325
1981-01-11,6.38,-5.38,-1.38,0.0,0.36,-8.06,,0.6271905809466561
1981-01-12,13.01,-3.14,2.69,0.0,0.36,-13.26,,1.2789703305163698
1981-01-13,9.19,-2.67,1.35,0.0,0.36,-11.88,,0.9170567621494738
1981-01-14,6.82,-3.68,-0.16,0.0,0.36,-8.91,,0.6781581918866832
1981-01-15,5.11,-3.96,-0.22,0.41,0.36,-7.46,,0.5303250917183013
1981-01-16,-2.16,-7.3,-5.53,2.18,0.36,-10.0,,0.2354854826755225
1981-01-17,3.65,-7.42,-2.98,0.0,0.36,-8.33,,0.4675787087532829
1981-01-18,9.49,-4.5,0.98,0.0,0.36,-5.03,,0.7664039612241929
1981-01-19,7.0,-2.52,0.44,0.0,0.36,-6.41,,0.6236984007141835
1981-01-20,0.99,-5.02,-2.59,0.0,0.36,-9.33,,0.3549764942268699
1981-01-21,7.45,-7.48,-1.16,0.0,0.36,-11.48,,0.779371943015466
1981-01-22,11.66,-2.34,3.84,0.0,0.36,-11.3,,1.1138627302429063
1981-01-23,14.04,-0.5,4.86,0.0,0.36,-8.78,,1.2881798205799062
1981-01-24,13.68,-1.07,3.88,0.0,0.36,-8.7,,1.2491490554502036
1981-01-25,8.0,-4.86,1.15,0.0,0.36,-9.75,,0.781341883115529
1981-01-26,4.93,-5.03,-1.41,0.01,0.36,-11.29,,0.6102866666800593
1981-01-27,6.73,-3.36,0.03,0.0,0.36,-10.91,,0.7176978050915847
1981-01-28,10.24,-3.18,2.08,0.02,0.36,-7.76,,0.9071771339481695
1981-01-29,-0.02,-7.69,-4.48,2.44,0.36,-7.92,,0.27345347875126647
1981-01-30,4.93,-7.03,-2.33,0.09,0.36,-8.79,,0.5537251659512926
1981-01-31,-1.62,-8.01,-3.66,1.51,0.36,-8.34,,0.21682084046874978
1981-02-01,-4.14,-14.18,-8.81,0.03,0.36,-15.46,,0.2661754666699994
1981-02-02,1.94,-14.4,-5.66,0.0,0.36,-14.14,,0.49813164394446097
1981-02-03,4.91,-7.74,-2.28,0.0,0.36,-9.58,,0.5714742682691376
1981-02-04,1.62,-7.29,-3.41,0.0,0.36,-9.29,,0.38446996731787564
1981-02-05,3.44,-7.72,-2.65,0.0,0.36,-10.02,,0.4965000515685635
1981-02-06,8.63,-6.73,-0.45,0.01,0.36,-10.78,,0.8511652764217787
1981-02-07,1.44,-8.71,-3.87,0.06,0.36,-10.94,,0.41275660460205754
1981-02-08,6.84,-10.16,-2.56,0.02,0.36,-9.89,,0.7026909146276678
1981-02-09,1.44,-5.91,-3.07,0.19,0.36,-7.7,,0.33558951556952005
1981-02-10,-5.82,-17.7,-14.87,0.58,0.36,-21.73,,0.28854515958765825
1981-02-11,3.8,-16.73,-6.31,0.0,0.36,-18.83,,0.6640204695636194
1981-02-12,8.14,-4.86,0.47,0.0,0.36,-9.44,,0.7843849899650428
1981-02-13,12.38,-1.52,3.86,0.0,0.36,-8.58,,1.1185457061374078
1981-02-14,16.04,-0.58,5.75,0.0,0.36,-8.87,,1.5105730098543813
1981-02-15,13.04,-0.17,6.03,0.0,0.36,-5.59,,1.0990188622444703
1981-02-16,16.98,-0.51,6.95,0.0,0.36,-7.47,,1.586838566146573
1981-02-17,16.02,-0.33,7.08,0.0,0.36,-3.61,,1.3528365360224694
1981-02-18,14.29,-3.28,4.73,0.0,0.36,-7.63,,1.2848043753801255
1981-02-19,19.23,0.12,8.41,0.0,0.36,-6.33,,1.8486302380453243
1981-02-20,18.93,-0.75,8.73,0.11,0.36,-4.37,,1.7460553017954679
1981-02-21,5.63,-1.58,0.97,0.01,0.36,-8.01,,0.5773176918321681
1981-02-22,9.59,-2.1,2.6,0.0,0.35,-8.79,,0.8802974296499176
1981-02-23,14.88,-0.35,5.65,0.0,0.35,-7.21,,1.3366876794956517
1981-02-24,19.86,-2.16,8.03,0.0,0.35,-7.84,,1.9795330363899786
1981-02-25,18.68,-0.22,8.28,0.0,0.35,-6.28,,1.7719502593514216
1981-02-26,19.8,0.22,8.64,0.0,0.35,-4.35,,1.867060301282529
1981-02-27,12.9,0.09,5.67,0.0,0.35,-5.7,,1.0886944537223822
1981-02-28,11.48,-4.39,2.89,0.21,0.35,-4.47,,0.9167555164824641
1981-03-01,6.2,-1.34,2.46,8.95,0.36,-0.27,,0.34923490305733174
1981-03-02,9.16,-0.72,3.28,4.76,0.37,-0.09,,0.5537180410756839
1981-03-03,8.74,-0.25,3.36,14.1,0.38,1.12,,0.4656324037623535
1981-03-04,-0.12,-6.86,-2.73,15.18,0.4,-5.1,,0.18749761078847133
1981-03-05,8.48,-11.8,-1.38,0.0,0.4,-8.55,,0.788044983581262
1981-03-06,9.18,-4.97,1.94,6.72,0.42,-2.54,,0.6553975000719634
1981-03-07,0.5,-8.66,-4.02,8.7,0.42,-5.4,,0.22483381131570374
1981-03-08,5.61,-8.93,-2.15,0.03,0.42,-6.27,,0.5279100048023329
1981-03-09,8.61,-4.59,0.89,0.0,0.43,-4.99,,0.6966647043625103
1981-03-10,9.89,-3.9,2.28,0.0,0.43,-3.77,,0.7567528938732915
1981-03-11,10.5,-2.51,2.94,0.0,0.42,-2.02,,0.7430871481012578
1981-03-12,11.1,-0.75,4.9,0.0,0.42,-1.35,,0.7681333878180002
1981-03-13,13.1,-1.27,5.48,0.0,0.41,-4.89,,1.0828885684962406
1981-03-14,13.22,-0.04,5.49,0.05,0.41,-1.5,,0.9722098948776396
1981-03-15,14.18,-2.11,5.55,0.0,0.4,-6.29,,1.2357112022287995
1981-03-16,18.6,-1.58,8.34,0.36,0.4,-6.06,,1.7546958487829762
1981-03-17,9.43,-0.31,5.28,1.6,0.4,-2.82,,0.6855945407004185
1981-03-18,7.83,-3.24,1.05,0.04,0.39,-10.54,,0.7867077078014825
1981-03-19,12.68,-3.8,4.38,0.16,0.39,-5.95,,1.0749613141107948
1981-03-20,18.57,-0.25,7.89,1.19,0.39,-3.21,,1.6571288857542437
1981-03-21,1.57,-3.1,-0.22,9.02,0.39,-2.49,,0.17563405553623856
1981-03-22,10.17,-5.4,2.54,0.09,0.4,-3.62,,0.7745982027887299
1981-03-23,15.41,-1.08,6.99,0.26,0.4,-3.82,,1.2904312291604616
1981-03-24,10.99,0.47,4.25,1.98,0.4,-1.26,,0.754833053984262
1981-03-25,16.63,-2.12,7.25,0.0,0.4,-4.54,,1.4566382247430036
1981-03-26,21.88,2.29,12.26,0.05,0.39,-3.97,,2.1693673302128036
1981-03-27,21.25,6.4,12.95,8.06,0.39,-0.91,,1.953940221411436
1981-03-28,12.15,0.62,5.59,14.87,0.41,0.63,,0.7771177167489773
1981-03-29,13.19,-1.41,5.72,1.74,0.42,-2.04,,0.9906374489379286
1981-03-30,21.22,2.01,10.23,0.0,0.42,-3.99,,2.0662100268555443
1981-03-31,12.35,-1.12,4.99,0.09,0.42,-9.5,,1.1380190315778962
1981-04-01,20.97,-1.04,10.03,0.0,0.41,-8.1,,2.1506560682781783
1981-04-02,23.81,3.65,14.05,2.79,0.41,-4.23,,2.503603532826225
1981-04-03,10.54,-0.15,5.54,2.05,0.41,-1.71,,0.7342711652315537
1981-04-04,7.54,-0.34,3.21,0.07,0.4,-5.23,,0.6257428999509785
1981-04-05,13.8,-4.26,5.17,0.0,0.4,-9.02,,1.2692708360967948
1981-04-06,22.65,-0.74,11.78,0.01,0.4,-6.68,,2.3801272127481465
1981-04-07,21.98,2.32,10.8,0.33,0.39,-0.85,,2.066676989277127
1981-04-08,13.29,0.33,6.82,0.34,0.39,-2.49,,1.0178359264517494
1981-04-09,23.74,2.2,12.6,0.0,0.39,-2.15,,2.416084113264364
1981-04-10,24.49,4.67,14.06,0.0,0.39,-0.4,,2.479564843894202
1981-04-11,23.84,4.9,14.49,0.0,0.38,-0.63,,2.3720248906730013
1981-04-12,24.91,5.62,15.11,0.0,0.38,-0.71,,2.5708847679893427
1981-04-13,17.21,3.08,10.59,0.0,0.38,-1.93,,1.4335186924947276
1981-04-14,16.07,-0.21,7.9,0.0,0.37,-4.56,,1.390971963903449
1981-04-15,13.75,4.23,8.11,0.0,0.37,-0.79,,0.9962912563624141
1981-04-16,24.32,5.05,15.19,0.0,0.37,-0.63,,2.458356092052587
1981-04-17,27.73,7.83,17.67,0.0,0.37,0.2,,3.1011633945993995
1981-04-18,18.11,8.5,12.77,2.56,0.37,7.74,,1.024388210429989
1981-04-19,14.48,8.78,11.52,17.38,0.4,8.77,,0.5187421661915506
1981-04-20,19.1,8.6,12.57,3.27,0.41,7.54,,1.1715202389070678
1981-04-21,24.5,6.76,14.98,1.31,0.41,2.11,,2.3634333003344654
1981-04-22,15.71,3.46,9.62,0.03,0.4,-1.58,,1.2408445672336827
1981-04-23,21.99,2.03,12.98,0.0,0.4,-1.85,,2.109025447186276
1981-04-24,26.35,7.27,17.18,0.0,0.39,0.49,,2.7986894427423983
1981-04-25,29.06,9.62,19.85,0.0,0.39,1.18,,3.3542986492155484
1981-04-26,30.8,10.78,20.58,0.18,0.38,0.11,,3.8259840119736075
1981-04-27,29.89,12.62,20.58,1.4,0.38,0.18,,3.597519490478282
1981-04-28,23.31,9.12,15.75,1.23,0.38,4.45,,2.0231657335946505
1981-04-29,26.6,10.38,17.76,0.0,0.38,2.07,,2.7733386484114027
1981-04-30,25.59,9.75,16.9,0.01,0.37,6.41,,2.318838295921462
1981-05-01,24.26,9.2,17.5,0.27,0.37,7.29,,2.008817506106978
1981-05-02,29.53,11.18,19.71,3.69,0.37,7.43,,3.098184531675721
1981-05-03,20.3,8.82,14.62,11.89,0.39,9.67,,1.1809886145959458
1981-05-04,17.42,3.75,9.97,1.24,0.4,2.84,,1.2407049881621026
1981-05-05,19.96,3.61,12.11,2.52,0.4,3.05,,1.5720381590013832
1981-05-06,18.29,6.34,11.48,5.24,0.4,6.02,,1.1655211218476307
1981-05-07,18.2,7.38,11.67,2.15,0.4,5.6,,1.1805603383364578
1981-05-08,16.66,4.37,9.6,2.76,0.4,1.5,,1.2155829957786164
1981-05-09,11.31,1.13,6.22,0.34,0.4,-1.89,,0.8082906473422485
1981-05-10,20.71,-1.02,10.66,0.0,0.4,-3.48,,1.9706900444719535
1981-05-11,24.53,2.44,11.96,1.87,0.39,-0.17,,2.4768843240959577
1981-05-12,20.63,3.67,11.86,6.45,0.39,1.62,,1.7443608748950974
1981-05-13,10.44,1.63,5.6,5.05,0.41,0.37,,0.6371968934924575
1981-05-14,20.96,-0.35,11.17,1.45,0.41,-0.11,,1.8749739118656579
1981-05-15,25.81,5.56,15.49,2.22,0.41,4.64,,2.473238266065742
1981-05-16,16.15,7.88,11.64,24.94,0.43,7.75,,0.7811417726089394
1981-05-17,16.44,6.56,10.75,7.89,0.45,6.36,,0.9113489055317991
1981-05-18,11.1,2.9,6.03,2.34,0.46,2.7,,0.5796822576520594
1981-05-19,17.36,1.94,9.61,0.0,0.45,0.94,,1.3285097274039863
1981-05-20,21.32,4.2,12.9,0.01,0.44,3.59,,1.7462224765828385
1981-05-21,23.21,9.42,16.23,0.0,0.43,1.49,,2.1650227482934845
1981-05-22,24.73,7.05,16.31,0.01,0.42,1.71,,2.426057284668731
1981-05-23,21.03,8.68,14.71,0.07,0.41,5.43,,1.5927486762217054
1981-05-24,21.03,7.95,14.66,1.4,0.41,6.53,,1.5216108178777503
1981-05-25,22.89,10.0,16.66,2.27,0.4,7.66,,1.742620975370246
1981-05-26,25.17,10.67,18.28,1.75,0.4,9.71,,1.9956944215331043
1981-05-27,23.26,12.13,17.89,10.38,0.41,13.5,,1.3064557074259981
1981-05-28,20.93,13.02,15.98,7.18,0.42,11.3,,1.1372099025614688
1981-05-29,19.93,10.22,15.31,1.64,0.42,9.93,,1.1059537598507796
1981-05-30,22.02,7.43,15.52,1.08,0.42,6.95,,1.648732014138456
1981-05-31,27.05,10.65,18.55,2.39,0.41,8.64,,2.4553754514143957
1981-06-01,26.67,11.67,19.11,0.27,0.41,6.37,,2.537558672719075
1981-06-02,25.27,11.05,17.46,1.16,0.4,8.57,,2.103948918453596
1981-06-03,21.02,12.46,17.02,10.22,0.42,12.36,,1.0538549055266635
1981-06-04,25.26,12.03,19.14,0.01,0.41,10.78,,1.923529342524346
1981-06-05,27.64,14.03,20.69,0.07,0.41,9.4,,2.5219624245635996
1981-06-06,30.52,13.07,22.53,0.44,0.4,11.1,,3.0498064144440904
1981-06-07,35.24,15.26,25.55,0.01,0.39,8.94,,4.554280922136221
1981-06-08,35.54,15.14,25.89,0.0,0.39,8.69,,4.668446086157573
1981-06-09,36.04,17.42,25.75,0.2,0.38,9.48,,4.768225046310325
1981-06-10,29.0,14.66,21.6,0.55,0.38,10.07,,2.7719430540833407
1981-06-11,32.94,14.84,23.42,9.89,0.38,13.31,,3.484828809154509
1981-06-12,35.04,16.1,25.46,2.83,0.39,8.99,,4.487838806698195
1981-06-13,34.49,16.08,25.14,0.08,0.39,0.08,,4.851747320682445
1981-06-14,25.16,9.8,16.18,2.72,0.38,4.36,,2.3639942359908064
1981-06-15,20.66,7.17,13.84,0.16,0.38,-3.16,,1.95172855203034
1981-06-16,27.43,6.77,18.11,0.0,0.38,-2.65,,3.153708318161227
1981-06-17,33.1,12.55,23.22,0.0,0.37,-1.04,,4.492344232714066
1981-06-18,22.31,9.93,16.44,0.0,0.37,-0.65,,2.1117992980672575
1981-06-19,32.65,10.9,22.38,0.0,0.37,3.4,,4.1526834332006874
1981-06-20,34.21,13.4,24.65,0.06,0.36,6.68,,4.401716116614564
1981-06-21,34.58,16.47,26.31,0.04,0.36,10.37,,4.2347219321061536
1981-06-22,34.28,16.15,25.41,0.19,0.36,11.11,,4.080407443113161
1981-06-23,37.56,18.61,27.38,0.1,0.36,12.47,,5.022127732240289
1981-06-24,32.21,18.26,24.94,0.01,0.36,10.64,,3.5298618996091204
1981-06-25,32.05,17.77,25.15,0.08,0.35,12.3,,3.337674860210714
1981-06-26,37.4,18.1,27.44,0.17,0.35,12.45,,4.9680932242098255
1981-06-27,36.95,20.0,27.66,2.52,0.35,11.7,,4.882688024752215
1981-06-28,33.41,18.41,24.44,5.23,0.36,14.25,,3.522264932281616
1981-06-29,27.32,16.52,21.11,0.13,0.36,13.41,,2.0944073802102943
1981-06-30,29.69,14.53,22.67,0.43,0.36,13.62,,2.6085927529536983
1981-07-01,27.45,17.73,22.7,4.58,0.37,16.1,,1.8306220691847033
1981-07-02,28.11,17.06,22.27,0.98,0.37,14.85,,2.115260718568116
1981-07-03,29.14,14.41,21.7,0.12,0.37,8.12,,2.956631788383288
1981-07-04,30.85,15.11,23.69,0.34,0.37,8.85,,3.317890640498409
1981-07-05,33.21,17.75,25.12,0.0,0.36,7.71,,4.037939246399192
1981-07-06,35.82,15.13,25.94,0.0,0.36,7.05,,4.877271274910706
1981-07-07,34.65,16.64,26.06,0.04,0.36,9.64,,4.316168063887613
1981-07-08,28.98,18.23,23.65,0.02,0.36,10.57,,2.725389250932279
1981-07-09,28.48,16.48,23.16,0.01,0.35,12.87,,2.401785631224364
1981-07-10,35.65,19.89,28.1,0.12,0.35,12.31,,4.396362395870447
1981-07-11,36.85,20.34,28.86,0.15,0.35,11.18,,4.89522645630738
1981-07-12,37.66,19.97,29.05,1.86,0.35,11.94,,5.1069038756121365
1981-07-13,35.67,19.66,28.2,1.58,0.35,12.85,,4.351131863836873
1981-07-14,29.94,20.63,25.07,0.0,0.35,13.21,,2.71001446737544
1981-07-15,34.91,18.06,26.87,0.85,0.35,12.15,,4.17827530840362
1981-07-16,32.96,19.56,25.25,11.24,0.35,14.65,,3.3515760393444776
1981-07-17,26.25,18.47,21.78,11.65,0.38,16.9,,1.4859541007058799
1981-07-18,29.16,15.39,22.34,2.23,0.39,13.85,,2.4597544410656256
1981-07-19,34.46,16.4,25.92,0.53,0.39,10.17,,4.215000177478903
1981-07-20,34.46,16.63,25.72,0.0,0.38,6.98,,4.456538330582213
1981-07-21,36.66,17.89,27.11,0.29,0.37,6.08,,5.219238363186522
1981-07-22,30.28,17.1,23.68,1.1,0.37,12.17,,2.8933232714642845
1981-07-23,35.26,17.11,26.62,0.36,0.37,11.27,,4.367525929726313
1981-07-24,30.49,18.21,23.96,4.59,0.37,13.9,,2.7755245386616183
1981-07-25,29.16,17.1,22.32,6.68,0.38,14.89,,2.3495579724801736
1981-07-26,22.57,16.95,19.01,6.92,0.39,15.15,,1.0153085987193184
1981-07-27,25.66,15.48,19.83,1.35,0.39,13.59,,1.737903534031707
1981-07-28,29.76,13.35,21.69,0.61,0.39,13.47,,2.640558861308242
1981-07-29,34.42,15.8,25.2,0.42,0.38,11.52,,4.08613723580741
1981-07-30,36.03,18.83,27.12,0.1,0.38,11.11,,4.628440162970248
1981-07-31,35.88,19.72,27.06,0.88,0.37,11.72,,4.525116122005428
1981-08-01,33.7,18.99,24.65,1.29,0.37,15.58,,3.4609728374682747
1981-08-02,32.67,17.23,24.65,0.03,0.37,13.21,,3.4193132391171126
1981-08-03,35.17,17.16,26.39,0.58,0.37,12.46,,4.230050060663187
1981-08-04,35.33,19.99,27.75,0.48,0.36,14.29,,4.097110701409994
1981-08-05,35.7,19.8,27.17,0.93,0.36,14.09,,4.235937667960917
1981-08-06,31.45,14.49,21.93,0.36,0.36,13.62,,3.0493694910866846
1981-08-07,27.52,13.72,20.17,0.0,0.36,6.1,,2.733960687135736
1981-08-08,28.92,12.31,21.26,0.0,0.36,4.61,,3.1383494957576925
1981-08-09,21.5,11.94,16.78,2.8,0.36,10.76,,1.2725013556123927
1981-08-10,23.02,11.07,17.13,2.06,0.36,9.73,,1.606916669236167
1981-08-11,25.96,13.8,19.32,2.33,0.36,11.18,,2.0249962642458357
1981-08-12,21.23,14.09,17.86,2.3,0.37,14.17,,0.9060322907103981
1981-08-13,30.75,14.73,22.87,1.16,0.37,12.16,,3.011614302205209
1981-08-14,30.59,17.31,23.57,5.78,0.37,12.16,,2.9713549828171404
1981-08-15,23.77,16.4,19.06,5.21,0.38,13.82,,1.3629444154601975
1981-08-16,24.25,15.12,19.25,7.76,0.39,13.26,,1.5055516312396509
1981-08-17,19.31,13.84,16.55,5.51,0.4,12.43,,0.7974211385670227
1981-08-18,26.84,11.99,19.45,0.04,0.4,11.02,,2.217549356925114
1981-08-19,29.73,12.56,21.52,0.0,0.39,10.8,,2.88243112554167
1981-08-20,31.68,15.01,23.26,0.17,0.39,11.5,,3.312481896298321
1981-08-21,32.11,14.75,23.61,3.0,0.38,11.81,,3.399322690246289
1981-08-22,28.34,14.99,21.54,4.89,0.39,13.47,,2.310963556804433
1981-08-23,30.22,13.25,21.84,0.0,0.39,8.88,,3.1581150491171677
1981-08-24,33.0,15.7,23.11,0.47,0.38,9.11,,3.8735280085141763
1981-08-25,32.34,15.55,23.97,0.0,0.38,9.93,,3.624680492008978
1981-08-26,28.93,15.16,21.58,2.28,0.38,10.49,,2.7206323760752116
1981-08-27,25.27,11.69,18.12,0.06,0.37,8.05,,2.1426550929899184
1981-08-28,28.77,11.53,20.73,0.3,0.37,9.97,,2.7272465815815217
1981-08-29,34.31,16.81,24.94,0.13,0.37,9.06,,4.259041122463363
1981-08-30,33.34,16.92,25.27,0.08,0.37,8.73,,3.99958916195129
1981-08-31,26.15,15.5,20.52,0.03,0.36,8.24,,2.3009305627493135
1981-09-01,27.89,11.13,19.4,0.01,0.36,6.75,,2.7709984744910905
1981-09-02,34.08,13.94,23.58,1.43,0.36,8.43,,4.238405537134386
1981-09-03,22.53,13.04,17.39,5.29,0.37,10.54,,1.4574457412685125
1981-09-04,27.13,12.46,19.28,1.23,0.37,12.52,,2.141236455841807
1981-09-05,26.55,14.25,20.52,0.01,0.37,12.33,,2.038912573014074
1981-09-06,25.52,12.86,18.93,0.01,0.37,11.33,,1.92544304337034
1981-09-07,23.82,10.21,16.82,0.0,0.37,4.43,,2.1136250837440596
1981-09-08,27.94,10.88,19.05,0.01,0.37,3.33,,2.9910469042179413
1981-09-09,30.23,12.52,21.18,0.06,0.36,4.33,,3.46701764528808
1981-09-10,30.98,13.93,22.24,0.28,0.36,7.49,,3.451408298219116
1981-09-11,28.75,15.31,20.65,0.0,0.36,5.89,,3.0201567439396877
1981-09-12,25.95,13.61,19.8,0.0,0.36,9.71,,2.147214737615015
1981-09-13,29.56,13.41,21.06,0.0,0.36,8.19,,3.050418645627561
1981-09-14,29.98,14.13,21.61,3.31,0.36,7.91,,3.1719892171943647
1981-09-15,24.59,11.25,17.65,1.51,0.36,8.09,,2.011871456046595
1981-09-16,16.98,8.68,12.0,0.33,0.36,4.7,,1.0810633933856466
1981-09-17,22.51,6.03,13.97,0.0,0.36,4.37,,1.8925578632498126
1981-09-18,28.09,8.5,17.67,0.0,0.36,4.0,,2.9865225639241975
1981-09-19,31.8,11.51,21.64,0.01,0.36,-0.32,,4.104580064204551
1981-09-20,29.58,14.09,20.93,0.24,0.36,3.68,,3.346787874022649
1981-09-21,29.78,11.46,20.17,0.02,0.35,4.91,,3.3229700078264783
1981-09-22,30.28,11.3,20.57,0.0,0.35,5.12,,3.4320421513031105
1981-09-23,30.45,15.2,21.63,1.0,0.35,8.49,,3.2447192238811846
1981-09-24,23.39,13.15,17.79,6.13,0.36,12.63,,1.4144921992332604
1981-09-25,28.39,12.31,20.18,0.05,0.36,7.94,,2.79822549780675
1981-09-26,22.68,10.61,15.57,0.0,0.36,-3.91,,2.2981706195286953
1981-09-27,26.27,7.96,16.75,0.0,0.36,0.59,,2.7779352412800526
1981-09-28,32.17,11.63,20.95,0.0,0.36,4.19,,3.9764420550675474
1981-09-29,32.15,14.25,23.11,0.0,0.36,3.23,,4.025002051580044
1981-09-30,21.26,9.2,16.49,0.0,0.35,4.93,,1.658944284368315
1981-10-01,23.09,6.26,14.35,0.0,0.35,2.01,,2.118620803625693
1981-10-02,27.49,9.26,18.09,1.47,0.35,7.81,,2.610159496527346
1981-10-03,21.01,10.65,15.25,4.31,0.36,8.1,,1.4084363100489141
1981-10-04,24.93,7.64,15.52,0.25,0.36,3.89,,2.3476073516208373
1981-10-05,20.51,7.27,13.47,0.1,0.36,3.66,,1.6191253249979294
1981-10-06,18.16,4.61,11.09,0.0,0.36,3.06,,1.3238459155676803
1981-10-07,23.21,6.22,13.64,0.0,0.36,4.61,,1.9964741760830989
1981-10-08,26.39,7.8,15.74,0.22,0.36,5.13,,2.559460019073072
1981-10-09,18.15,8.7,12.18,0.02,0.36,5.02,,1.2100066838984058
1981-10-10,21.95,6.68,13.08,0.0,0.36,3.89,,1.8288982440498742
1981-10-11,25.03,9.03,16.49,0.0,0.36,4.16,,2.350977576587152
1981-10-12,23.77,9.53,15.74,0.0,0.36,1.61,,2.2567838857637517
1981-10-13,18.29,5.33,10.98,0.08,0.36,3.64,,1.3090428221902737
1981-10-14,17.88,5.46,9.44,0.54,0.36,3.6,,1.257820232438987
1981-10-15,14.72,3.74,8.04,2.33,0.36,3.54,,0.8875431891488882
1981-10-16,18.17,2.87,9.6,0.81,0.36,2.27,,1.3667614212641586
1981-10-17,12.72,1.36,5.92,0.01,0.36,-4.54,,1.0344377150078379
1981-10-18,13.93,-0.63,6.44,0.0,0.36,-5.76,,1.193877236014289
1981-10-19,20.83,2.41,10.44,0.0,0.36,-6.12,,2.0744795035992163
1981-10-20,19.89,4.42,10.72,0.0,0.36,-3.92,,1.8654027620889522
1981-10-21,8.14,-1.86,2.42,0.03,0.36,-3.5,,0.6113910201295601
1981-10-22,9.19,-3.75,1.63,0.01,0.36,-5.73,,0.7644872069872407
1981-10-23,12.25,-6.06,2.19,0.54,0.36,-6.07,,1.0376935867243782
1981-10-24,7.13,-0.46,2.52,3.94,0.36,-1.74,,0.47318993353691463
1981-10-25,8.59,-2.94,2.74,0.11,0.36,-4.33,,0.6735498652456353
1981-10-26,19.28,-0.36,9.31,0.0,0.36,-3.85,,1.7766562689134155
1981-10-27,21.32,4.3,11.53,0.0,0.36,-0.96,,1.9668905938437238
1981-10-28,23.31,7.67,13.79,0.01,0.36,-2.65,,2.3599792785367457
1981-10-29,22.32,6.94,14.43,0.02,0.36,-0.45,,2.1048574334235397
1981-10-30,12.21,1.33,6.63,0.04,0.36,-1.33,,0.8679568178726927
1981-10-31,10.82,-0.21,4.83,0.14,0.36,-4.53,,0.8606401462045676
1981-11-01,14.37,-1.49,5.94,4.39,0.36,-2.52,,1.129943013740737
1981-11-02,12.35,4.03,7.43,4.34,0.37,4.47,,0.5947032327724
1981-11-03,12.79,1.93,7.06,1.31,0.38,2.88,,0.7259828741129604
1981-11-04,17.25,1.22,7.77,0.0,0.38,-0.15,,1.3644783813890058
1981-11-05,12.01,0.82,5.29,0.0,0.38,-2.26,,0.8861429921403825
1981-11-06,17.63,0.91,7.65,0.0,0.38,0.41,,1.3871904029486952
1981-11-07,18.2,3.74,9.91,0.0,0.37,-1.59,,1.5464553075378435
1981-11-08,8.25,-2.15,3.46,0.0,0.37,-5.16,,0.6750859408151244
1981-11-09,13.98,-2.74,4.15,0.0,0.37,-6.05,,1.2077763540685813
1981-11-10,15.52,0.64,6.4,0.0,0.37,-5.54,,1.359067760497688
1981-11-11,16.49,1.38,6.87,0.0,0.37,-5.55,,1.4720752109372945
1981-11-12,17.55,1.03,7.6,0.0,0.37,-5.14,,1.5895884714025315
1981-11-13,19.53,2.39,9.96,0.0,0.37,-3.61,,1.8033355000055091
1981-11-14,21.76,5.53,12.33,0.0,0.37,0.3,,1.981235852834823
1981-11-15,15.31,4.51,8.4,0.0,0.37,-3.86,,1.280609809826216
1981-11-16,21.06,5.13,11.39,0.0,0.37,1.01,,1.8390027016169268
1981-11-17,22.16,5.36,11.93,0.0,0.36,-0.27,,2.0709239217283426
1981-11-18,11.32,0.93,6.66,0.06,0.36,-2.39,,0.8285211369317538
1981-11-19,4.01,-5.06,-0.86,0.06,0.36,-7.35,,0.46214004643277096
1981-11-20,11.22,-4.97,2.44,0.0,0.36,-10.45,,1.0563618132435622
1981-11-21,13.26,-1.25,4.9,0.0,0.36,-5.95,,1.1316910288541449
1981-11-22,17.56,2.07,8.28,0.0,0.36,-2.58,,1.5023811658145907
1981-11-23,9.88,0.0,4.0,0.0,0.36,-6.67,,0.8474547884576182
1981-11-24,21.52,1.19,9.78,0.0,0.36,-3.62,,2.1001362674456945
1981-11-25,15.37,-2.46,7.58,0.32,0.36,-4.17,,1.297917283173856
1981-11-26,4.27,-6.75,-2.01,0.0,0.36,-9.98,,0.5426817207349205
1981-11-27,5.3,-5.61,-1.47,0.04,0.36,-8.41,,0.5669155308343985
1981-11-28,7.2,-4.89,-0.3,0.0,0.36,-7.01,,0.6546303320086072
1981-11-29,9.73,-3.62,2.29,2.15,0.36,-1.77,,0.6694644411095844
1981-11-30,3.6,-2.98,-0.09,0.3,0.37,-7.56,,0.4446364128135887
1981-12-01,3.7,-4.56,-1.59,0.0,0.37,-11.95,,0.5518090929538567
1981-12-02,8.55,-3.24,1.41,0.0,0.36,-8.39,,0.7892833030667404
1981-12-03,6.24,-5.27,0.7,0.0,0.36,-10.4,,0.6739884880504277
1981-12-04,11.23,-5.06,1.85,0.0,0.36,-8.95,,1.0225115612309403
1981-12-05,13.89,0.13,5.04,0.0,0.36,-6.86,,1.2219519107210002
1981-12-06,18.68,1.79,7.79,0.0,0.36,-5.83,,1.7585478777091526
1981-12-07,14.3,2.18,6.91,0.0,0.36,-3.03,,1.1414629330066413
1981-12-08,15.08,0.59,5.68,0.0,0.36,-1.22,,1.1554996518168614
1981-12-09,15.02,0.09,5.99,0.0,0.36,-1.72,,1.1691016819933684
1981-12-10,13.65,1.48,6.52,0.0,0.36,-4.1,,1.1118043303398344
1981-12-11,7.74,-0.49,3.51,0.0,0.36,-0.16,,0.45019554367846915
1981-12-12,9.22,-3.86,1.61,0.04,0.36,-3.67,,0.699562932418917
1981-12-13,8.89,-5.3,0.7,0.05,0.36,-4.56,,0.7040964795361058
1981-12-14,9.51,-6.25,0.26,0.0,0.36,-6.7,,0.818407261873169
1981-12-15,9.36,-4.8,1.18,0.02,0.36,-4.3,,0.7321804897288248
1981-12-16,2.23,-7.29,-2.17,0.05,0.36,-9.32,,0.4158446103641011
1981-12-17,1.15,-7.31,-3.8,0.01,0.36,-12.08,,0.4219658282043457
1981-12-18,5.24,-5.1,-1.46,0.0,0.36,-13.9,,0.6784733735606762
1981-12-19,9.92,-2.43,2.33,0.0,0.36,-7.21,,0.8658670871022618
1981-12-20,16.06,0.61,5.3,0.02,0.36,-1.03,,1.2587637829735758
1981-12-21,9.68,-1.02,2.95,2.02,0.36,-3.04,,0.713711621588824
1981-12-22,1.14,-5.16,-2.51,1.05,0.36,-9.96,,0.3767551101287629
1981-12-23,-0.69,-7.16,-4.9,0.08,0.36,-14.05,,0.3747952519915696
1981-12-24,2.85,-8.53,-3.67,0.0,0.36,-16.31,,0.5789923482718053
1981-12-25,4.11,-6.38,-1.33,0.0,0.36,-10.08,,0.5356760810402112
1981-12-26,0.7,-5.08,-2.54,0.02,0.36,-11.5,,0.3891659985403392
1981-12-27,-0.47,-7.49,-3.91,0.03,0.36,-10.52,,0.31608064920661977
1981-12-28,-0.46,-10.88,-6.53,0.05,0.36,-15.8,,0.4124587543109657
1981-12-29,5.63,-9.63,-3.29,0.0,0.36,-13.34,,0.6930752597837012
1981-12-30,10.51,-3.94,2.11,0.0,0.36,-4.64,,0.8377326694263156
1981-12-31,1.76,-4.71,-2.22,0.19,0.36,-9.94,,0.40653939337962336
1982-01-01,7.52,-6.11,-0.16,0.29,0.36,-5.8,,0.641932265702598
1982-01-02,0.6,-7.3,-3.27,0.03,0.36,-10.13,,0.3552137084128772
1982-01-03,0.03,-9.87,-5.78,0.02,0.36,-15.07,,0.42277569817449046
1982-01-04,4.17,-8.58,-2.48,0.0,0.36,-13.98,,0.6158497435938675
1982-01-05,7.66,-3.98,0.04,0.17,0.36,-7.73,,0.7067087871905214
1982-01-06,-4.59,-11.38,-8.34,0.1,0.36,-14.08,,0.2289756711170302
1982-01-07,-1.83,-13.37,-8.09,0.0,0.36,-19.48,,0.40372556906537765
1982-01-08,4.95,-9.68,-2.91,0.0,0.36,-14.31,,0.667628444129198
1982-01-09,7.14,-9.37,-1.45,0.34,0.36,-9.66,,0.7180209972495817
1982-01-10,-8.72,-15.89,-12.8,0.75,0.36,-18.15,,0.16993782590246875
1982-01-11,5.61,-13.41,-5.03,0.53,0.36,-11.72,,0.6611458414267843
1982-01-12,-5.17,-12.17,-9.33,1.17,0.36,-13.96,,0.20823537560953612
1982-01-13,-0.46,-11.63,-5.99,0.0,0.36,-12.27,,0.35245352636976923
1982-01-14,7.23,-4.64,0.21,0.0,0.36,-8.35,,0.6924361081206799
1982-01-15,5.55,-10.17,-0.69,0.02,0.36,-9.27,,0.6036862483149545
1982-01-16,0.61,-12.31,-7.1,0.0,0.36,-13.49,,0.42276634344200703
1982-01-17,11.78,-4.38,3.99,0.0,0.36,-5.37,,0.9728583222469553
1982-01-18,10.92,-1.12,3.0,0.0,0.37,-5.17,,0.8899798211437638
1982-01-19,8.96,-2.17,1.88,0.0,0.37,-5.19,,0.7298239053381455
1982-01-20,9.67,-2.59,1.35,0.0,0.37,-9.42,,0.9019431482910145
1982-01-21,5.74,-5.61,-1.38,0.27,0.36,-6.4,,0.5399592451021533
1982-01-22,-2.08,-11.11,-6.48,0.5,0.37,-12.34,,0.2874425821538915
1982-01-23,4.31,-11.31,-4.14,0.0,0.36,-13.91,,0.6227887907609044
1982-01-24,11.91,-3.61,2.67,0.0,0.36,-5.79,,0.9976922778879231
1982-01-25,7.73,-4.16,0.56,0.0,0.36,-7.44,,0.7039525529561914
1982-01-26,18.87,-1.39,6.29,0.0,0.36,-4.91,,1.7555709941596864
1982-01-27,9.02,-3.85,2.84,0.0,0.36,-7.63,,0.805477941703351
1982-01-28,7.02,-3.81,1.15,0.0,0.36,-7.64,,0.659367794654933
1982-01-29,2.0,-4.77,-0.78,0.02,0.36,-7.49,,0.357745535740516
1982-01-30,6.84,-5.26,-0.51,0.0,0.36,-8.59,,0.6716033979347977
1982-01-31,7.49,-3.4,1.46,0.04,0.36,-7.67,,0.6930045110177798
1982-02-01,-1.28,-6.94,-3.55,3.18,0.36,-6.82,,0.18978349104690911
1982-02-02,-2.74,-7.8,-5.86,1.09,0.36,-11.64,,0.2485895315709316
1982-02-03,-7.93,-13.66,-9.97,1.35,0.36,-13.93,,0.12814941676974062
1982-02-04,-14.13,-19.39,-16.65,0.48,0.36,-20.49,,0.08523484195535658
1982-02-05,-8.97,-20.94,-15.79,0.15,0.36,-22.86,,0.21301471042644524
1982-02-06,2.17,-17.43,-9.03,0.0,0.36,-19.9,,0.5885677598710684
1982-02-07,1.47,-12.4,-6.65,0.0,0.36,-16.38,,0.5095761477571541
1982-02-08,-8.33,-13.48,-11.31,0.2,0.36,-13.75,,0.11472157564892044
1982-02-09,-1.65,-14.67,-9.57,0.01,0.36,-15.59,,0.3598876248273569
1982-02-10,1.41,-10.02,-5.33,0.21,0.36,-14.01,,0.46971270434278584
1982-02-11,-2.39,-8.45,-5.74,0.22,0.36,-10.03,,0.22734622761456413
1982-02-12,6.07,-8.87,-1.94,0.0,0.36,-10.96,,0.6749741465121482
1982-02-13,13.54,-5.31,2.25,0.15,0.37,-12.17,,1.3113715263897683
1982-02-14,14.77,0.31,5.88,0.0,0.37,-4.89,,1.2555495830948005
1982-02-15,15.03,0.76,6.56,0.11,0.37,-3.01,,1.2193816827232409
1982-02-16,17.63,-1.29,7.23,0.73,0.37,-0.89,,1.4441060994757622
1982-02-17,12.33,-1.77,5.17,0.02,0.37,-4.0,,0.9791167619357335
1982-02-18,13.87,-2.38,5.13,0.0,0.37,-5.65,,1.1843333890453958
1982-02-19,17.85,-1.25,6.97,0.0,0.37,-5.61,,1.6425416955826335
1982-02-20,18.68,0.11,7.65,0.0,0.36,-5.49,,1.7481466594428783
1982-02-21,20.28,1.85,9.98,0.0,0.36,-3.29,,1.8999911853567375
1982-02-22,21.94,0.42,9.4,0.11,0.36,-4.24,,2.1881606452582107
1982-02-23,17.1,-3.5,5.26,0.0,0.36,-4.01,,1.4961249939266859
1982-02-24,6.44,-6.44,0.18,0.03,0.36,-11.71,,0.714765812368073
1982-02-25,2.07,-5.11,-2.58,0.09,0.36,-8.06,,0.376377397034775
1982-02-26,9.33,-5.35,0.33,0.0,0.36,-6.74,,0.8052330173357745
1982-02-27,15.03,-3.14,6.16,0.0,0.36,-4.92,,1.284900513037458
1982-02-28,14.3,0.49,5.91,0.0,0.36,-5.18,,1.214540104870677
1982-03-01,20.06,-1.48,9.23,0.0,0.36,-5.94,,1.9549358527561393
1982-03-02,15.95,-0.28,8.98,1.0,0.36,-0.1,,1.2061187453649727
1982-03-03,-0.48,-6.73,-2.94,1.33,0.36,-6.2,,0.20548076967786244
1982-03-04,0.84,-6.48,-3.4,0.89,0.36,-6.89,,0.28473245894563975
1982-03-05,0.88,-7.57,-4.44,0.16,0.36,-10.95,,0.38615520136997267
1982-03-06,4.86,-5.11,-1.22,0.0,0.36,-9.55,,0.5677501638357286
1982-03-07,8.07,-4.79,1.33,0.0,0.36,-8.57,,0.7580922281954883
1982-03-08,9.35,-4.12,1.81,0.0,0.36,-6.39,,0.7967479269130994
1982-03-09,16.25,-3.77,6.48,0.0,0.36,-6.05,,1.4587707798940375
1982-03-10,19.26,2.28,9.47,0.0,0.36,-5.66,,1.832761177068397
1982-03-11,18.81,0.51,9.41,0.0,0.36,-2.55,,1.6651595546814082
1982-03-12,13.78,-0.63,7.48,0.01,0.36,-6.71,,1.2063969656152738
1982-03-13,13.92,-1.97,5.24,0.71,0.36,-8.57,,1.2705227407468471
1982-03-14,14.29,-0.35,5.24,0.05,0.36,-1.74,,1.0912920651390676
1982-03-15,17.26,0.29,7.1,0.0,0.36,-0.17,,1.3666037767950217
1982-03-16,16.47,1.19,8.63,0.0,0.36,-5.75,,1.4758117146103493
1982-03-17,18.67,2.07,10.35,0.01,0.35,-5.76,,1.7550792491569118
1982-03-18,10.88,1.76,6.46,0.06,0.35,1.26,,0.633145754391044
1982-03-19,11.83,0.54,6.31,0.02,0.35,-8.64,,1.0688662288953492
1982-03-20,9.06,-5.74,1.85,0.0,0.35,-12.38,,0.9166358635522817
1982-03-21,7.72,-7.24,0.2,0.0,0.35,-11.76,,0.8042693691046985
1982-03-22,12.36,-2.87,4.35,0.0,0.35,-10.19,,1.154773649168577
1982-03-23,13.45,-2.58,5.16,0.03,0.35,-9.69,,1.249619521736395
1982-03-24,15.98,-4.97,5.53,0.23,0.35,-7.18,,1.4596105582038783
1982-03-25,8.39,-6.82,0.51,0.0,0.35,-9.95,,0.8147528629729555
1982-03-26,11.25,-2.2,4.57,0.26,0.35,-4.78,,0.9064229841550198
1982-03-27,8.23,-1.56,2.46,0.54,0.35,-3.61,,0.6219155295188427
1982-03-28,18.6,-1.95,8.24,0.03,0.35,-2.45,,1.633053499048977
1982-03-29,18.84,4.39,10.17,0.01,0.35,-5.05,,1.7559748287641423
1982-03-30,11.56,-1.13,5.1,0.07,0.35,-13.3,,1.1433216638943835
1982-03-31,17.68,-4.26,7.49,0.0,0.35,-10.08,,1.7389216146392588
1982-04-01,24.49,2.56,14.02,0.07,0.35,-7.01,,2.7117407431440257
1982-04-02,11.64,-0.46,7.35,0.0,0.34,-9.3,,1.067642239836459
1982-04-03,17.45,-3.56,7.14,0.02,0.34,-10.36,,1.716028281118626
1982-04-04,21.75,-2.72,8.41,0.19,0.34,-6.68,,2.2335275121703595
1982-04-05,8.31,-1.55,2.75,0.0,0.34,-10.97,,0.8311651000402034
1982-04-06,16.2,-2.98,6.07,0.01,0.34,-5.88,,1.4477962058880633
1982-04-07,18.57,-1.99,7.57,0.12,0.34,-8.41,,1.8153001960512667
1982-04-08,8.54,-5.8,1.6,0.0,0.34,-12.78,,0.8843220163817667
1982-04-09,11.43,-2.07,4.29,0.0,0.34,-12.3,,1.1130890153007669
1982-04-10,16.36,-4.31,6.8,0.0,0.34,-9.96,,1.5739020105763697
1982-04-11,27.04,1.33,15.16,0.01,0.34,-4.44,,3.134285602603422
1982-04-12,24.53,8.56,16.4,0.0,0.34,-1.39,,2.528463696357923
1982-04-13,23.53,4.2,14.3,0.0,0.34,-3.7,,2.4361443916827357
1982-04-14,27.3,7.73,17.49,0.34,0.34,-6.62,,3.256475122797348
1982-04-15,24.46,6.71,15.51,2.39,0.34,-3.97,,2.6120157036815472
1982-04-16,10.98,-1.58,5.22,0.5,0.34,-7.85,,0.9726730375796746
1982-04-17,15.52,-3.86,6.58,0.0,0.34,-10.59,,1.4906680802709806
1982-04-18,21.67,3.43,12.4,0.04,0.34,-6.89,,2.226783558761901
1982-04-19,7.72,-1.3,3.11,0.01,0.34,-13.57,,0.838201773532972
1982-04-20,4.83,-2.89,0.97,0.05,0.34,-11.17,,0.6017500098358407
1982-04-21,12.59,-3.55,5.01,0.0,0.34,-12.99,,1.2333975965475386
1982-04-22,18.15,-1.9,8.95,0.0,0.34,-13.23,,1.8632166992294632
1982-04-23,21.76,2.51,11.77,0.0,0.34,-6.77,,2.2376787948181263
1982-04-24,19.6,2.67,11.58,0.79,0.34,-1.72,,1.7425641557614115
1982-04-25,20.88,6.08,13.13,0.76,0.34,-1.3,,1.9133607498772172
1982-04-26,16.2,3.14,7.97,3.53,0.34,1.78,,1.1470366899657876
1982-04-27,16.75,2.64,8.07,5.39,0.35,4.21,,1.0818817572195094
1982-04-28,19.02,3.68,10.62,0.1,0.36,0.15,,1.5826364836270645
1982-04-29,22.76,1.9,8.61,0.22,0.36,1.11,,2.1069720146328064
1982-04-30,19.19,1.82,10.63,0.01,0.35,-1.54,,1.677934831206668
1982-05-01,24.07,5.25,14.62,0.14,0.35,4.84,,2.133861346017675
1982-05-02,27.81,7.23,18.27,0.15,0.35,2.99,,2.981085470325871
1982-05-03,29.92,10.02,19.98,0.39,0.35,5.62,,3.312842289695154
1982-05-04,25.5,10.12,17.55,10.63,0.35,6.62,,2.287341413211245
1982-05-05,9.28,-0.06,3.98,7.69,0.38,-0.99,,0.6017895227660108
1982-05-06,15.34,-1.87,7.87,0.04,0.38,-7.83,,1.4042115049190917
1982-05-07,20.98,1.57,12.35,0.0,0.37,-3.21,,2.001948130057189
1982-05-08,26.7,6.62,17.16,0.0,0.37,0.48,,2.8705989512058636
1982-05-09,27.26,9.31,18.87,0.0,0.37,-5.82,,3.2244257561414935
1982-05-10,25.68,9.18,17.38,0.13,0.36,-5.21,,2.883868432597142
1982-05-11,21.31,6.14,12.55,11.8,0.36,3.49,,1.750231400812639
1982-05-12,15.78,6.03,10.52,20.5,0.4,8.12,,0.7113245864926616
1982-05-13,19.76,3.25,11.41,2.24,0.42,2.89,,1.551896087797941
1982-05-14,13.79,4.02,8.38,2.66,0.41,3.79,,0.7756306392615218
1982-05-15,19.1,3.78,11.78,4.99,0.41,3.83,,1.4075582616948505
1982-05-16,18.19,5.37,11.92,3.05,0.41,5.26,,1.200506111251347
1982-05-17,19.42,6.83,13.25,0.67,0.41,4.71,,1.400825405488884
1982-05-18,26.58,7.83,18.11,0.1,0.4,5.22,,2.5926283188076233
1982-05-19,28.65,10.15,19.3,0.34,0.39,3.25,,3.1540500666899463
1982-05-20,19.02,7.3,13.29,0.3,0.39,3.12,,1.4358923919842659
1982-05-21,22.44,4.38,13.64,0.0,0.38,1.17,,2.0508641810175208
1982-05-22,24.0,6.26,15.51,1.88,0.38,7.44,,1.9513839469064544
1982-05-23,27.54,11.62,18.38,7.06,0.38,9.25,,2.5122671637749923
1982-05-24,18.1,9.25,13.25,1.42,0.39,5.22,,1.1912045429752671
1982-05-25,18.64,7.16,12.82,1.9,0.38,3.04,,1.3886034943549732
1982-05-26,23.0,4.8,14.22,0.53,0.38,0.48,,2.176968088768583
1982-05-27,30.98,10.2,21.11,2.03,0.38,3.99,,3.674790561035121
1982-05-28,23.16,12.03,16.75,3.05,0.38,9.78,,1.6267644224664253
1982-05-29,21.85,8.29,15.49,15.99,0.39,5.77,,1.6995313122570135
1982-05-30,15.95,8.78,12.31,6.36,0.41,9.17,,0.6511756753266331
1982-05-31,19.52,6.6,12.45,2.27,0.41,4.35,,1.436184669200916
1982-06-01,24.18,6.31,15.07,12.76,0.41,5.77,,2.0959845962171433
1982-06-02,18.22,8.82,12.64,11.63,0.44,8.7,,0.9677139836690243
1982-06-03,13.93,7.79,11.08,3.67,0.44,7.9,,0.5258731843401225
1982-06-04,24.22,7.82,16.0,0.02,0.43,6.27,,2.0708137379533262
1982-06-05,28.03,7.6,18.73,0.0,0.42,1.36,,3.112570243083385
1982-06-06,27.2,9.56,18.96,0.0,0.41,-2.59,,3.1025708156555725
1982-06-07,24.06,6.58,16.51,0.0,0.4,2.11,,2.2834646853815905
1982-06-08,30.17,10.79,20.92,0.05,0.39,0.81,,3.6368553892940683
1982-06-09,21.01,6.76,13.95,0.01,0.38,-1.39,,1.9368284852484359
1982-06-10,25.75,6.9,16.91,2.12,0.38,4.28,,2.4826532317754086
1982-06-11,23.17,10.66,16.24,3.76,0.39,8.65,,1.7172592140157394
1982-06-12,22.77,10.65,17.02,3.35,0.39,10.79,,1.4760891326113332
1982-06-13,28.27,12.97,19.89,2.53,0.39,10.95,,2.5314051339918997
1982-06-14,29.25,14.34,20.66,5.33,0.39,10.57,,2.7882529968828877
1982-06-15,17.89,12.15,14.84,2.03,0.39,8.62,,0.9308377713926921
1982-06-16,26.97,8.13,18.7,0.24,0.39,6.18,,2.612243248785143
1982-06-17,21.6,12.38,16.71,16.7,0.4,10.77,,1.2873736867924714
1982-06-18,18.09,10.81,13.77,1.44,0.41,8.78,,0.9445891722283188
1982-06-19,24.76,9.16,17.27,0.01,0.41,6.07,,2.1831226153928327
1982-06-20,26.55,11.55,19.42,0.0,0.4,5.75,,2.553242056178327
1982-06-21,29.53,12.68,21.62,0.4,0.39,8.7,,3.0050123246815494
1982-06-22,29.06,12.81,21.23,3.95,0.39,11.9,,2.6262455180194673
1982-06-23,26.31,14.58,21.06,3.31,0.39,12.06,,2.0154105861745046
1982-06-24,22.17,15.11,18.78,2.22,0.39,13.38,,1.1360412933299202
1982-06-25,22.51,13.77,17.82,15.61,0.4,13.89,,1.1400138153200357
1982-06-26,22.36,14.02,17.59,2.98,0.42,12.1,,1.2906656718629768
1982-06-27,26.07,12.04,19.37,0.0,0.41,11.43,,2.024664599164665
1982-06-28,32.56,13.49,23.33,0.21,0.4,11.76,,3.5268028564048732
1982-06-29,34.47,16.29,25.71,4.25,0.4,13.55,,3.90753500354122
1982-06-30,32.4,17.49,24.14,7.44,0.41,14.32,,3.23120556102218
1982-07-01,30.32,17.76,23.96,0.06,0.4,11.85,,2.9328172498589073
1982-07-02,30.65,16.32,23.3,0.01,0.39,6.13,,3.460285930356759
1982-07-03,33.62,14.46,24.53,0.1,0.38,9.64,,4.0090912590292
1982-07-04,36.59,14.81,26.17,0.0,0.38,3.8,,5.3341517201651465
1982-07-05,28.78,15.34,21.98,0.29,0.37,6.26,,3.002955843823881
1982-07-06,27.01,13.16,19.63,0.17,0.37,4.87,,2.7030056966779985
1982-07-07,25.62,11.58,18.42,1.15,0.37,10.19,,2.042981346351053
1982-07-08,33.17,15.22,24.41,1.71,0.37,10.62,,3.7983904322931292
1982-07-09,28.87,14.21,21.14,2.74,0.37,13.22,,2.4562206909792996
1982-07-10,28.06,12.29,19.97,1.01,0.37,8.83,,2.6582137786023807
1982-07-11,27.86,13.3,21.0,15.66,0.39,12.14,,2.333662645842654
1982-07-12,30.18,16.08,23.27,0.24,0.39,12.34,,2.8527493949331264
1982-07-13,33.37,16.82,25.49,0.19,0.39,11.84,,3.747653355707552
1982-07-14,34.95,17.47,26.51,1.1,0.38,11.58,,4.242971733579607
1982-07-15,36.69,18.59,27.89,0.33,0.38,8.22,,5.08068736924036
1982-07-16,37.35,17.57,28.32,0.83,0.37,3.88,,5.5890104007255825
1982-07-17,29.96,14.14,22.29,0.14,0.37,8.61,,3.1151786952291496
1982-07-18,34.17,17.35,26.12,0.01,0.36,11.98,,3.9691011400480285
1982-07-19,36.21,20.32,28.21,0.0,0.36,7.83,,4.949381812607532
1982-07-20,36.39,22.22,29.2,0.0,0.36,10.58,,4.792796527623177
1982-07-21,37.69,20.11,29.46,0.11,0.35,10.23,,5.26749523296515
1982-07-22,37.46,21.07,29.64,0.0,0.35,7.83,,5.37333627520116
1982-07-23,37.55,21.32,29.12,0.0,0.35,6.11,,5.5229925677587905
1982-07-24,36.53,19.6,28.05,0.0,0.35,6.61,,5.140607907702849
1982-07-25,36.26,19.32,28.13,0.13,0.35,8.71,,4.900512553650942
1982-07-26,30.52,19.74,24.71,28.99,0.37,16.06,,2.5460051161881765
1982-07-27,23.66,18.82,21.22,9.88,0.41,16.97,,0.9895140565090805
1982-07-28,23.62,16.9,20.14,2.14,0.41,14.39,,1.2770170059906605
1982-07-29,21.94,14.77,18.06,2.56,0.41,12.49,,1.1857480714191428
1982-07-30,25.38,15.07,19.81,0.16,0.41,12.18,,1.8208932596711411
1982-07-31,30.92,15.02,23.1,0.0,0.4,10.5,,3.202454391877257
1982-08-01,34.82,16.21,25.84,0.0,0.39,8.37,,4.466879340798148
1982-08-02,35.14,18.33,26.42,0.71,0.38,12.56,,4.211132424019887
1982-08-03,33.18,18.91,25.57,8.62,0.38,15.76,,3.2905581585240915
1982-08-04,28.21,17.82,23.32,6.11,0.4,16.08,,1.9987971668159596
1982-08-05,28.99,17.1,23.69,0.58,0.4,14.29,,2.374424335431754
1982-08-06,27.44,18.35,23.13,3.63,0.4,15.53,,1.894002014639884
1982-08-07,31.18,18.32,24.17,0.04,0.39,11.59,,3.173743474894443
1982-08-08,31.24,16.13,24.28,0.17,0.39,10.11,,3.317298677008285
1982-08-09,30.36,17.49,24.14,3.27,0.38,11.6,,2.965473907610453
1982-08-10,28.81,14.62,20.86,0.2,0.38,12.04,,2.555637347375799
1982-08-11,29.62,14.41,22.07,0.27,0.38,12.96,,2.657598779888931
1982-08-12,34.28,17.45,26.2,0.99,0.38,11.97,,4.002959139515294
1982-08-13,31.17,18.31,24.79,9.61,0.38,15.44,,2.7819974069938977
1982-08-14,30.11,17.79,24.12,2.21,0.39,14.79,,2.587483346467369
1982-08-15,31.95,17.61,24.89,0.72,0.39,14.41,,3.0997195011289023
1982-08-16,29.97,18.6,23.78,1.5,0.39,14.58,,2.575992456896462
1982-08-17,27.98,18.75,22.7,0.11,0.38,13.54,,2.2240260554698117
1982-08-18,29.79,17.52,23.65,1.49,0.38,14.77,,2.5119661017419057
1982-08-19,33.8,18.31,26.33,0.83,0.38,14.95,,3.5604470871161924
1982-08-20,24.39,18.47,21.62,1.02,0.38,16.82,,1.138748406342909
1982-08-21,28.86,17.6,22.67,1.45,0.38,16.05,,2.149281654253816
1982-08-22,32.18,19.19,24.73,0.98,0.38,15.08,,3.089203906678673
1982-08-23,29.77,17.89,23.3,0.62,0.38,15.67,,2.407096762867237
1982-08-24,23.87,15.53,18.92,0.16,0.38,10.34,,1.7044916719299565
1982-08-25,27.55,13.23,19.7,0.07,0.37,10.61,,2.4029438532483263
1982-08-26,32.81,16.57,24.1,0.01,0.37,7.48,,3.9414240443768174
1982-08-27,24.84,15.1,20.33,0.21,0.37,12.79,,1.6603926668689473
1982-08-28,28.42,15.54,22.07,0.16,0.37,14.36,,2.23702155640522
1982-08-29,32.75,16.98,24.36,0.96,0.37,11.32,,3.6191392110670897
1982-08-30,30.04,16.7,23.06,1.33,0.37,13.75,,2.6799559875073182
1982-08-31,33.22,17.37,24.62,0.06,0.37,13.42,,3.5531341887112635
1982-09-01,32.29,17.41,24.33,0.07,0.36,7.22,,3.816157371897572
1982-09-02,29.67,12.2,20.82,0.11,0.36,4.63,,3.3133738759235145
1982-09-03,31.43,16.32,23.54,0.01,0.36,12.72,,3.1331917246190897
1982-09-04,34.94,16.35,25.38,0.13,0.36,9.73,,4.3981405834331415
1982-09-05,29.23,17.1,22.4,2.21,0.36,10.59,,2.7818643432923307
1982-09-06,26.43,15.04,20.14,0.4,0.36,10.39,,2.1874108667041527
1982-09-07,26.73,14.8,20.28,3.41,0.36,12.14,,2.0936884239709848
1982-09-08,29.27,14.4,21.4,4.54,0.37,11.78,,2.68625805126908
1982-09-09,31.77,14.4,22.8,0.01,0.37,6.53,,3.723343844633368
1982-09-10,31.98,16.53,23.89,0.64,0.37,9.28,,3.5794460371089727
1982-09-11,18.89,7.15,13.77,3.27,0.37,8.33,,1.0852391125122498
1982-09-12,18.21,5.43,11.13,10.41,0.38,4.77,,1.2329955651597941
1982-09-13,16.4,8.18,11.58,10.09,0.4,8.4,,0.7629190007351254
1982-09-14,18.62,7.02,12.18,1.99,0.41,5.96,,1.2133138529461056
1982-09-15,17.51,6.76,11.62,0.61,0.41,6.67,,1.0218680634913833
1982-09-16,28.87,10.01,18.81,0.05,0.4,9.19,,2.81280270674006
1982-09-17,17.28,8.9,13.03,0.66,0.4,8.06,,0.8952205626600049
1982-09-18,20.83,8.47,14.05,0.01,0.39,8.3,,1.3662678487605915
1982-09-19,22.02,8.56,14.62,0.01,0.39,3.6,,1.8565088124034805
1982-09-20,20.13,7.8,13.7,0.02,0.39,4.5,,1.514834873776703
1982-09-21,22.57,7.61,15.06,0.0,0.39,7.54,,1.6975740351438173
1982-09-22,29.54,10.09,20.12,0.01,0.38,5.73,,3.2146165718464634
1982-09-23,26.52,10.69,18.08,0.65,0.38,6.08,,2.5258608743073916
1982-09-24,22.48,9.79,15.44,0.02,0.38,4.78,,1.8632743161521084
1982-09-25,23.99,9.93,16.51,0.0,0.38,6.75,,1.997337507385268
1982-09-26,27.2,14.02,20.03,0.0,0.37,8.85,,2.470909781400241
1982-09-27,29.37,12.71,20.89,0.0,0.37,5.75,,3.173080599086454
1982-09-28,22.21,10.19,16.23,0.0,0.37,-1.65,,2.13673161966053
1982-09-29,23.83,7.83,15.02,0.0,0.37,-2.67,,2.451784458117608
1982-09-30,13.24,5.6,9.74,5.85,0.37,5.68,,0.606853562664738
1982-10-01,21.25,6.14,12.56,2.87,0.38,6.37,,1.5661182934092694
1982-10-02,19.62,5.07,11.99,0.21,0.38,0.57,,1.6472327506677162
1982-10-03,23.53,5.91,14.18,0.0,0.38,-0.26,,2.3014301510295194
1982-10-04,24.4,8.25,15.2,0.0,0.38,0.16,,2.4383635728632207
1982-10-05,27.48,2.79,15.6,0.41,0.37,0.7,,3.02435447410124
1982-10-06,18.53,1.36,8.97,0.01,0.37,-3.22,,1.6521390012772805
1982-10-07,26.7,4.35,15.09,0.01,0.37,-4.59,,3.06859539099752
1982-10-08,12.28,2.67,6.61,2.96,0.37,-0.11,,0.8227429028240177
1982-10-09,9.06,2.04,4.84,0.85,0.38,-4.18,,0.704581784739279
1982-10-10,10.06,-0.35,4.35,0.04,0.38,-7.19,,0.8768295923442533
1982-10-11,12.88,-2.12,4.6,0.0,0.37,-7.17,,1.129423875551443
1982-10-12,12.47,-1.32,5.4,0.26,0.37,-4.89,,1.0219197439008478
1982-10-13,11.98,0.3,5.89,0.37,0.37,-2.71,,0.9003865325729175
1982-10-14,19.39,1.3,9.97,0.0,0.37,0.53,,1.616664899819114
1982-10-15,21.19,6.56,12.99,0.0,0.37,5.17,,1.6334620164966838
1982-10-16,24.21,8.0,14.24,0.0,0.37,1.68,,2.3320921248808597
1982-10-17,22.0,6.38,13.24,0.0,0.37,-2.86,,2.1491636952823576
1982-10-18,21.49,6.55,13.05,0.0,0.37,0.39,,1.9344955569470166
1982-10-19,5.86,-2.61,1.71,0.96,0.37,-6.01,,0.5361363141077697
1982-10-20,13.93,-3.27,4.05,0.0,0.37,-7.81,,1.252005753990877
1982-10-21,16.76,-1.19,6.69,0.0,0.37,-5.43,,1.5008333512893166
1982-10-22,20.23,0.81,9.54,0.0,0.37,-4.1,,1.92092960454619
1982-10-23,21.54,5.14,12.3,0.03,0.37,-0.09,,1.9638919713731402
1982-10-24,23.72,6.33,13.79,0.0,0.37,0.12,,2.317980433695346
1982-10-25,21.52,8.26,13.2,0.0,0.36,4.22,,1.741619181339889
1982-10-26,23.45,6.53,14.71,0.43,0.36,3.85,,2.082104224941973
1982-10-27,15.54,2.7,10.22,0.47,0.36,0.06,,1.1520728038994907
1982-10-28,10.56,-0.01,4.68,0.06,0.36,-7.01,,0.9137399582153797
1982-10-29,16.32,-2.16,6.56,0.0,0.36,-8.25,,1.5278781157143102
1982-10-30,18.61,4.6,10.67,0.05,0.36,-2.44,,1.6340159484037953
1982-10-31,14.37,4.12,8.93,2.22,0.36,2.23,,0.9200542358508847
1982-11-01,11.88,-0.62,5.2,2.98,0.37,-1.07,,0.8266626166520327
1982-11-02,5.76,-4.94,0.27,0.0,0.37,-8.2,,0.5904943665384186
1982-11-03,4.53,-5.52,-1.75,0.0,0.37,-10.54,,0.5703992235337099
1982-11-04,4.83,-5.47,-1.53,0.0,0.37,-10.39,,0.5850204677493795
1982-11-05,16.2,-2.82,4.55,0.0,0.37,-8.88,,1.5295258944858672
1982-11-06,18.93,-0.54,7.87,0.0,0.37,-7.16,,1.8309088886732308
1982-11-07,10.67,0.31,5.16,0.0,0.37,-4.51,,0.847084423788991
1982-11-08,5.61,-2.41,1.5,0.09,0.37,-3.24,,0.42923611609030016
1982-11-09,16.01,-1.36,4.6,0.25,0.37,0.42,,1.1897242093170894
1982-11-10,17.73,0.03,7.45,0.71,0.37,0.7,,1.3865823392166605
1982-11-11,8.07,-5.63,2.63,4.86,0.38,-0.71,,0.49794350655070674
1982-11-12,3.44,-8.16,-3.53,0.03,0.38,-12.14,,0.5410417398707217
1982-11-13,9.98,-5.55,1.38,0.47,0.38,-8.48,,0.904254408240775
1982-11-14,3.05,-8.04,-3.09,0.0,0.38,-12.2,,0.5209081776607906
1982-11-15,9.03,-4.3,0.38,0.0,0.38,-10.51,,0.8760307521241836
1982-11-16,10.73,-3.29,1.63,0.0,0.38,-8.24,,0.9611751916134134
1982-11-17,13.45,-2.91,3.46,0.0,0.38,-8.34,,1.2168234855599376
1982-11-18,12.43,-1.06,4.05,0.0,0.38,-5.29,,1.0308401563542713
1982-11-19,17.95,1.44,7.64,0.0,0.38,-2.14,,1.5355397060597453
1982-11-20,9.79,-2.65,3.34,0.09,0.37,-7.12,,0.8527763342070152
1982-11-21,8.8,-3.25,1.35,0.84,0.37,-6.84,,0.7667993724103419
1982-11-22,6.18,-5.31,-1.16,1.2,0.38,-4.57,,0.5116955518431623
1982-11-23,-0.21,-7.08,-4.63,0.51,0.38,-11.06,,0.3389609453595879
1982-11-24,5.97,-6.15,-1.73,0.0,0.38,-9.86,,0.6442694843512324
1982-11-25,8.64,-2.9,0.78,0.0,0.38,-6.61,,0.7480511406657904
1982-11-26,7.41,-4.55,-0.31,0.0,0.38,-8.44,,0.7073428885392912
1982-11-27,4.3,-2.47,0.42,0.01,0.38,-8.1,,0.4988239988752652
1982-11-28,10.67,-1.84,1.5,0.0,0.38,-6.66,,0.9132409173534582
1982-11-29,10.78,-1.75,2.47,0.02,0.38,-5.72,,0.8949429054345095
1982-11-30,11.54,-2.28,4.48,0.0,0.38,-4.57,,0.9254523996324666
1982-12-01,10.72,-0.84,3.84,0.25,0.37,-4.03,,0.8352455827465662
1982-12-02,6.98,-4.02,0.31,0.0,0.37,-8.87,,0.6881189037878084
1982-12-03,7.9,-4.0,0.9,0.0,0.37,-8.68,,0.7484276188095746
1982-12-04,9.67,-2.4,2.46,0.04,0.37,-4.57,,0.7659396010879973
1982-12-05,6.54,-1.58,1.57,0.38,0.37,-3.64,,0.5039277805947414
1982-12-06,10.87,-2.32,2.98,0.0,0.37,-6.83,,0.9352897455758604
1982-12-07,0.95,-7.01,-5.02,0.03,0.37,-9.54,,0.3580366129630465
1982-12-08,-1.15,-7.54,-5.02,0.02,0.37,-11.31,,0.30417401967893276
1982-12-09,9.07,-5.09,0.88,0.11,0.37,-4.53,,0.7170510098783385
1982-12-10,2.0,-4.16,-1.5,0.02,0.37,-7.77,,0.3652319485702029
1982-12-11,2.81,-5.37,-2.33,0.03,0.37,-8.04,,0.4142825248379961
1982-12-12,10.06,-5.15,0.75,0.0,0.37,-10.15,,0.9505790754420582
1982-12-13,9.49,-0.96,2.57,0.01,0.37,-7.8,,0.8470059334345496
1982-12-14,4.43,-4.11,0.0,0.05,0.37,-6.95,,0.47545783476631104
1982-12-15,7.2,-4.34,-0.2,0.0,0.37,-9.15,,0.7101386403954466
1982-12-16,10.03,-1.4,3.18,0.0,0.37,-5.2,,0.8156111270519804
1982-12-17,14.86,1.26,5.79,0.0,0.37,-4.54,,1.2539162286611063
1982-12-18,7.29,-3.92,1.44,0.0,0.37,-10.61,,0.7498042547206988
1982-12-19,9.97,-5.0,0.95,0.0,0.37,-10.62,,0.9535329841424869
1982-12-20,9.21,-2.68,2.11,0.0,0.37,-7.0,,0.8031001679498142
1982-12-21,15.06,-0.08,5.04,0.0,0.37,-7.58,,1.366471114951032
1982-12-22,14.16,0.26,5.99,0.0,0.37,-5.87,,1.2211286480687997
1982-12-23,4.79,-0.99,2.03,1.63,0.37,-0.96,,0.29018529458000764
1982-12-24,-1.45,-8.46,-4.66,22.9,0.37,-5.85,,0.15451815690331222
1982-12-25,-2.44,-15.61,-8.9,1.22,0.37,-10.65,,0.23916536100470137
1982-12-26,1.28,-15.8,-7.45,1.79,0.37,-11.04,,0.40711064992163143
1982-12-27,-3.43,-11.72,-6.55,3.01,0.38,-7.8,,0.13451483458173197
1982-12-28,-7.29,-20.87,-14.37,0.0,0.38,-16.56,,0.18613634908540103
1982-12-29,-4.42,-20.32,-13.33,0.0,0.38,-16.73,,0.2752738188089399
1982-12-30,-5.53,-18.13,-11.99,0.0,0.38,-13.77,,0.19372661532050026
1982-12-31,0.36,-16.22,-9.03,0.0,0.38,-12.26,,0.3885980318253992
1983-01-01,1.91,-11.09,-5.85,0.0,0.38,-9.58,,0.4057377297124611
1983-01-02,-0.55,-13.35,-7.76,0.0,0.39,-9.81,,0.29673362849955737
1983-01-03,3.14,-8.63,-3.52,0.0,0.39,-9.35,,0.4645444785701321
1983-01-04,4.25,-7.44,-2.05,0.0,0.4,-7.07,,0.46828316190015895
1983-01-05,9.03,-2.16,2.6,0.0,0.4,-2.87,,0.6559905878330781
1983-01-06,7.41,-0.85,3.48,0.0,0.41,-1.03,,0.4639130658339131
1983-01-07,8.78,-0.1,3.68,0.0,0.41,-1.3,,0.5757368487608353
1983-01-08,11.52,-1.64,3.22,0.0,0.41,-4.37,,0.9170234565949835
1983-01-09,3.98,-5.38,0.03,0.0,0.4,-9.85,,0.522988517710282
1983-01-10,7.7,-5.63,0.22,0.0,0.4,-9.11,,0.7445201620159847
1983-01-11,7.42,-2.16,1.7,0.0,0.4,-5.03,,0.6109035819613742
1983-01-12,13.3,-0.41,4.16,0.0,0.4,-7.56,,1.1814069932752842
1983-01-13,14.89,-1.64,4.25,0.0,0.39,-8.13,,1.362312140423777
1983-01-14,4.89,-4.6,-0.91,0.0,0.39,-9.34,,0.5646141460120413
1983-01-15,8.39,-4.84,0.06,0.0,0.39,-8.71,,0.7852873026578504
1983-01-16,5.9,-4.23,-0.91,0.0,0.39,-8.28,,0.6015148712927515
1983-01-17,4.6,-4.78,-1.69,0.27,0.39,-8.17,,0.5182894322934443
1983-01-18,1.79,-5.05,-2.82,0.54,0.39,-6.09,,0.3075417967944003
1983-01-19,7.26,-3.89,-0.51,0.09,0.39,-4.22,,0.5730955824830026
1983-01-20,2.96,-4.13,-1.64,0.45,0.39,-4.1,,0.30476657223280396
1983-01-21,2.18,-5.85,-2.79,0.21,0.39,-5.68,,0.31486560835526317
1983-01-22,5.85,-6.84,-1.52,0.0,0.39,-5.78,,0.5285698239574638
1983-01-23,9.12,-3.42,1.33,0.0,0.39,-6.67,,0.7867323559893851
1983-01-24,6.5,-3.4,0.07,0.01,0.39,-7.6,,0.6230395750181142
1983-01-25,0.64,-4.63,-1.49,0.01,0.39,-6.13,,0.2534642411017487
1983-01-26,5.82,-4.78,-0.64,0.0,0.39,-6.45,,0.546521326643542
1983-01-27,12.89,-2.13,3.3,0.0,0.39,-4.01,,1.0331093975051249
1983-01-28,10.21,0.32,4.83,0.01,0.38,-2.03,,0.7191100123914472
1983-01-29,7.52,-2.62,1.46,0.0,0.38,-4.34,,0.5954366229246211
1983-01-30,6.77,-4.03,-0.07,0.1,0.38,-4.8,,0.558528584862664
1983-01-31,0.25,-4.49,-2.98,1.1,0.38,-5.74,,0.22391447966915207
1983-02-01,-1.75,-4.58,-3.26,2.05,0.38,-6.55,,0.16314046348757927
1983-02-02,-1.16,-7.18,-3.63,0.06,0.38,-9.78,,0.27038355280232335
1983-02-03,-0.42,-11.34,-6.15,0.0,0.38,-11.81,,0.34516592801564705
1983-02-04,-0.49,-9.77,-5.29,0.0,0.38,-7.44,,0.24011068055376672
1983-02-05,1.4,-7.11,-3.79,0.0,0.38,-9.12,,0.36962544469524394
1983-02-06,5.1,-9.14,-2.53,0.0,0.38,-11.03,,0.6152205801284358
1983-02-07,8.06,-6.93,-0.11,0.0,0.38,-9.58,,0.7817888969927702
1983-02-08,5.77,-3.27,0.36,0.01,0.38,-7.47,,0.571887217586703
1983-02-09,10.91,-2.44,2.84,0.0,0.38,-4.65,,0.8723772047157051
1983-02-10,8.15,-1.25,1.88,0.02,0.38,-6.92,,0.7201884898367354
1983-02-11,5.44,-3.51,0.32,0.01,0.38,-4.56,,0.4640082378536618
1983-02-12,13.28,-2.98,3.29,0.0,0.38,-7.62,,1.1810232795617517
1983-02-13,16.95,-0.52,6.48,0.0,0.38,-5.17,,1.515828033963106
1983-02-14,9.09,-1.69,2.58,0.01,0.38,-1.08,,0.5906324324753637
1983-02-15,9.15,-2.84,2.07,0.12,0.38,-4.72,,0.7295287806632044
1983-02-16,13.48,-2.81,4.71,0.59,0.38,-5.93,,1.1531073829545753
1983-02-17,9.12,-0.75,3.3,3.58,0.39,-4.23,,0.7109471110956701
1983-02-18,18.22,-0.46,7.79,0.0,0.39,-5.22,,1.67852194117751
1983-02-19,13.5,-1.3,5.38,3.07,0.39,-2.83,,1.0515919001868461
1983-02-20,2.4,-4.76,-1.87,3.91,0.39,-5.05,,0.30651863069660823
1983-02-21,11.91,-5.06,2.18,0.01,0.39,-3.56,,0.9247296204412649
1983-02-22,11.07,-1.98,3.49,0.02,0.39,-3.45,,0.845414008594224
1983-02-23,13.33,-1.52,4.97,0.0,0.39,-3.61,,1.0626362835454835
1983-02-24,9.71,-3.39,1.71,0.04,0.39,-2.55,,0.6979808708391559
1983-02-25,16.65,-3.26,5.4,0.07,0.39,-2.16,,1.3739688726880013
1983-02-26,14.6,0.91,6.3,0.0,0.39,-1.92,,1.131381088519591
1983-02-27,13.24,-0.44,5.3,0.0,0.39,-3.78,,1.0596071610849584
1983-02-28,13.28,0.2,5.59,0.0,0.39,-2.87,,1.031026654097695
1983-03-01,18.0,-0.25,9.08,0.0,0.38,-2.92,,1.5714308234682182
1983-03-02,20.8,2.18,10.46,0.0,0.38,-3.52,,1.985673327690219
1983-03-03,20.95,3.94,11.5,2.48,0.38,-0.25,,1.879601575014528
1983-03-04,15.89,6.24,9.77,9.65,0.39,4.49,,0.9638110284817918
1983-03-05,6.16,-1.59,1.36,18.97,0.42,-0.06,,0.3373803884140505
1983-03-06,5.94,-3.15,0.86,0.18,0.42,-3.02,,0.44233622168781994
1983-03-07,9.04,-3.07,2.12,0.04,0.42,-5.66,,0.7506374239421476
1983-03-08,6.95,-2.69,2.1,0.71,0.42,-3.03,,0.5098929228623637
1983-03-09,10.89,-4.99,2.65,0.28,0.42,-4.88,,0.8781161894285114
1983-03-10,15.24,-1.8,5.66,0.0,0.42,-2.25,,1.2141454466898038
1983-03-11,19.97,-0.79,8.78,0.0,0.41,-1.12,,1.7711714537523557
1983-03-12,18.16,4.31,10.01,0.03,0.41,2.05,,1.3766746823024807
1983-03-13,19.8,1.6,10.3,0.0,0.4,-2.31,,1.7940580330538094
1983-03-14,18.08,2.2,9.1,4.99,0.4,0.91,,1.421938198498398
1983-03-15,4.76,-1.76,1.62,13.61,0.42,-1.13,,0.2954469282734705
1983-03-16,0.49,-5.53,-2.11,2.05,0.42,-4.84,,0.20660626035943308
1983-03-17,3.18,-6.09,-2.38,0.5,0.42,-6.03,,0.37815028625753594
1983-03-18,1.99,-5.89,-3.13,2.65,0.42,-6.75,,0.3367467561748398
1983-03-19,-2.05,-6.83,-5.16,0.78,0.42,-8.59,,0.20616014284579848
1983-03-20,-0.95,-7.96,-5.44,0.08,0.42,-10.84,,0.302610426376018
1983-03-21,5.07,-7.96,-2.3,0.16,0.42,-9.79,,0.5860769252193583
1983-03-22,-0.61,-5.47,-3.12,1.08,0.42,-6.55,,0.2101008650171644
1983-03-23,7.99,-5.14,-0.16,0.32,0.42,-4.75,,0.6427978619355523
1983-03-24,10.21,-3.24,2.45,0.35,0.42,-3.62,,0.7779266767598723
1983-03-25,9.65,-2.9,3.1,0.4,0.42,-5.21,,0.7849508951937554
1983-03-26,2.46,-3.57,-1.08,0.8,0.41,-5.69,,0.32959957642774235
1983-03-27,7.46,-4.06,0.46,0.01,0.41,-6.95,,0.6711993758285333
1983-03-28,13.79,-3.81,3.98,0.05,0.41,-2.88,,1.0829191063006967
1983-03-29,11.42,-3.39,4.08,0.01,0.41,-4.76,,0.9208999894497433
1983-03-30,19.25,-2.72,8.18,0.34,0.4,-3.08,,1.7451901136985295
1983-03-31,16.98,0.93,8.33,3.53,0.4,0.41,,1.306007092927194
1983-04-01,4.43,-3.46,1.24,1.43,0.41,-6.44,,0.4609169540064141
1983-04-02,9.47,-4.8,2.33,0.83,0.41,-6.56,,0.8112042339891503
1983-04-03,3.73,-5.35,-1.9,3.49,0.41,-5.98,,0.40708971947651734
1983-04-04,-0.15,-5.49,-3.46,4.2,0.41,-7.32,,0.2516520479777518
1983-04-05,0.29,-7.72,-3.64,0.45,0.41,-8.08,,0.2915239482303631
1983-04-06,2.4,-8.59,-3.69,0.04,0.41,-9.01,,0.4171518987961988
1983-04-07,5.17,-6.87,-1.17,0.0,0.41,-7.12,,0.5247040653955161
1983-04-08,5.29,-4.53,0.26,0.06,0.41,-6.55,,0.516018306685811
1983-04-09,11.04,-3.95,3.13,0.0,0.41,-7.21,,0.960680421049571
1983-04-10,19.22,-2.35,9.02,1.09,0.41,-2.32,,1.7126866508139351
1983-04-11,18.96,1.67,9.32,7.74,0.41,-0.39,,1.5982361650274464
1983-04-12,6.96,-3.24,1.74,4.29,0.43,-2.52,,0.49165763260415707
1983-04-13,-0.41,-5.44,-2.89,5.35,0.42,-7.52,,0.24572634196625104
1983-04-14,4.67,-8.39,-1.84,0.0,0.42,-11.45,,0.597938780974123
1983-04-15,10.06,-5.09,2.78,0.0,0.42,-8.29,,0.9060237355617242
1983-04-16,13.63,-1.63,5.99,0.0,0.42,-5.31,,1.1492591602985482
1983-04-17,16.36,-0.07,7.77,0.0,0.42,-5.68,,1.4606031441885243
1983-04-18,21.01,0.12,11.17,0.0,0.41,-2.16,,1.9673369718600549
1983-04-19,18.23,4.04,10.33,0.27,0.41,2.65,,1.3548788677904888
1983-04-20,18.7,5.4,12.47,3.16,0.41,3.66,,1.362598534752141
1983-04-21,16.61,5.99,10.66,4.87,0.41,5.39,,0.99400791193574
1983-04-22,10.0,5.07,7.15,5.8,0.43,4.62,,0.3785215216184902
1983-04-23,15.11,4.24,9.11,0.56,0.42,2.77,,0.9719750823022719
1983-04-24,20.35,1.76,11.34,0.01,0.42,0.59,,1.7518947818969188
1983-04-25,25.86,7.93,16.73,0.02,0.41,0.0,,2.7229209339938505
1983-04-26,16.86,3.42,10.71,1.13,0.41,-4.04,,1.4677104294306553
1983-04-27,19.26,4.11,10.71,1.96,0.41,2.01,,1.5271436464683885
1983-04-28,14.61,4.89,9.62,7.76,0.41,4.66,,0.8111727556462861
1983-04-29,16.66,2.64,9.25,5.96,0.42,5.24,,1.0093367445602863
1983-04-30,20.38,7.05,11.42,4.43,0.43,5.77,,1.4735304129584903
1983-05-01,13.52,0.49,7.32,1.29,0.43,0.94,,0.8956138287302192
1983-05-02,10.99,-0.54,5.38,0.06,0.43,-1.61,,0.7690107848969159
1983-05-03,17.49,1.0,9.62,0.47,0.42,-0.47,,1.408504202065214
1983-05-04,15.45,3.38,9.06,2.31,0.42,3.27,,0.9829742013965488
1983-05-05,24.52,3.81,13.71,0.56,0.42,1.83,,2.3812253541204518
1983-05-06,18.49,5.3,11.84,0.23,0.41,-0.56,,1.54209310921973
1983-05-07,16.59,4.32,10.45,0.0,0.41,1.28,,1.2178531734679359
1983-05-08,23.97,3.65,14.28,0.0,0.41,0.41,,2.349280998877919
1983-05-09,27.81,9.29,18.84,0.14,0.4,3.47,,2.954896134802467
1983-05-10,24.33,6.44,15.36,0.18,0.4,-0.29,,2.4455055067377196
1983-05-11,25.97,5.81,16.7,0.02,0.39,1.69,,2.6653441699819176
1983-05-12,20.18,2.36,11.51,0.01,0.39,-5.09,,1.9461563827094803
1983-05-13,9.49,1.19,5.47,8.4,0.39,-0.82,,0.6113254204751827
1983-05-14,11.43,-0.58,5.07,0.35,0.4,-3.12,,0.8654522352813631
1983-05-15,12.3,0.75,5.87,0.73,0.4,-0.64,,0.8476218850979035
1983-05-16,19.94,3.12,10.54,7.22,0.4,2.05,,1.62144017503265
1983-05-17,13.23,0.98,6.86,3.16,0.41,2.04,,0.812790464405591
1983-05-18,14.42,0.88,7.35,8.47,0.42,0.52,,1.0083945251962816
1983-05-19,13.83,2.88,9.09,7.61,0.43,3.63,,0.7887304543418936
1983-05-20,10.65,2.25,6.25,6.47,0.45,3.65,,0.4890409476576434
1983-05-21,22.54,1.68,13.3,0.06,0.44,3.05,,1.971754705655155
1983-05-22,19.49,4.0,12.49,1.06,0.43,3.47,,1.4820537133986256
1983-05-23,23.26,5.88,15.27,0.0,0.42,3.72,,2.0565506260873065
1983-05-24,27.89,9.2,19.33,0.03,0.42,4.66,,2.903964616035547
1983-05-25,21.72,9.73,15.38,0.22,0.41,9.39,,1.420482646285501
1983-05-26,28.73,11.46,20.73,0.07,0.4,8.49,,2.8344988574238057
1983-05-27,29.27,13.81,21.47,0.32,0.4,8.24,,2.9781737601559537
1983-05-28,27.95,13.76,20.4,0.16,0.39,7.29,,2.7469553535955855
1983-05-29,24.53,10.61,17.43,3.93,0.39,5.18,,2.19683636237436
1983-05-30,14.53,6.01,9.31,8.8,0.4,2.94,,0.8998781462707004
1983-05-31,15.04,5.03,9.81,0.84,0.41,2.38,,0.9846794769291083
1983-06-01,23.98,5.84,13.67,9.02,0.41,6.52,,2.011024589270536
1983-06-02,23.91,7.91,15.64,8.95,0.42,8.49,,1.8587360260249735
1983-06-03,19.92,7.06,13.46,1.64,0.43,7.25,,1.3075391491093562
1983-06-04,26.46,9.52,17.82,4.37,0.42,7.06,,2.4479419086369694
1983-06-05,14.92,7.54,10.8,7.06,0.44,7.08,,0.689207467578463
1983-06-06,20.47,6.54,13.59,0.6,0.43,4.07,,1.5899069505950232
1983-06-07,20.45,9.22,14.38,0.42,0.42,6.4,,1.442892509834048
1983-06-08,25.25,7.64,17.7,0.21,0.42,5.66,,2.301932549955814
1983-06-09,26.39,10.75,18.87,0.75,0.41,11.42,,2.0899032132414788
1983-06-10,23.54,14.13,18.23,1.85,0.41,10.55,,1.6285564636252556
1983-06-11,28.96,11.61,20.99,1.15,0.41,8.07,,2.9185334636158156
1983-06-12,29.33,10.62,18.94,4.39,0.4,7.68,,3.033092962275991
1983-06-13,14.67,7.6,11.27,2.88,0.41,5.72,,0.7523143287903861
1983-06-14,22.43,5.97,14.82,0.04,0.41,2.31,,1.9925741983856615
1983-06-15,25.33,8.39,17.78,0.79,0.4,4.51,,2.387661193404063
1983-06-16,29.07,11.39,20.45,1.77,0.4,7.68,,2.972298597160505
1983-06-17,29.55,12.02,20.8,0.25,0.39,9.81,,2.922353190202133
1983-06-18,34.97,13.6,24.18,0.07,0.39,9.86,,4.396874899661943
1983-06-19,35.36,14.54,24.89,0.4,0.38,7.78,,4.678727553994143
1983-06-20,34.86,16.3,25.15,0.59,0.38,9.79,,4.36853015651441
1983-06-21,37.25,14.87,27.03,0.0,0.37,1.02,,5.703106484344686
1983-06-22,31.81,16.06,24.24,1.64,0.37,9.89,,3.4850217852518623
1983-06-23,33.8,17.1,25.81,0.03,0.37,9.17,,4.098999370819648
1983-06-24,30.78,15.93,23.81,1.34,0.37,8.77,,3.3062850479066217
1983-06-25,23.78,15.71,19.81,19.1,0.38,13.3,,1.4173237818892719
1983-06-26,21.62,15.28,17.99,13.5,0.42,13.83,,1.0022552514750005
1983-06-27,18.76,12.39,15.99,4.71,0.43,12.74,,0.6922199723280122
1983-06-28,21.84,10.78,15.77,18.42,0.46,10.68,,1.3332053742878414
1983-06-29,28.28,11.49,20.42,0.04,0.45,9.97,,2.616498263503164
1983-06-30,33.35,14.98,23.94,0.0,0.44,7.83,,4.069334362573645
1983-07-01,32.44,14.72,23.53,0.0,0.42,9.26,,3.705900147440965
1983-07-02,34.53,15.39,25.54,0.0,0.41,7.51,,4.440765218323639
1983-07-03,30.27,13.42,21.83,0.6,0.4,9.31,,3.1368937114619113
1983-07-04,26.37,9.98,18.49,0.0,0.4,3.37,,2.6577690361806194
1983-07-05,30.07,10.85,21.25,0.0,0.39,6.88,,3.266497854528082
1983-07-06,34.73,14.85,25.33,0.0,0.39,10.29,,4.287283938288469
1983-07-07,35.92,18.2,27.71,0.0,0.38,10.23,,4.66795290911723
1983-07-08,35.7,17.57,27.08,0.0,0.38,9.23,,4.6778818872462296
1983-07-09,36.87,17.71,27.92,0.0,0.37,8.94,,5.087105086348581
1983-07-10,35.61,14.9,25.97,3.42,0.37,11.13,,4.490943352797814
1983-07-11,27.0,14.39,20.23,1.61,0.37,10.68,,2.2802890932719952
1983-07-12,25.65,15.41,20.92,3.82,0.38,12.23,,1.8685386610924344
1983-07-13,33.33,14.89,24.93,0.05,0.38,10.51,,3.8534438835134113
1983-07-14,34.11,17.65,26.09,0.24,0.37,10.42,,4.088972158195548
1983-07-15,36.17,18.31,27.27,0.77,0.37,8.84,,4.860926062386082
1983-07-16,32.36,16.32,24.05,4.02,0.37,11.47,,3.4980687101548096
1983-07-17,37.39,17.61,28.18,1.13,0.37,11.64,,5.039724926548013
1983-07-18,37.47,20.19,28.76,0.03,0.37,11.69,,5.063091010804519
1983-07-19,37.57,19.19,28.88,0.05,0.36,10.78,,5.178625094433865
1983-07-20,36.38,19.63,28.5,0.03,0.36,10.86,,4.765441054093438
1983-07-21,36.03,19.92,28.11,0.68,0.36,12.77,,4.475398628792323
1983-07-22,34.61,19.39,27.24,4.11,0.36,13.86,,3.918468962827556
1983-07-23,28.3,16.59,22.17,18.61,0.38,16.04,,2.023523885134197
1983-07-24,29.06,16.96,22.64,2.12,0.4,15.09,,2.304335103379683
1983-07-25,30.61,17.09,24.55,0.52,0.39,14.58,,2.7340231650957443
1983-07-26,31.23,17.79,24.06,2.32,0.39,14.35,,2.916476924272139
1983-07-27,33.72,17.02,25.15,1.48,0.39,13.96,,3.6424312318791783
1983-07-28,30.07,16.39,22.83,2.71,0.39,13.09,,2.75351947429976
1983-07-29,33.04,18.22,25.41,0.31,0.39,11.99,,3.639805460481847
1983-07-30,30.96,19.25,24.75,1.19,0.38,13.06,,2.978712141184901
1983-07-31,30.53,18.36,25.11,0.58,0.38,13.23,,2.8533156290473123
1983-08-01,30.18,19.15,25.06,3.23,0.38,14.15,,2.6728368111433176
1983-08-02,34.49,19.16,26.8,4.64,0.38,15.03,,3.757469903450617
1983-08-03,28.49,19.09,24.33,6.13,0.39,16.94,,1.958749086470388
1983-08-04,29.12,19.81,24.54,3.66,0.4,16.6,,2.144387670175301
1983-08-05,28.25,20.03,23.14,8.3,0.41,15.51,,2.0731501077080177
1983-08-06,29.52,18.7,23.85,0.43,0.41,15.28,,2.391303312092699
1983-08-07,31.23,19.21,24.64,0.0,0.4,14.27,,2.9249237147832865
1983-08-08,33.0,16.6,25.12,0.03,0.39,11.01,,3.7165608184861174
1983-08-09,34.52,18.02,26.21,0.03,0.39,9.98,,4.248898889882264
1983-08-10,35.03,17.33,26.56,0.0,0.38,9.46,,4.447782396790952
1983-08-11,34.3,18.82,27.06,0.54,0.38,11.08,,4.089046632197215
1983-08-12,34.19,19.67,26.8,1.72,0.37,13.17,,3.861283383047117
1983-08-13,25.65,18.8,22.19,1.15,0.38,16.16,,1.4555636274984016
1983-08-14,31.23,18.06,24.29,0.45,0.38,14.98,,2.8486029609663195
1983-08-15,35.3,19.61,27.43,0.94,0.37,11.98,,4.315869715853478
1983-08-16,36.86,19.82,28.3,0.05,0.37,9.01,,5.078288058455293
1983-08-17,37.59,19.09,27.94,0.62,0.37,10.69,,5.193382243303368
1983-08-18,36.69,19.08,27.91,0.2,0.36,11.49,,4.813548943742059
1983-08-19,33.78,18.66,26.02,0.06,0.36,10.86,,3.9539001056253396
1983-08-20,29.92,17.13,24.24,1.49,0.36,12.82,,2.74340770397441
1983-08-21,33.22,19.51,26.16,1.45,0.36,12.36,,3.656346682464484
1983-08-22,34.23,18.09,26.06,3.11,0.36,13.04,,3.8860646163914607
1983-08-23,33.51,18.75,25.92,1.57,0.37,11.72,,3.7989657070987706
1983-08-24,33.27,20.15,25.86,0.22,0.36,11.9,,3.7134884944319664
1983-08-25,33.6,18.72,26.47,0.4,0.36,12.62,,3.7409862307349
1983-08-26,31.35,19.06,24.35,5.07,0.37,14.47,,2.934869802862826
1983-08-27,32.04,18.18,24.54,0.35,0.37,12.49,,3.3170040088250663
1983-08-28,31.36,19.31,25.05,0.23,0.37,12.06,,3.1773701519639728
1983-08-29,32.51,17.54,24.05,1.62,0.36,10.83,,3.5955794222652786
1983-08-30,30.24,16.34,22.74,0.6,0.36,9.61,,3.1055879275462015
1983-08-31,29.8,15.2,22.76,1.51,0.37,12.19,,2.774399728660439
1983-09-01,34.18,18.13,26.06,0.01,0.36,12.13,,3.9581710330124666
1983-09-02,36.0,18.73,27.18,2.07,0.36,12.49,,4.492468260314968
1983-09-03,33.96,19.2,25.82,1.45,0.36,14.35,,3.6721471504487253
1983-09-04,31.85,17.07,23.39,2.17,0.36,12.45,,3.2698921458406085
1983-09-05,31.11,13.88,22.87,0.0,0.37,7.14,,3.5092729418146344
1983-09-06,27.65,11.37,19.32,0.01,0.36,3.39,,2.92458051856977
1983-09-07,34.63,13.72,24.18,0.0,0.36,6.5,,4.540733900960049
1983-09-08,32.75,18.9,25.72,0.0,0.36,9.34,,3.7853402448284887
1983-09-09,34.19,17.65,25.78,0.0,0.36,7.95,,4.306670383281758
1983-09-10,25.1,15.6,19.74,0.02,0.36,7.36,,2.1598002684584494
1983-09-11,31.08,13.38,21.36,0.0,0.35,4.11,,3.6935150819061233
1983-09-12,21.87,10.33,15.73,0.0,0.35,4.78,,1.7640485688575656
1983-09-13,21.52,10.72,15.04,0.32,0.35,8.74,,1.4395090501653507
1983-09-14,31.35,11.2,19.89,0.55,0.35,7.46,,3.5489425121175424
1983-09-15,25.24,12.1,17.86,0.0,0.35,6.0,,2.278237090399708
1983-09-16,31.48,10.65,20.72,0.0,0.35,3.63,,3.824504546935226
1983-09-17,33.08,14.34,23.55,0.12,0.35,2.37,,4.328217456258308
1983-09-18,28.28,9.94,18.41,0.0,0.35,3.31,,3.0673936683060106
1983-09-19,32.81,2.4,19.52,0.03,0.35,1.99,,4.271650204045591
1983-09-20,10.4,-2.32,3.53,0.0,0.35,-11.02,,0.9978585668647577
1983-09-21,18.27,-1.26,8.28,0.0,0.35,-10.04,,1.8144845708954107
1983-09-22,16.44,2.14,8.84,0.0,0.35,-3.55,,1.4001373915174091
1983-09-23,28.15,4.81,16.13,0.11,0.35,-0.55,,3.2262900137079913
1983-09-24,25.81,13.59,19.07,0.04,0.35,7.17,,2.3102560480772825
1983-09-25,26.9,11.41,18.44,0.0,0.35,5.27,,2.6555878246381073
1983-09-26,28.46,12.31,20.32,0.0,0.35,4.65,,3.0311323701060315
1983-09-27,30.35,14.93,21.58,0.0,0.35,5.45,,3.4288981223549393
1983-09-28,24.14,12.57,17.81,0.02,0.35,4.66,,2.157260438915189
1983-09-29,22.99,11.69,16.98,0.38,0.35,10.43,,1.5439416288409231
1983-09-30,29.09,15.34,21.48,0.0,0.35,9.4,,2.847103572066309
1983-10-01,26.53,12.51,19.06,0.01,0.35,5.08,,2.59100924725934
1983-10-02,27.81,9.96,18.26,1.0,0.35,4.43,,2.9001084223546374
1983-10-03,22.54,7.95,14.09,0.0,0.35,2.47,,2.002482372826077
1983-10-04,20.62,4.9,12.71,0.0,0.35,-1.61,,1.8867131440950993
1983-10-05,24.01,8.39,15.24,0.0,0.35,0.53,,2.3509435660516647
1983-10-06,24.59,8.2,14.84,0.55,0.35,3.42,,2.3105805875169394
1983-10-07,23.96,10.0,16.06,1.1,0.35,2.87,,2.225957553930306
1983-10-08,13.07,6.02,9.36,14.17,0.37,4.86,,0.6408200981219838
1983-10-09,23.67,9.85,15.35,2.66,0.38,9.11,,1.7687025755517967
1983-10-10,26.19,9.2,16.34,0.82,0.38,5.24,,2.5123462453575014
1983-10-11,11.01,4.77,8.09,0.26,0.38,1.09,,0.6526001734001136
1983-10-12,14.07,0.9,6.73,0.0,0.38,-2.52,,1.0984287800804085
1983-10-13,19.86,2.13,10.67,0.0,0.38,-1.62,,1.7756627345797278
1983-10-14,20.22,4.17,11.85,0.0,0.37,-0.75,,1.792061405267986
1983-10-15,18.95,4.46,11.42,0.0,0.37,-3.03,,1.702017242976145
1983-10-16,16.15,1.8,9.13,0.0,0.37,-0.1,,1.229411950637359
1983-10-17,19.66,3.98,11.06,0.27,0.37,4.15,,1.4676307737073535
1983-10-18,22.36,8.68,13.86,0.03,0.37,3.94,,1.892671763290222
1983-10-19,12.92,3.38,7.46,0.02,0.37,-0.33,,0.893665341552262
1983-10-20,13.43,0.61,6.46,0.0,0.37,-1.18,,0.980128776563721
1983-10-21,17.08,3.78,8.74,0.0,0.37,-1.78,,1.411514353322088
1983-10-22,21.2,1.77,10.21,0.0,0.37,-3.88,,2.059341467198595
1983-10-23,24.93,5.9,13.71,0.0,0.37,-3.16,,2.6707844166525465
1983-10-24,12.55,3.02,7.35,0.0,0.36,-1.2,,0.8947759361556745
1983-10-25,18.95,-1.24,8.25,0.0,0.36,-5.33,,1.7798105147626369
1983-10-26,22.74,2.62,11.41,0.0,0.36,-6.54,,2.3911612757111267
1983-10-27,25.27,5.88,14.04,0.0,0.36,-5.5,,2.813632313102051
1983-10-28,14.21,3.03,9.26,0.0,0.36,-2.09,,1.0966140697674525
1983-10-29,15.99,0.73,7.38,0.0,0.36,0.66,,1.1763564749350872
1983-10-30,20.98,4.22,10.95,0.0,0.36,0.66,,1.8431826482624212
1983-10-31,22.71,6.23,13.18,0.0,0.36,0.79,,2.113711592235033
1983-11-01,19.74,6.1,11.96,0.0,0.36,2.76,,1.5559551940904366
1983-11-02,20.65,7.67,13.23,0.0,0.36,4.8,,1.573830589405846
1983-11-03,19.3,6.17,11.34,0.0,0.36,1.44,,1.561001058107454
1983-11-04,20.99,5.37,12.02,0.0,0.36,1.19,,1.8197095802411847
1983-11-05,19.55,5.74,11.14,0.08,0.36,0.86,,1.6238296678995123
1983-11-06,18.77,3.26,9.73,0.04,0.36,2.09,,1.4558608588815243
1983-11-07,22.48,6.56,13.6,0.0,0.36,-0.05,,2.1136985992069266
1983-11-08,10.11,-1.96,2.83,3.45,0.36,-2.33,,0.7223778223310071
1983-11-09,4.73,-4.04,-0.68,0.13,0.36,-7.81,,0.5166545376564857
1983-11-10,10.57,-4.66,2.48,0.0,0.36,-7.81,,0.9363092066295122
1983-11-11,17.68,-0.87,7.18,0.01,0.36,-3.86,,1.5637536175193625
1983-11-12,13.94,1.04,6.2,0.0,0.36,-3.68,,1.1270683451777825
1983-11-13,17.81,-0.01,7.54,0.1,0.36,-4.87,,1.6141073562981378
1983-11-14,8.41,-0.7,2.72,0.88,0.36,-4.97,,0.6809586415591276
1983-11-15,10.57,-2.77,3.33,0.0,0.36,-9.05,,0.9676847428234139
1983-11-16,17.18,-0.97,6.81,0.25,0.36,-6.0,,1.5696966542914008
1983-11-17,18.0,1.41,8.61,0.1,0.36,-5.79,,1.667419536031599
1983-11-18,5.94,0.46,3.41,9.72,0.37,-0.11,,0.3253046206528034
1983-11-19,5.06,-4.72,0.67,0.78,0.38,-6.39,,0.4972293500487235
1983-11-20,10.93,-4.9,1.94,0.41,0.38,-6.6,,0.9339462794534145
1983-11-21,3.16,-3.28,-0.68,2.02,0.38,-3.79,,0.304920964358235
1983-11-22,1.13,-6.95,-3.55,0.3,0.38,-7.23,,0.3079177833995638
1983-11-23,0.04,-7.87,-5.0,0.12,0.38,-12.5,,0.37877909795805803
1983-11-24,7.08,-5.84,-0.37,0.01,0.38,-10.51,,0.7330167267064317
1983-11-25,11.44,-0.15,5.24,0.46,0.38,-1.83,,0.8175211901711461
1983-11-26,-0.48,-11.08,-7.06,23.02,0.38,-9.39,,0.28995302779736404
1983-11-27,-9.55,-11.85,-11.11,13.78,0.38,-12.24,,0.0572951949801489
1983-11-28,-0.34,-11.11,-6.59,0.25,0.38,-8.06,,0.2630436939211058
1983-11-29,-2.94,-13.58,-8.76,0.24,0.38,-9.53,,0.195283110503655
1983-11-30,-3.95,-18.57,-12.04,0.31,0.38,-12.93,,0.2301994030989504
1983-12-01,1.31,-9.98,-3.61,0.0,0.38,-5.85,,0.2767930863603058
1983-12-02,-2.12,-10.02,-6.56,0.02,0.39,-8.06,,0.18993689728871543
1983-12-03,0.78,-9.67,-5.16,0.01,0.39,-7.16,,0.2894489727310839
1983-12-04,2.44,-6.3,-2.98,0.47,0.4,-5.45,,0.32117365427032724
1983-12-05,-5.93,-16.92,-9.49,0.49,0.4,-10.95,,0.12745606152051958
1983-12-06,0.73,-16.88,-8.45,0.0,0.4,-12.69,,0.41379921343236614
1983-12-07,1.02,-7.9,-3.09,0.0,0.4,-6.67,,0.2869893038919746
1983-12-08,6.1,-5.16,-0.01,0.0,0.41,-3.37,,0.4653365948239979
1983-12-09,6.05,-5.48,-0.04,0.0,0.42,-3.47,,0.4656396915711495
1983-12-10,8.77,0.37,2.99,0.0,0.42,-2.56,,0.624398380847588
1983-12-11,7.27,-1.71,1.61,0.0,0.42,-4.88,,0.5955548049474138
1983-12-12,12.23,-2.22,3.55,0.0,0.42,-3.07,,0.9369037274219973
1983-12-13,2.75,-5.39,-1.76,0.0,0.41,-7.88,,0.4069184770260489
1983-12-14,1.78,-5.72,-1.79,0.0,0.41,-7.73,,0.35313830305546967
1983-12-15,-2.33,-6.92,-5.39,0.0,0.41,-11.21,,0.25523538441953625
1983-12-16,0.8,-8.99,-4.8,0.0,0.4,-10.32,,0.3687506655190449
1983-12-17,-9.43,-13.83,-11.47,0.05,0.4,-14.75,,0.1044442042974543
1983-12-18,-6.1,-14.76,-11.56,0.0,0.4,-17.04,,0.22670124709072476
1983-12-19,-3.56,-13.36,-10.22,0.23,0.4,-15.19,,0.28205043029226606
1983-12-20,-8.67,-18.49,-13.96,1.09,0.4,-17.79,,0.16662858648283768
1983-12-21,-17.67,-21.43,-19.85,0.16,0.4,-24.05,,0.06511912312605017
1983-12-22,-10.98,-20.63,-16.66,0.76,0.4,-21.3,,0.15300623651196035
1983-12-23,-14.37,-20.16,-17.93,2.37,0.39,-21.8,,0.09419137724728265
1983-12-24,-17.27,-25.06,-20.36,0.71,0.39,-26.7,,0.08908100990628831
1983-12-25,-7.4,-16.97,-12.22,0.37,0.39,-15.83,,0.17258583598897168
1983-12-26,2.56,-11.46,-5.57,0.09,0.39,-7.78,,0.3942820904648887
1983-12-27,-5.74,-9.55,-8.08,2.13,0.39,-10.54,,0.12438496377168279
1983-12-28,-9.73,-17.66,-13.58,1.06,0.39,-18.61,,0.15139896765647468
1983-12-29,-4.36,-19.21,-12.87,0.0,0.39,-19.63,,0.3134150865570972
1983-12-30,6.26,-13.04,-2.87,0.0,0.4,-7.09,,0.5932314101345727
1983-12-31,3.4,-2.81,-0.23,1.74,0.4,-1.4,,0.22825083728159468
1984-01-01,3.81,-6.34,-1.96,1.18,0.4,-5.34,8.57,0.3920242674844456
1984-01-02,5.02,-7.84,-2.94,0.0,0.4,-9.04,8.57,0.5653109633387758
1984-01-03,7.45,-4.83,0.95,0.0,0.4,-6.57,8.13,0.6597061818196472
1984-01-04,11.25,0.04,3.68,0.0,0.4,-2.13,9.98,0.8123321290912251
1984-01-05,11.73,-0.18,4.25,0.0,0.4,-1.35,10.16,0.8244553684954664
1984-01-06,12.75,-2.04,3.32,0.0,0.4,-1.28,9.6,0.917262474772313
1984-01-07,14.19,-0.35,4.66,0.0,0.4,-2.71,10.46,1.118093673540427
1984-01-08,11.41,-2.82,2.39,0.0,0.4,-4.76,10.55,0.9200060324393217
1984-01-09,3.3,-4.97,-1.81,0.47,0.4,-5.22,6.91,0.3598611145195376
1984-01-10,7.31,-4.98,-0.46,0.0,0.4,-7.56,9.46,0.6773747842114868
1984-01-11,4.85,-1.3,0.89,1.4,0.4,-6.39,5.68,0.4844774959810837
1984-01-12,-0.63,-6.94,-4.11,0.56,0.4,-9.19,4.66,0.27875509240941565
1984-01-13,-0.62,-7.95,-5.01,1.13,0.4,-9.5,10.39,0.28653881150926913
1984-01-14,-7.83,-12.06,-10.07,3.63,0.4,-13.2,4.9,0.11796437843245255
1984-01-15,-3.84,-13.24,-9.28,0.91,0.39,-13.34,7.22,0.24141276091405098
1984-01-16,-3.23,-13.21,-9.15,0.12,0.39,-13.53,9.19,0.2663002627788275
1984-01-17,-10.32,-17.72,-13.45,1.1,0.39,-16.01,1.98,0.10344821480462427
1984-01-18,-8.9,-20.05,-14.87,0.0,0.39,-21.32,4.03,0.2005772438358276
1984-01-19,-5.54,-17.58,-12.53,0.0,0.39,-18.91,6.67,0.2672957433528923
1984-01-20,-2.99,-15.79,-10.42,0.0,0.39,-16.42,6.77,0.32081691122168043
1984-01-21,4.76,-11.22,-4.3,0.0,0.4,-13.53,6.74,0.6428216416754031
1984-01-22,1.47,-6.52,-3.26,0.01,0.4,-9.52,9.1,0.38254546157982683
1984-01-23,3.92,-7.39,-2.9,0.0,0.4,-9.16,10.66,0.5033716305003942
1984-01-24,5.43,-6.95,-1.33,0.0,0.4,-7.03,8.45,0.5383305935182572
1984-01-25,10.8,-3.17,2.62,0.0,0.4,-4.16,9.97,0.8465472729817423
1984-01-26,6.05,-3.97,0.97,0.07,0.4,-3.61,11.58,0.47057706574830394
1984-01-27,8.77,-3.81,1.29,0.0,0.4,-6.84,7.18,0.7645022059749278
1984-01-28,9.8,-0.47,2.74,0.0,0.4,-5.03,11.87,0.7913841367793468
1984-01-29,7.85,-5.33,1.54,0.0,0.4,-7.11,12.72,0.7035687053493311
1984-01-30,7.89,-6.07,-0.99,0.0,0.4,-8.17,11.85,0.7347955053075071
1984-01-31,13.42,-2.16,4.05,0.0,0.4,-9.33,12.87,1.238160994873377
1984-02-01,16.18,-1.65,5.23,0.01,0.39,-8.12,10.24,1.508044664862106
1984-02-02,5.93,-3.45,0.11,0.0,0.39,-9.24,11.71,0.6271836236739647
1984-02-03,7.27,-2.73,1.5,0.37,0.39,-7.95,7.05,0.684912456227592
1984-02-04,5.63,-5.05,-0.4,0.06,0.39,-6.49,13.48,0.535583773748612
1984-02-05,8.32,-2.4,1.8,0.0,0.39,-5.62,11.31,0.6946203225564055
1984-02-06,15.0,-2.13,3.89,0.0,0.39,-7.99,10.78,1.3707182074946083
1984-02-07,9.82,-2.97,2.06,0.0,0.39,-5.28,12.68,0.8009249469085806
1984-02-08,6.81,-3.1,0.82,0.0,0.39,-3.64,11.85,0.5221402502580768
1984-02-09,9.97,-3.35,2.33,0.0,0.39,-8.89,13.94,0.913622048630762
1984-02-10,14.75,-2.56,4.59,1.66,0.39,-7.53,14.18,1.3312737725425308
1984-02-11,1.35,-3.15,-1.02,7.58,0.39,-4.26,5.51,0.2280389288444412
1984-02-12,4.61,-5.98,-1.76,0.0,0.39,-9.96,11.1,0.5622276858935578
1984-02-13,11.31,-3.78,2.93,0.0,0.4,-4.68,12.7,0.9084875360884915
1984-02-14,14.98,-0.5,5.2,0.8,0.4,-1.53,13.37,1.1571084609298574
1984-02-15,0.77,-5.22,-1.77,4.84,0.4,-5.87,8.17,0.25173795244476327
1984-02-16,7.66,-6.68,-1.16,0.04,0.4,-8.83,13.47,0.7348317683058957
1984-02-17,7.05,-5.92,-1.03,8.04,0.4,-6.7,12.62,0.6354908897730152
1984-02-18,-1.53,-8.16,-5.07,4.08,0.4,-8.42,8.39,0.22246407001412638
1984-02-19,1.14,-8.16,-4.69,0.0,0.4,-9.42,9.77,0.36424631909721955
1984-02-20,5.72,-9.72,-2.38,0.0,0.41,-10.49,12.72,0.6423404101787595
1984-02-21,12.96,-4.49,2.13,0.0,0.41,-7.58,9.47,1.1483826485122344
1984-02-22,11.25,-2.95,2.91,0.0,0.42,-6.97,12.97,0.9725007087365074
1984-02-23,5.18,-3.7,-0.46,0.01,0.41,-8.98,15.03,0.5736560710806167
1984-02-24,7.62,-4.62,0.27,0.02,0.41,-9.89,16.15,0.7571052718676831
1984-02-25,8.44,-3.52,1.16,0.24,0.41,-6.4,15.99,0.7268932141295277
1984-02-26,1.44,-4.02,-2.18,0.69,0.41,-5.85,6.7,0.28310307353964753
1984-02-27,-0.8,-7.03,-3.62,0.0,0.41,-10.68,12.78,0.3054756092301976
1984-02-28,2.45,-8.33,-3.67,0.0,0.4,-12.46,17.22,0.4941313422893905
1984-02-29,12.52,-5.86,2.07,0.0,0.4,-8.06,18.45,1.1185792930849259
1984-03-01,12.77,-1.57,4.05,0.0,0.4,-5.59,15.01,1.0727094521748062
1984-03-02,12.79,-3.3,4.33,0.0,0.4,-3.36,19.5,1.0006965381704922
1984-03-03,8.07,-3.22,1.67,0.05,0.4,-5.3,14.1,0.6662168837304657
1984-03-04,0.46,-5.74,-2.85,0.0,0.4,-10.18,10.5,0.34989581602859443
1984-03-05,1.15,-6.02,-2.92,0.0,0.4,-12.54,18.0,0.4308082591956446
1984-03-06,2.63,-4.93,-1.14,0.0,0.4,-9.46,15.54,0.4399123319538006
1984-03-07,9.01,-6.23,0.87,0.0,0.4,-9.58,16.51,0.8534646490609781
1984-03-08,10.32,-6.52,0.69,0.0,0.39,-8.9,20.48,0.9429145176158142
1984-03-09,10.62,-5.96,0.95,0.0,0.39,-6.76,15.99,0.9118157919658716
1984-03-10,10.8,-5.76,1.81,0.0,0.39,-7.63,20.82,0.9512294699508946
1984-03-11,9.64,-3.01,1.61,0.31,0.39,-3.32,6.47,0.7205990418119896
1984-03-12,14.13,-3.56,4.98,0.02,0.39,-5.44,20.6,1.2048315753995724
1984-03-13,16.94,-0.89,7.31,0.0,0.39,-4.52,21.2,1.49359368582609
1984-03-14,21.05,0.14,9.97,0.0,0.39,-1.94,16.33,1.9648968708253711
1984-03-15,13.82,0.3,6.33,0.05,0.39,-1.59,21.36,1.0363945741345462
1984-03-16,11.56,-2.27,2.29,0.28,0.39,-1.34,10.2,0.8086459677795589
1984-03-17,15.48,-2.87,6.05,0.77,0.39,-6.88,22.11,1.3940518073763273
1984-03-18,1.28,-3.55,-2.22,24.0,0.39,-3.68,3.01,0.20477558422451453
1984-03-19,5.22,-3.13,-0.1,1.71,0.4,-3.27,12.66,0.40595298196131185
1984-03-20,10.03,-2.77,2.49,0.0,0.43,-3.4,17.78,0.7552358118035514
1984-03-21,13.53,-3.18,4.9,2.67,0.43,-1.89,19.79,1.0187747456740834
1984-03-22,6.6,-2.96,1.37,8.69,0.43,-2.59,5.29,0.4698539697607049
1984-03-23,6.61,-3.99,0.79,0.25,0.43,-3.91,7.67,0.5179954056110304
1984-03-24,15.28,-2.57,5.5,0.0,0.43,-2.46,13.33,1.2266113495758495
1984-03-25,12.8,-1.32,3.56,1.83,0.43,-1.47,15.26,0.9298247969590407
1984-03-26,9.45,-3.13,2.59,0.24,0.43,-4.84,23.6,0.7571099755137978
1984-03-27,3.07,-2.9,0.29,1.04,0.43,-4.25,8.44,0.3157587809440616
1984-03-28,3.68,-4.86,-1.22,0.14,0.42,-8.06,19.62,0.4623181607097091
1984-03-29,8.55,-5.0,1.21,0.96,0.42,-6.28,22.2,0.7316666032450484
1984-03-30,3.23,-3.17,-0.72,7.2,0.42,-3.62,10.65,0.30280179808053137
1984-03-31,6.96,-4.27,0.39,1.39,0.43,-3.38,6.36,0.5232000256025429
1984-04-01,13.43,-2.51,3.47,10.47,0.43,-0.99,3.78,0.9722550674331973
1984-04-02,1.39,-3.36,-0.74,7.82,0.43,-2.65,3.5,0.1728553082006693
1984-04-03,1.97,-6.82,-1.94,1.04,0.43,-4.58,12.8,0.2693258815444411
1984-04-04,8.82,-6.96,0.69,0.0,0.45,-5.97,24.45,0.7430297532598544
1984-04-05,17.09,-3.33,6.25,0.0,0.45,-3.44,25.11,1.4750331795928089
1984-04-06,21.11,0.88,10.25,1.04,0.44,0.55,22.91,1.8681732222455563
1984-04-07,15.37,2.92,8.88,0.19,0.44,3.34,11.15,0.97014847655994
1984-04-08,16.66,0.41,7.98,0.0,0.43,-1.07,24.23,1.3315283629574792
1984-04-09,16.77,1.73,7.23,6.84,0.43,2.4,15.03,1.183566975891238
1984-04-10,17.27,1.48,8.31,2.91,0.44,2.32,7.86,1.2491685382608664
1984-04-11,13.04,0.99,7.27,0.06,0.43,-4.3,16.26,1.0575930282621009
1984-04-12,14.19,-1.16,5.98,0.0,0.43,-8.12,22.78,1.2871695505982823
1984-04-13,10.54,1.27,6.27,0.0,0.42,-5.32,19.96,0.8620598582145348
1984-04-14,12.32,-0.16,5.91,0.0,0.42,-6.61,25.59,1.0600491663711913
1984-04-15,10.95,-0.98,4.66,0.0,0.42,-3.17,25.18,0.8249101316511924
1984-04-16,17.73,-2.6,7.49,0.0,0.42,-3.84,27.75,1.5694468634619627
1984-04-17,22.33,1.32,11.65,0.0,0.41,-2.43,27.82,2.1867228031169352
1984-04-18,11.63,2.03,6.81,1.53,0.41,2.02,16.76,0.662057027156303
1984-04-19,14.46,3.69,7.99,9.06,0.42,3.79,13.54,0.8456362058287821
1984-04-20,5.98,-0.45,2.41,20.1,0.44,0.7,8.59,0.29118890210442794
1984-04-21,3.18,-0.33,1.03,3.92,0.45,-0.74,11.93,0.18882349218705108
1984-04-22,10.46,-0.86,4.01,0.12,0.46,-3.08,22.69,0.7796211741054289
1984-04-23,20.16,0.37,11.18,0.01,0.46,-0.88,20.07,1.7887694125917268
1984-04-24,14.59,3.75,8.75,0.02,0.45,2.34,23.25,0.9378523604846144
1984-04-25,22.31,3.49,12.47,0.01,0.44,-0.48,18.39,2.1045128718482253
1984-04-26,12.37,-3.76,4.96,0.1,0.43,-7.04,19.74,1.0769177943276242
1984-04-27,9.69,-6.05,1.71,0.43,0.43,-10.33,17.07,0.9243670431865545
1984-04-28,10.44,-5.62,2.34,4.56,0.43,-6.3,19.19,0.8832715373160964
1984-04-29,5.36,-1.17,1.35,5.24,0.43,-1.72,19.08,0.35603458229674234
1984-04-30,13.3,-4.05,5.52,0.25,0.44,-1.77,19.76,0.9909608757032805
1984-05-01,18.95,2.38,9.68,6.53,0.44,3.17,16.94,1.4235905493912508
1984-05-02,15.64,4.83,8.91,2.84,0.44,4.64,17.13,0.926263687273333
1984-05-03,18.71,2.42,11.06,0.34,0.44,-0.31,22.06,1.5607944722518823
1984-05-04,16.49,2.72,10.07,1.37,0.44,0.88,26.33,1.2249381645530497
1984-05-05,17.23,5.27,9.98,3.19,0.44,4.54,24.72,1.1214594393246868
1984-05-06,14.06,1.42,8.18,2.71,0.44,-1.46,27.82,1.0559722938987557
1984-05-07,11.17,1.15,5.65,0.11,0.44,-4.29,21.48,0.883185196683216
1984-05-08,18.83,-0.4,9.59,0.0,0.43,-5.01,29.02,1.7533393985778405
1984-05-09,27.41,2.73,16.08,0.0,0.42,-0.15,22.12,3.0478387586252023
1984-05-10,28.77,8.68,18.68,0.02,0.42,4.55,28.49,3.1074563941374342
1984-05-11,26.88,8.37,17.29,0.91,0.41,8.98,25.67,2.393806514010579
1984-05-12,28.57,10.87,19.16,0.22,0.41,9.99,25.73,2.680068374861409
1984-05-13,27.58,12.31,19.12,0.18,0.4,8.93,28.66,2.5458281458950385
1984-05-14,24.71,11.87,17.66,0.03,0.4,9.92,28.78,1.8920728640614826
1984-05-15,27.51,12.56,19.91,0.07,0.4,7.2,27.82,2.6577157703288745
1984-05-16,21.89,13.2,16.97,0.45,0.39,9.58,22.51,1.4324292520072084
1984-05-17,22.23,10.96,15.98,2.89,0.4,6.68,15.38,1.7011675679620861
1984-05-18,25.19,12.2,17.61,5.62,0.4,11.01,25.44,1.8902191758294733
1984-05-19,22.52,11.1,16.43,0.57,0.4,6.79,26.72,1.7413960316927075
1984-05-20,28.67,9.71,19.75,0.0,0.4,6.26,30.47,2.977842453689132
1984-05-21,27.57,12.84,20.09,0.1,0.39,8.14,25.35,2.6032761783380547
1984-05-22,23.88,9.6,17.13,0.02,0.39,5.43,25.02,2.06364946442634
1984-05-23,30.22,11.22,20.91,0.19,0.39,9.76,30.37,3.088548691967408
1984-05-24,35.51,9.55,23.55,4.5,0.39,5.26,29.8,4.894853881885069
1984-05-25,20.45,8.0,14.36,3.31,0.39,6.61,16.8,1.4288727205751126
1984-05-26,24.25,6.81,15.29,2.49,0.4,6.68,22.68,2.048930660700975
1984-05-27,23.87,5.98,16.16,0.0,0.39,1.66,30.48,2.2720585433791145
1984-05-28,19.57,2.64,11.1,0.0,0.39,-0.31,26.75,1.6796035427172569
1984-05-29,25.65,4.82,15.45,0.0,0.39,2.27,30.68,2.573122875270748
1984-05-30,32.06,8.46,21.61,0.0,0.38,3.7,30.47,3.974672434780448
1984-05-31,32.71,13.66,22.45,1.5,0.38,7.74,28.79,3.894980289373956
1984-06-01,24.05,8.53,16.03,3.68,0.38,9.84,19.76,1.7780255377311003
1984-06-02,24.52,6.91,16.08,0.42,0.39,4.44,29.98,2.239534022923076
1984-06-03,24.91,11.15,17.43,2.02,0.38,9.25,22.78,1.9832406694459181
1984-06-04,28.11,9.78,19.23,0.01,0.39,4.8,28.42,2.944000395933043
1984-06-05,27.57,12.75,19.89,0.11,0.38,4.84,20.81,2.8237007356325807
1984-06-06,25.19,9.68,18.25,0.03,0.38,2.11,22.13,2.4925904024030823
1984-06-07,24.36,10.91,17.52,0.81,0.38,3.99,27.02,2.2363159803353128
1984-06-08,26.66,8.17,17.92,2.39,0.38,2.76,26.0,2.7498817763611196
1984-06-09,21.07,8.65,14.63,2.34,0.38,1.39,27.72,1.822294938865642
1984-06-10,25.33,5.07,16.25,11.03,0.38,4.75,25.89,2.373376772447254
1984-06-11,30.38,15.29,21.96,4.92,0.41,8.16,24.9,3.2519125019594526
1984-06-12,27.1,11.6,19.27,0.46,0.4,8.74,22.86,2.458260017568354
1984-06-13,29.88,15.37,21.86,0.95,0.4,13.67,20.91,2.6492570241075084
1984-06-14,30.11,16.18,22.4,1.15,0.39,12.34,27.25,2.835589720661579
1984-06-15,30.56,13.49,22.28,3.46,0.39,12.84,27.48,2.899105207188146
1984-06-16,28.61,14.36,21.77,2.83,0.4,12.12,26.39,2.5025779260866763
1984-06-17,28.77,12.39,20.84,0.9,0.39,6.61,27.26,2.977399668265766
1984-06-18,26.8,12.44,19.32,4.08,0.39,10.67,26.39,2.239524660462128
1984-06-19,28.87,14.49,21.45,1.52,0.39,12.08,28.95,2.5657028750167212
1984-06-20,31.28,14.21,23.13,1.73,0.39,11.37,26.42,3.219354414933018
1984-06-21,32.98,15.92,25.07,1.66,0.39,10.21,29.1,3.779157551514817
1984-06-22,31.61,14.46,23.98,0.5,0.38,10.17,28.55,3.4089633489787907
1984-06-23,25.79,14.18,19.55,0.18,0.38,10.36,24.8,2.062034609776415
1984-06-24,30.88,13.86,22.8,0.5,0.38,10.84,27.64,3.1631732036175526
1984-06-25,33.09,16.05,24.73,0.19,0.38,8.62,26.72,3.936677762017296
1984-06-26,32.68,15.3,24.47,0.05,0.37,5.75,27.74,4.021512970665596
1984-06-27,30.79,15.08,23.64,2.49,0.37,10.87,25.23,3.13774571499117
1984-06-28,33.77,17.6,25.55,0.06,0.37,8.32,27.29,4.155143568840593
1984-06-29,33.96,15.98,25.04,4.62,0.37,9.67,27.72,4.106354108725588
1984-06-30,34.24,14.9,24.03,9.4,0.38,12.23,28.8,3.9667770114685306
1984-07-01,27.22,13.62,20.1,1.09,0.39,11.89,24.99,2.2191938276179766
1984-07-02,34.12,15.01,25.39,1.1,0.38,11.65,27.96,3.9843832861396704
1984-07-03,32.37,19.16,25.18,1.9,0.38,10.46,25.12,3.5887658251680667
1984-07-04,28.38,15.18,21.76,1.41,0.38,12.61,27.03,2.4043882493656765
1984-07-05,33.81,18.02,25.73,0.59,0.38,10.4,28.63,4.001977815231484
1984-07-06,36.42,17.5,26.61,0.79,0.37,12.05,27.46,4.672082619617218
1984-07-07,37.79,17.22,27.99,0.1,0.37,9.79,26.7,5.339111461424626
1984-07-08,36.92,18.51,27.76,1.18,0.37,9.65,27.82,5.048066934377772
1984-07-09,33.98,19.23,25.25,1.1,0.37,13.22,25.35,3.7938776947261896
1984-07-10,31.13,16.96,23.43,0.01,0.36,11.13,22.75,3.201848292723539
1984-07-11,30.84,14.09,22.76,0.0,0.36,7.53,29.98,3.412922148933683
1984-07-12,34.31,17.95,26.81,0.02,0.36,8.29,29.68,4.317620993294073
1984-07-13,34.97,20.55,27.75,0.11,0.36,10.22,27.33,4.367181504781428
1984-07-14,31.61,18.66,25.35,4.91,0.36,11.41,27.88,3.302063475327692
1984-07-15,28.96,19.02,23.33,3.49,0.36,14.23,19.88,2.373805620846216
1984-07-16,29.91,16.83,23.46,4.14,0.37,14.39,27.34,2.5816951305583036
1984-07-17,31.28,16.96,24.22,1.39,0.37,10.55,25.76,3.290745025823577
1984-07-18,34.16,18.21,26.32,0.28,0.37,11.68,28.49,3.9935893109640923
1984-07-19,35.74,19.41,27.75,0.05,0.37,9.96,28.67,4.632093983122787
1984-07-20,34.55,18.95,26.94,3.4,0.37,11.94,29.54,4.087309546473985
1984-07-21,35.22,20.74,27.42,0.0,0.37,11.06,27.98,4.373453177024572
1984-07-22,35.81,19.94,28.0,0.0,0.36,8.39,27.99,4.777744525220709
1984-07-23,34.7,17.41,26.4,0.1,0.36,9.72,25.86,4.325006307937615
1984-07-24,33.29,18.72,26.11,0.1,0.36,9.38,24.88,3.9346835850384414
1984-07-25,31.28,17.55,24.57,0.9,0.36,9.85,23.72,3.3490310954775544
1984-07-26,30.09,16.86,23.14,0.71,0.36,10.86,22.91,2.964470009392044
1984-07-27,30.52,14.7,23.14,0.07,0.36,11.92,24.58,2.976089669318018
1984-07-28,29.73,18.56,23.26,2.43,0.36,14.12,23.05,2.5666989438194663
1984-07-29,31.46,17.31,24.3,2.74,0.36,13.76,22.96,3.03771608576418
1984-07-30,33.87,16.63,25.81,2.45,0.36,12.91,25.63,3.79190279978347
1984-07-31,29.45,18.85,24.07,2.71,0.37,14.1,18.66,2.5020235456021322
1984-08-01,24.21,17.98,21.35,6.87,0.38,14.19,15.36,1.403313744740372
1984-08-02,28.59,17.48,22.94,0.73,0.38,14.23,28.2,2.2891193139522326
1984-08-03,32.81,16.95,25.24,1.15,0.38,12.61,22.78,3.5168008647132387
1984-08-04,31.01,19.03,25.16,2.27,0.37,13.05,22.49,2.9924738871192096
1984-08-05,31.66,18.42,25.2,4.09,0.37,13.25,25.53,3.141739280099486
1984-08-06,29.45,17.94,23.42,2.43,0.38,15.18,22.57,2.3858226099357687
1984-08-07,30.13,16.22,23.42,1.46,0.38,12.22,21.84,2.85176574251265
1984-08-08,32.07,16.85,24.92,0.7,0.38,10.29,25.79,3.5215853668205703
1984-08-09,30.43,18.0,23.76,0.92,0.37,11.4,17.85,3.000816287990709
1984-08-10,30.97,15.77,23.61,0.01,0.37,10.99,25.84,3.173083100832442
1984-08-11,30.97,14.53,23.21,0.02,0.37,11.34,25.04,3.1422466507459283
1984-08-12,30.34,16.69,23.58,0.14,0.37,11.41,24.74,2.977595298390226
1984-08-13,28.61,19.11,23.81,1.15,0.36,12.69,23.1,2.448610834150938
1984-08-14,33.38,16.8,25.51,0.53,0.36,12.76,23.2,3.663943141778517
1984-08-15,33.4,18.28,26.07,0.15,0.36,11.91,23.76,3.7498505771151187
1984-08-16,30.85,19.57,24.92,0.29,0.36,11.9,24.84,3.061026983758839
1984-08-17,32.42,18.24,25.36,4.42,0.36,13.62,23.63,3.309186498842175
1984-08-18,26.56,18.72,22.15,3.15,0.37,13.93,18.95,1.8829765822238589
1984-08-19,27.54,16.1,22.07,2.41,0.37,14.42,23.11,2.037161623540624
1984-08-20,29.96,17.83,23.45,4.65,0.37,14.04,18.58,2.630580668757141
1984-08-21,25.74,15.67,20.37,3.1,0.38,12.5,21.29,1.8606395324602032
1984-08-22,28.51,13.83,21.2,0.11,0.38,8.64,21.38,2.773200841829797
1984-08-23,27.57,16.0,21.74,1.87,0.38,12.41,23.95,2.245381236566164
1984-08-24,27.74,16.09,22.44,2.64,0.38,13.55,19.32,2.1705671935405073
1984-08-25,32.67,16.08,24.66,0.13,0.38,12.0,23.91,3.535219426571536
1984-08-26,32.36,18.8,25.47,0.0,0.37,9.64,22.46,3.653709786893135
1984-08-27,32.86,17.64,25.3,0.28,0.37,6.27,23.91,4.038047621523316
1984-08-28,35.34,17.79,26.07,0.25,0.37,7.03,21.95,4.725283503269594
1984-08-29,33.59,18.01,25.16,0.0,0.36,4.14,24.0,4.377716500692147
1984-08-30,32.44,13.57,22.81,0.0,0.36,4.56,24.16,4.028403342833641
1984-08-31,33.96,19.02,24.3,2.02,0.36,11.8,18.49,3.9232510482232694
1984-09-01,28.51,16.41,21.29,3.04,0.36,10.8,16.78,2.598273285690925
1984-09-02,25.21,10.89,18.11,5.2,0.37,5.94,23.97,2.276387176387025
1984-09-03,28.6,12.46,20.22,0.0,0.37,6.05,23.7,2.9756579865682884
1984-09-04,29.26,12.51,20.48,0.0,0.37,6.34,23.64,3.1089082203783467
1984-09-05,33.77,11.38,23.01,0.0,0.37,4.77,23.02,4.393113545839775
1984-09-06,35.43,16.21,25.67,0.0,0.36,2.78,22.59,5.011680922085999
1984-09-07,28.13,13.83,20.56,0.83,0.36,6.36,15.02,2.849963315106699
1984-09-08,27.93,10.07,19.02,0.0,0.36,0.85,23.21,3.114917291867998
1984-09-09,31.35,13.62,22.09,0.0,0.36,3.66,23.18,3.788886358019953
1984-09-10,34.37,15.94,24.87,0.05,0.35,4.31,22.64,4.598650021904694
1984-09-11,29.01,14.12,20.97,0.28,0.35,10.07,10.53,2.77425849080067
1984-09-12,32.92,15.23,24.15,0.47,0.35,8.01,21.33,3.9341200989808662
1984-09-13,26.3,16.09,20.63,0.53,0.35,10.5,15.7,2.151797776564035
1984-09-14,21.6,10.04,16.07,0.15,0.35,8.9,4.37,1.4398250281863174
1984-09-15,18.55,7.55,12.47,0.31,0.35,5.63,6.65,1.2250314695977038
1984-09-16,26.79,9.75,16.94,0.69,0.35,7.27,17.78,2.501064597640372
1984-09-17,28.77,10.83,19.41,0.04,0.35,6.84,22.26,2.9618382735575386
1984-09-18,30.33,12.11,20.77,0.03,0.35,3.55,21.68,3.5361822549856
1984-09-19,31.72,13.23,21.99,0.0,0.35,4.1,21.37,3.8610549187539025
1984-09-20,30.72,13.95,21.64,0.01,0.35,2.21,21.19,3.7051544101338036
1984-09-21,31.53,12.58,20.74,0.2,0.35,5.49,18.66,3.727338067264637
1984-09-22,24.57,10.44,17.21,0.01,0.35,5.39,21.5,2.19119603469101
1984-09-23,30.31,11.03,20.89,0.02,0.35,4.52,20.69,3.4755850576019243
1984-09-24,27.34,4.66,16.48,0.0,0.35,3.85,15.68,2.832363491230848
1984-09-25,14.44,0.61,6.84,0.01,0.35,-5.61,21.08,1.242765068574731
1984-09-26,16.16,4.11,8.62,0.18,0.35,-2.57,13.86,1.3313834469262664
1984-09-27,17.5,2.39,9.12,0.4,0.35,0.55,20.75,1.3643011811868286
1984-09-28,7.36,-0.99,2.48,2.1,0.35,-3.56,6.78,0.5573631696710293
1984-09-29,11.78,-3.23,3.72,0.01,0.35,-5.2,14.69,0.9675242160385524
1984-09-30,20.47,0.14,9.85,0.0,0.35,-5.34,20.62,1.996758594932476
1984-10-01,24.17,5.03,13.54,0.0,0.35,3.0,14.47,2.256734189534487
1984-10-02,24.32,10.9,16.59,1.2,0.35,3.41,18.28,2.2616110341398135
1984-10-03,19.31,11.17,14.29,6.45,0.35,8.38,11.83,1.1394006637058731
1984-10-04,19.17,9.96,13.92,14.09,0.38,9.59,3.08,1.0261767484737743
1984-10-05,17.42,8.18,12.28,0.85,0.39,7.79,8.74,0.9323878677071886
1984-10-06,17.76,7.63,12.29,0.01,0.39,6.93,10.84,1.0359947762925512
1984-10-07,21.8,7.23,13.25,0.0,0.39,2.18,17.54,1.897088648081145
1984-10-08,15.28,5.35,10.06,2.32,0.39,2.16,12.26,1.0225695070150749
1984-10-09,18.37,4.08,10.86,1.69,0.39,3.55,13.4,1.324638488909596
1984-10-10,23.67,7.15,14.1,0.08,0.39,5.38,16.8,2.029600332653937
1984-10-11,25.49,6.99,15.56,0.0,0.38,4.53,17.26,2.41731803847383
1984-10-12,24.56,9.09,15.51,0.05,0.38,7.28,16.3,2.064412300396975
1984-10-13,19.82,6.49,12.32,2.27,0.38,5.03,12.47,1.4382141461183906
1984-10-14,10.45,-0.37,5.75,11.96,0.39,3.31,1.34,0.4908852336937154
1984-10-15,9.13,-2.7,2.52,8.17,0.4,-2.73,13.92,0.6585979981146601
1984-10-16,1.95,-6.12,-1.3,12.32,0.4,-3.79,2.35,0.24162707895988045
1984-10-17,11.52,-4.01,3.12,0.06,0.42,-1.36,9.8,0.805858680761196
1984-10-18,4.88,-3.5,0.78,0.06,0.42,-5.44,8.77,0.4577214452320937
1984-10-19,10.3,-4.38,2.71,0.23,0.42,-6.04,13.27,0.8638148539352056
1984-10-20,6.66,-3.92,1.45,0.57,0.42,-2.47,4.17,0.46936573108501467
1984-10-21,7.4,-0.65,2.37,1.52,0.42,-0.65,1.84,0.44720799341943784
1984-10-22,6.55,-1.96,1.71,0.97,0.41,-1.02,1.35,0.40440017441379184
1984-10-23,8.24,-0.86,2.76,0.25,0.41,-1.19,5.92,0.5305474713178822
1984-10-24,6.54,-0.46,2.2,0.38,0.41,-0.33,2.15,0.3743644137712848
1984-10-25,13.81,-2.81,4.52,0.04,0.41,-2.22,15.13,1.0601173972604876
1984-10-26,20.24,0.72,9.32,0.0,0.4,-1.23,15.65,1.8150077449189304
1984-10-27,13.62,0.27,7.49,0.0,0.4,-1.78,13.81,1.0235468441507698
1984-10-28,12.7,-1.84,4.37,0.0,0.4,-1.6,14.89,0.9253988130021797
1984-10-29,19.51,1.37,9.68,0.0,0.4,-3.2,15.17,1.7859249744055958
1984-10-30,7.86,0.33,3.32,0.0,0.39,-2.97,5.99,0.5718586213537604
1984-10-31,20.72,0.58,8.42,0.0,0.39,-0.11,13.01,1.838624354501682
1984-11-01,13.85,-4.81,3.44,0.0,0.39,-3.3,15.0,1.1043411162560877
1984-11-02,21.31,-1.1,8.78,0.0,0.39,-3.04,14.1,2.0465914625281636
1984-11-03,16.46,3.17,9.42,0.0,0.39,-4.57,14.49,1.4372728529214196
1984-11-04,11.43,0.17,4.85,0.0,0.39,-8.66,14.49,1.0331555877745202
1984-11-05,12.2,-3.39,4.08,0.0,0.38,-8.85,14.19,1.1083127469520186
1984-11-06,13.5,1.25,7.33,0.01,0.38,-3.44,4.99,1.0736916268676466
1984-11-07,18.68,3.34,10.01,0.0,0.38,-2.72,10.78,1.653950012647107
1984-11-08,16.49,1.78,8.57,0.01,0.38,-1.49,10.04,1.3283263106491594
1984-11-09,11.54,-0.48,5.75,0.02,0.38,-5.49,12.3,0.9548239064380043
1984-11-10,9.67,-4.07,1.6,0.0,0.38,-6.47,12.43,0.8246513741140257
1984-11-11,13.77,-0.93,5.0,0.0,0.38,-6.09,12.56,1.1873354904206437
1984-11-12,18.15,-0.25,8.34,0.0,0.38,-3.61,6.05,1.6157619718453082
1984-11-13,21.1,1.93,10.34,0.0,0.38,-2.28,11.32,1.9857438287995781
1984-11-14,13.0,0.98,6.67,0.0,0.38,-4.92,10.2,1.0740286525693594
1984-11-15,8.34,-3.87,1.52,0.0,0.38,-8.31,10.74,0.7714908386778576
1984-11-16,8.91,-4.28,2.08,0.0,0.38,-5.24,9.27,0.7275372431642707
1984-11-17,7.27,-3.21,2.55,0.0,0.38,-7.72,11.33,0.678849364807917
1984-11-18,8.28,-5.12,-0.06,0.0,0.38,-7.51,12.54,0.7460428271820645
1984-11-19,10.45,-3.18,1.56,0.0,0.38,-7.23,12.46,0.9105079594291603
1984-11-20,12.24,-2.41,2.95,0.0,0.38,-7.23,12.5,1.069936904389294
1984-11-21,15.2,-2.65,4.05,0.0,0.38,-6.82,12.21,1.3610224917178093
1984-11-22,10.12,-1.09,3.24,0.0,0.38,-6.01,7.08,0.8479237471430792
1984-11-23,15.09,0.41,6.05,0.0,0.38,-2.88,11.56,1.2212224410963122
1984-11-24,12.78,2.47,6.46,0.49,0.38,3.05,3.75,0.7158926132529341
1984-11-25,10.01,-1.22,3.67,3.53,0.38,0.43,4.98,0.5986047035971078
1984-11-26,-0.39,-5.28,-3.42,2.48,0.38,-7.69,5.33,0.25114588319419767
1984-11-27,1.97,-6.84,-3.62,0.0,0.38,-12.63,7.63,0.4727798955812406
1984-11-28,6.37,-4.11,0.56,0.26,0.38,-6.44,10.78,0.5820462795930972
1984-11-29,6.3,-3.92,-0.07,0.0,0.38,-7.08,10.85,0.5955879619250486
1984-11-30,6.41,-4.66,-0.6,0.0,0.38,-9.44,11.17,0.6633311260487125
1984-12-01,5.49,-5.93,-0.69,0.02,0.38,-9.58,9.77,0.6072298410942103
1984-12-02,-0.17,-6.62,-4.4,0.02,0.38,-12.57,9.8,0.3708069115797634
1984-12-03,1.72,-7.02,-3.66,0.0,0.38,-10.71,10.19,0.4216087276668762
1984-12-04,0.08,-10.04,-5.38,0.0,0.38,-9.87,10.24,0.3256946276798268
1984-12-05,-0.18,-10.2,-5.93,0.0,0.38,-11.99,10.79,0.3591938287954612
1984-12-06,10.64,-7.88,0.26,0.0,0.38,-11.24,10.33,1.0228225179964878
1984-12-07,13.12,-0.29,4.39,0.0,0.38,-6.91,9.63,1.1456983234194353
1984-12-08,7.57,0.34,3.16,0.0,0.38,-4.75,7.59,0.6125129401879257
1984-12-09,11.74,0.13,4.59,0.0,0.38,-4.52,10.71,0.9419181637729415
1984-12-10,11.6,-2.25,3.37,0.0,0.38,-5.81,8.79,0.9700322248365421
1984-12-11,13.04,0.01,5.11,0.01,0.38,-2.6,6.09,0.9972523267730954
1984-12-12,0.54,-5.19,-2.51,2.26,0.38,-5.45,8.61,0.2282263425341982
1984-12-13,-5.1,-9.06,-6.55,8.77,0.38,-9.11,1.75,0.11146297520001874
1984-12-14,1.09,-9.79,-4.74,0.09,0.38,-8.64,3.59,0.34293431192913615
1984-12-15,5.29,-4.57,-0.25,0.03,0.39,-2.84,3.1,0.3946219971558049
1984-12-16,6.87,-4.57,-0.1,0.0,0.39,-6.83,8.69,0.6268265134173394
1984-12-17,0.0,-6.45,-3.66,0.0,0.39,-9.69,6.82,0.317986192254953
1984-12-18,6.91,-6.5,-2.07,0.0,0.39,-6.63,7.1,0.6238715528893165
1984-12-19,2.98,-5.6,-0.95,0.01,0.39,-5.17,8.36,0.3409214679949144
1984-12-20,9.25,-5.08,0.6,0.09,0.39,-3.82,9.96,0.7071407767641184
1984-12-21,4.68,-3.67,-0.46,0.06,0.39,-9.96,8.34,0.5663978060474932
1984-12-22,6.39,-6.36,-1.16,0.0,0.39,-11.24,10.21,0.7018532097941113
1984-12-23,8.03,-3.28,1.4,0.0,0.39,-8.14,10.0,0.7442264241016667
1984-12-24,-0.41,-9.3,-4.72,0.0,0.39,-9.77,8.98,0.301847239097077
1984-12-25,7.01,-6.24,-0.87,0.0,0.39,-8.49,6.88,0.6807351111892083
1984-12-26,9.35,-1.28,3.49,0.0,0.39,-5.83,7.14,0.7801313663453486
1984-12-27,6.74,0.95,4.35,0.02,0.39,0.37,3.78,0.3566675612547172
1984-12-28,12.67,0.66,6.29,0.0,0.39,0.53,7.82,0.8309785697873864
1984-12-29,5.35,-4.28,-1.09,0.0,0.39,-5.64,9.57,0.4927125578922857
1984-12-30,9.66,-2.78,1.57,0.0,0.39,-5.13,9.26,0.7832274621725437
1984-12-31,1.81,-6.61,-3.1,0.06,0.39,-6.38,4.13,0.3170708706799854
1985-01-01,-3.82,-9.22,-6.8,0.07,0.39,-13.86,9.27,0.25120792633856837
1985-01-02,1.56,-10.7,-4.51,0.0,0.39,-13.43,9.87,0.4669792585219601
1985-01-03,4.2,-4.66,-1.06,0.0,0.39,-5.57,5.45,0.4214899110727394
1985-01-04,8.28,-2.25,0.92,0.0,0.39,-4.54,10.33,0.6572793551112827
1985-01-05,9.35,-1.24,2.49,0.0,0.39,-6.51,9.86,0.8002269119530301
1985-01-06,5.24,-2.84,0.5,0.0,0.39,-10.01,10.42,0.601548813378051
1985-01-07,5.34,-2.76,-0.08,0.07,0.39,-10.01,10.23,0.6077474652017333
1985-01-08,-1.56,-4.76,-3.51,2.14,0.39,-6.54,3.06,0.17043911059427774
1985-01-09,-4.83,-10.51,-7.21,0.58,0.39,-10.04,2.97,0.1418395460192028
1985-01-10,4.65,-10.99,-4.58,0.1,0.39,-9.76,6.21,0.5600308207420404
1985-01-11,-5.48,-9.65,-8.09,0.35,0.39,-11.59,7.74,0.15443633599195294
1985-01-12,2.34,-11.69,-5.63,0.0,0.39,-11.54,9.81,0.4703502115800051
1985-01-13,7.36,-6.61,-1.66,0.01,0.39,-11.77,9.5,0.7788828512262274
1985-01-14,5.17,-7.26,-1.87,0.0,0.39,-10.82,11.35,0.6150610513076842
1985-01-15,5.89,-3.29,0.2,0.0,0.39,-7.66,4.61,0.584678585530109
1985-01-16,0.99,-5.62,-2.62,0.0,0.39,-8.41,9.98,0.3324030462904311
1985-01-17,10.68,-5.44,1.2,0.0,0.39,-7.51,11.08,0.937694734935874
1985-01-18,8.26,-1.17,1.65,0.51,0.39,-5.99,10.51,0.7013680157353493
1985-01-19,-0.81,-13.03,-4.61,1.7,0.39,-9.9,4.17,0.28773286616121296
1985-01-20,-4.62,-17.5,-11.85,0.14,0.39,-20.67,5.82,0.31592960265739717
1985-01-21,-6.61,-13.26,-10.06,1.58,0.39,-14.88,6.72,0.18001961157465454
1985-01-22,-3.03,-11.42,-8.69,0.69,0.39,-12.09,5.43,0.24683996966163319
1985-01-23,4.05,-10.45,-4.49,0.0,0.39,-11.94,6.02,0.571491374499571
1985-01-24,5.87,-6.55,-1.12,0.0,0.39,-8.48,10.36,0.6046631331182118
1985-01-25,5.91,-4.99,-0.31,0.0,0.39,-6.58,12.54,0.5560522693906234
1985-01-26,7.19,-3.42,0.16,0.02,0.39,-7.47,10.37,0.6665684065369952
1985-01-27,0.04,-4.16,-2.54,0.38,0.39,-7.61,9.92,0.2679106575071696
1985-01-28,5.81,-6.97,-1.34,0.12,0.39,-6.84,11.76,0.5570385789847927
1985-01-29,1.64,-5.63,-2.41,1.61,0.39,-6.81,9.31,0.3209779001535423
1985-01-30,-5.84,-17.57,-13.63,1.75,0.39,-17.64,2.5,0.24244600668612962
1985-01-31,-10.99,-19.3,-15.76,0.01,0.39,-22.27,3.44,0.16192015855343916
1985-02-01,-11.96,-19.56,-16.04,0.0,0.39,-21.56,9.82,0.1355092312545086
1985-02-02,-5.16,-19.63,-13.1,0.52,0.39,-19.46,11.09,0.2855028109924144
1985-02-03,-1.5,-16.86,-9.72,1.04,0.39,-15.29,11.0,0.36132186939641986
1985-02-04,-9.15,-15.29,-12.9,0.3,0.39,-16.79,8.42,0.14157246926752753
1985-02-05,-1.78,-16.44,-9.53,0.0,0.39,-16.65,7.67,0.37012587205775455
1985-02-06,-2.2,-11.68,-7.77,0.03,0.39,-13.93,9.81,0.31160658533693536
1985-02-07,3.49,-12.51,-5.21,0.01,0.39,-13.94,10.48,0.5766505598659883
1985-02-08,9.5,-6.84,0.16,0.34,0.39,-9.34,14.44,0.886399124112484
1985-02-09,3.67,-5.6,-0.94,1.49,0.39,-6.16,10.71,0.4090740784875945
1985-02-10,-2.54,-6.95,-5.35,0.91,0.39,-10.74,10.13,0.23732690903102766
1985-02-11,3.93,-10.49,-3.66,0.0,0.39,-14.09,8.1,0.6039344720750239
1985-02-12,10.63,-6.76,0.8,0.02,0.39,-5.96,6.77,0.8893309420177216
1985-02-13,3.63,-4.92,-1.16,0.01,0.39,-6.35,9.33,0.4124158800120448
1985-02-14,6.94,-4.75,0.04,0.0,0.39,-9.98,14.15,0.7115737147519552
1985-02-15,15.14,-2.21,4.2,0.0,0.39,-5.95,15.18,1.3290336466988835
1985-02-16,7.2,-3.7,0.84,0.0,0.39,-6.16,13.64,0.6302107193637051
1985-02-17,7.42,-3.77,1.18,0.0,0.39,-6.59,14.83,0.6581621613853603
1985-02-18,8.62,-5.8,0.5,0.0,0.39,-9.78,15.89,0.8281834627502715
1985-02-19,14.59,-2.85,4.26,0.0,0.39,-9.71,16.6,1.3684984580927864
1985-02-20,17.81,1.1,7.95,0.0,0.39,-3.95,15.32,1.5834870380612511
1985-02-21,7.48,-2.1,1.56,0.32,0.39,-2.5,11.93,0.527155334287037
1985-02-22,11.32,-2.65,3.26,3.59,0.39,-3.63,9.3,0.8738265244412747
1985-02-23,1.71,-6.13,-2.15,1.95,0.39,-6.47,6.61,0.314710694730578
1985-02-24,10.2,-6.0,1.11,0.0,0.39,-9.26,17.4,0.9415912559797227
1985-02-25,12.24,-3.39,3.35,2.6,0.39,-5.03,16.39,1.0046970982202426
1985-02-26,4.33,-5.06,-1.78,1.0,0.39,-11.19,12.96,0.572498659522219
1985-02-27,9.04,-5.74,0.17,0.0,0.39,-7.78,14.98,0.811021703902994
1985-02-28,11.7,-2.88,2.81,0.0,0.39,-8.0,18.43,1.0406911107295975
1985-03-01,13.04,-2.09,4.44,0.0,0.39,-4.91,18.79,1.077630450580981
1985-03-02,15.35,-2.36,5.78,0.09,0.39,-3.69,10.72,1.2791815216322187
1985-03-03,12.21,-9.5,2.38,0.14,0.39,-8.4,11.22,1.0980183622658564
1985-03-04,3.93,-9.77,-3.84,0.0,0.39,-15.82,19.64,0.6313671114592033
1985-03-05,7.09,-6.38,-1.11,0.0,0.39,-11.23,20.17,0.7490521541511437
1985-03-06,14.56,-2.09,5.43,0.01,0.39,-4.48,18.9,1.2195306192349102
1985-03-07,13.96,-3.01,4.5,0.01,0.39,-6.63,18.34,1.2226477290628517
1985-03-08,12.38,-4.37,3.58,0.0,0.38,-9.53,19.74,1.1415562390662761
1985-03-09,16.42,-1.73,6.45,0.01,0.38,-3.26,17.58,1.3874384891989853
1985-03-10,19.59,0.78,9.94,0.0,0.38,-0.25,12.73,1.6798138314573672
1985-03-11,8.46,0.48,4.68,0.05,0.38,-4.95,15.13,0.6840667279769628
1985-03-12,10.44,-1.58,2.18,2.64,0.38,-2.49,7.86,0.7560560392550456
1985-03-13,9.25,-3.46,2.22,0.08,0.38,-8.58,17.2,0.8480432428382585
1985-03-14,13.58,-1.27,4.9,0.0,0.38,-8.47,21.23,1.233235868816932
1985-03-15,15.99,-2.51,6.61,0.0,0.38,-4.99,20.39,1.3956291482004428
1985-03-16,10.05,-1.64,3.18,0.0,0.38,-5.27,19.31,0.8194645465878683
1985-03-17,17.61,-1.53,7.03,0.0,0.38,-6.4,22.05,1.6354655185983946
1985-03-18,17.96,-1.21,8.17,0.0,0.38,-6.82,21.51,1.69239748521569
1985-03-19,14.93,0.56,6.48,0.0,0.38,-5.43,18.08,1.2900559016282416
1985-03-20,14.42,-0.95,6.16,0.0,0.38,-5.85,21.95,1.2479461627501272
1985-03-21,14.8,-1.04,6.44,0.01,0.37,-4.57,22.67,1.248380406439113
1985-03-22,8.9,-1.78,2.78,0.02,0.37,-11.35,18.65,0.8837948163718885
1985-03-23,11.16,-3.42,4.44,0.0,0.37,-8.71,18.95,1.010429194319033
1985-03-24,18.72,-0.74,9.31,0.0,0.37,-3.83,23.31,1.6991928436375585
1985-03-25,24.1,1.03,13.14,0.0,0.37,-4.61,23.51,2.5680585960200326
1985-03-26,20.0,3.45,11.89,0.0,0.37,-5.02,22.31,1.9177440622030408
1985-03-27,19.81,0.98,10.27,0.05,0.37,-5.91,19.18,1.9179748041912315
1985-03-28,8.76,0.71,4.11,1.32,0.37,-8.34,12.85,0.8039689601746103
1985-03-29,-0.67,-5.5,-3.34,4.57,0.37,-8.29,16.95,0.2547663590240808
1985-03-30,0.72,-6.37,-3.94,0.68,0.37,-10.1,10.93,0.3601043211323566
1985-03-31,7.89,-6.62,2.18,0.01,0.37,-6.23,20.2,0.6813332921380921
1985-04-01,13.56,-2.62,5.85,0.16,0.38,-3.69,21.47,1.0885535149942736
1985-04-02,21.7,3.25,11.73,0.0,0.38,-2.19,25.2,2.075931326202143
1985-04-03,23.89,4.58,14.31,0.17,0.37,-3.49,24.86,2.4922695501239853
1985-04-04,15.83,-2.33,6.08,2.95,0.38,-4.92,12.64,1.3748943100730644
1985-04-05,12.59,-4.82,4.66,0.08,0.38,-9.01,19.78,1.1491243845448251
1985-04-06,11.46,-3.17,4.47,0.01,0.37,-5.87,12.76,0.9592459911857636
1985-04-07,13.7,-4.68,3.98,0.01,0.37,-8.85,24.83,1.2548918951753345
1985-04-08,13.32,-5.01,4.17,0.01,0.37,-5.89,25.11,1.1358647085279112
1985-04-09,18.29,0.47,9.7,0.09,0.37,0.43,21.4,1.4717450821518057
1985-04-10,21.86,3.5,12.73,0.0,0.37,-3.21,26.53,2.1394501932288006
1985-04-11,25.37,6.52,16.29,0.0,0.37,-1.87,26.3,2.7057606987308764
1985-04-12,21.05,8.85,14.61,0.0,0.37,-1.01,21.52,1.9273184737960234
1985-04-13,19.18,6.03,12.0,0.0,0.36,-3.69,25.32,1.7572173399275028
1985-04-14,24.15,3.66,14.74,0.0,0.36,-4.01,27.18,2.5569701103403912
1985-04-15,27.19,6.6,17.28,0.0,0.36,-2.8,27.28,3.1082903007586804
1985-04-16,28.76,8.98,19.18,0.0,0.36,-0.9,27.08,3.378522734323276
1985-04-17,28.93,12.12,19.91,0.12,0.36,0.3,26.17,3.3652369975118903
1985-04-18,24.97,11.54,18.16,1.6,0.36,3.3,24.19,2.388068782534893
1985-04-19,18.72,7.44,13.3,2.99,0.36,0.87,21.51,1.5087270966662016
1985-04-20,23.57,5.02,13.81,0.09,0.36,-2.29,25.04,2.391569903559946
1985-04-21,22.11,7.28,13.95,0.72,0.36,0.42,20.02,2.031985686073711
1985-04-22,10.88,3.97,7.18,1.66,0.36,1.04,22.12,0.6436724622863206
1985-04-23,17.48,2.84,9.91,0.16,0.36,-3.81,27.94,1.5366633315936287
1985-04-24,18.08,4.13,11.36,2.67,0.36,-3.49,27.6,1.6023907380843763
1985-04-25,11.74,1.28,5.8,10.97,0.38,1.06,9.63,0.719140025181695
1985-04-26,11.63,0.57,4.96,3.38,0.39,0.45,6.79,0.7376135481634027
1985-04-27,23.06,-0.83,10.93,0.5,0.39,1.22,28.83,2.15244029358724
1985-04-28,20.68,6.95,13.6,2.16,0.39,7.86,24.4,1.3759563531283758
1985-04-29,15.29,9.34,12.12,9.65,0.4,9.29,7.57,0.5667005085573722
1985-04-30,18.7,8.63,13.13,2.64,0.41,7.77,14.46,1.100522375040375
1985-05-01,21.66,5.71,13.98,0.0,0.4,5.75,27.32,1.670585486392911
1985-05-02,25.72,7.13,16.78,0.0,0.4,4.8,27.54,2.445994055792778
1985-05-03,29.01,9.52,18.95,0.18,0.39,5.65,27.09,3.095301943983096
1985-05-04,25.16,12.05,19.03,1.0,0.39,6.72,25.42,2.215335346460518
1985-05-05,24.51,10.49,17.12,2.23,0.39,6.72,25.94,2.0937294928621477
1985-05-06,14.6,7.95,12.01,1.57,0.39,8.22,16.92,0.5729731540793408
1985-05-07,23.93,6.45,16.03,1.52,0.39,5.45,24.54,2.0713088693842754
1985-05-08,28.64,10.19,19.49,0.04,0.38,7.66,27.75,2.8749142962328804
1985-05-09,29.1,12.36,21.29,0.0,0.38,3.82,24.65,3.225869267297135
1985-05-10,27.12,11.97,20.12,0.08,0.37,3.18,26.79,2.8230160894922967
1985-05-11,21.89,7.74,14.16,1.64,0.37,-0.49,23.47,2.036897600617473
1985-05-12,19.29,4.3,10.18,29.79,0.38,1.28,14.26,1.5673666955240948
1985-05-13,5.32,1.27,3.06,17.1,0.45,0.01,4.77,0.28074445504305245
1985-05-14,17.95,3.03,9.92,0.22,0.46,-0.44,22.62,1.4659936325933385
1985-05-15,21.59,3.98,13.25,0.02,0.44,-1.16,30.14,2.017456384673428
1985-05-16,19.21,5.15,12.88,0.51,0.43,1.68,25.12,1.5367033965791432
1985-05-17,18.89,7.6,12.34,3.79,0.43,5.85,22.03,1.2569159734787552
1985-05-18,19.77,6.74,14.0,7.16,0.43,7.25,27.84,1.286008685128472
1985-05-19,21.27,9.14,15.06,2.82,0.43,6.23,27.5,1.5784471781975946
1985-05-20,18.68,6.92,12.94,5.95,0.43,7.16,15.26,1.1409874320993791
1985-05-21,16.59,8.2,12.41,4.95,0.43,8.38,16.5,0.7871001648144873
1985-05-22,21.27,7.41,15.08,0.07,0.43,5.69,22.81,1.6133225468021397
1985-05-23,24.21,8.71,16.68,0.0,0.42,3.8,28.71,2.219852363815389
1985-05-24,27.18,9.27,18.7,0.01,0.41,3.91,30.25,2.7950403461367976
1985-05-25,29.19,10.77,20.58,2.4,0.41,6.43,27.75,3.086555252638192
1985-05-26,28.48,12.19,20.06,0.73,0.4,7.36,24.95,2.859971773737835
1985-05-27,27.13,12.21,19.13,0.68,0.4,10.27,26.83,2.342265170898342
1985-05-28,30.03,9.91,20.62,0.07,0.39,6.62,30.45,3.2743564979978923
1985-05-29,31.24,13.61,22.64,0.05,0.38,0.98,30.66,3.898580259480171
1985-05-30,26.2,10.77,19.75,0.02,0.38,-4.06,28.77,2.949174505697852
1985-05-31,23.8,7.87,16.77,0.08,0.38,-1.41,30.7,2.3973913446921777
1985-06-01,27.49,10.39,19.45,0.1,0.37,2.9,27.74,2.9167198653873867
1985-06-02,25.45,7.78,16.45,4.92,0.37,6.48,31.17,2.287043802292953
1985-06-03,22.29,10.08,15.88,9.32,0.38,10.73,9.66,1.4016881935029541
1985-06-04,20.25,9.87,14.81,2.38,0.4,10.32,11.49,1.1201698270910931
1985-06-05,25.01,10.03,16.99,0.17,0.4,7.54,19.89,2.1300457095119034
1985-06-06,30.57,10.79,21.78,0.0,0.39,7.37,31.17,3.356176351601378
1985-06-07,33.72,15.86,25.13,0.0,0.38,7.38,31.68,4.208588758322866
1985-06-08,37.94,17.74,28.06,1.03,0.38,5.31,28.79,5.71192638366263
1985-06-09,27.39,14.01,20.4,0.24,0.37,6.86,25.05,2.6554654277971457
1985-06-10,29.31,11.68,19.49,0.49,0.37,7.67,16.56,3.0291047767781523
1985-06-11,23.31,7.08,15.09,0.0,0.37,1.78,28.06,2.1679395063012654
1985-06-12,25.28,5.86,16.01,0.0,0.37,-0.32,30.51,2.6242757136880357
1985-06-13,31.92,12.59,22.72,0.02,0.36,4.78,27.94,3.8743173118561263
1985-06-14,30.75,15.73,22.91,0.01,0.36,5.73,29.71,3.5112713333185543
1985-06-15,33.38,14.01,23.59,0.12,0.36,7.36,30.47,4.111466029722548
1985-06-16,35.14,17.53,26.49,0.1,0.36,4.87,29.5,4.801908487379405
1985-06-17,26.79,13.59,19.75,0.71,0.36,3.99,21.79,2.7089608550227453
1985-06-18,24.97,10.13,17.27,0.01,0.36,-1.46,29.8,2.613253827589806
1985-06-19,29.03,7.57,19.66,0.0,0.35,1.25,29.95,3.3439750808110653
1985-06-20,34.83,15.91,25.89,0.0,0.35,2.18,29.8,4.855281910774193
1985-06-21,28.93,13.54,22.9,0.0,0.35,3.27,27.91,3.2170918696289963
1985-06-22,33.24,11.18,23.01,0.23,0.35,4.23,30.44,4.271739679688007
1985-06-23,35.79,17.18,26.81,0.0,0.35,1.5,30.11,5.192098991412451
1985-06-24,36.76,18.99,27.92,1.0,0.35,8.3,28.96,5.098366054797992
1985-06-25,30.14,13.9,23.91,4.2,0.35,11.96,20.84,2.8783876420630055
1985-06-26,19.58,8.57,13.78,0.28,0.35,3.76,23.57,1.4785492515172651
1985-06-27,25.7,5.92,16.71,0.0,0.35,-2.38,30.92,2.789527643995208
1985-06-28,29.99,10.24,20.57,0.0,0.35,-2.21,29.9,3.7213638697068148
1985-06-29,33.96,12.26,23.86,0.69,0.35,1.99,25.62,4.602288234640248
1985-06-30,33.56,15.22,23.38,1.04,0.35,7.46,26.64,4.156374675683466
1985-07-01,27.9,15.32,21.39,0.23,0.35,9.15,30.89,2.5982309577239064
1985-07-02,30.4,13.81,22.26,0.0,0.35,7.0,19.85,3.339532211686094
1985-07-03,33.78,14.61,24.95,0.01,0.35,3.8,29.93,4.45256414023585
1985-07-04,34.81,17.07,26.23,0.0,0.34,2.9,28.73,4.811498023206502
1985-07-05,34.21,16.3,25.45,0.0,0.34,3.87,29.64,4.5759226067551175
1985-07-06,37.02,16.3,27.35,0.0,0.34,4.68,28.18,5.428637146074094
1985-07-07,39.18,19.3,30.18,0.0,0.34,5.23,27.98,6.172893686744006
1985-07-08,38.86,22.42,30.56,0.88,0.34,5.69,27.34,6.023866627878207
1985-07-09,35.58,19.98,28.22,1.59,0.34,8.09,25.85,4.726089795646166
1985-07-10,35.47,18.79,28.21,0.89,0.34,8.92,24.84,4.628527662430669
1985-07-11,37.55,20.21,29.74,0.35,0.34,7.16,27.78,5.452328399056059
1985-07-12,36.73,21.05,27.92,0.76,0.34,11.23,25.91,4.850202706256798
1985-07-13,34.91,20.62,27.51,0.55,0.34,10.14,28.09,4.355241925595205
1985-07-14,31.76,19.04,25.85,1.32,0.34,12.72,22.98,3.2201114368669415
1985-07-15,28.84,16.71,22.68,2.03,0.34,12.52,24.85,2.517402428422473
1985-07-16,34.36,16.84,25.77,1.31,0.35,11.94,27.81,4.029788730577256
1985-07-17,36.34,17.81,27.15,4.8,0.35,11.63,28.32,4.6840164065561
1985-07-18,29.46,19.29,24.22,28.49,0.38,15.56,22.99,2.3455903024226283
1985-07-19,21.72,18.16,19.48,17.06,0.42,17.33,20.76,0.6205179089181876
1985-07-20,25.12,17.33,20.77,3.82,0.43,16.11,15.79,1.3593896812780124
1985-07-21,23.56,16.69,19.94,6.94,0.43,14.44,13.68,1.2611887912520299
1985-07-22,20.18,16.1,18.25,6.16,0.43,15.68,12.32,0.583009827832458
1985-07-23,26.64,16.52,21.59,4.45,0.44,15.64,26.05,1.7138333520041722
1985-07-24,25.71,15.74,20.68,0.47,0.43,12.83,28.74,1.823047110735167
1985-07-25,27.76,14.05,21.63,0.03,0.42,11.03,27.93,2.412094886637049
1985-07-26,25.91,16.33,21.64,0.14,0.41,11.73,27.14,1.965810102506526
1985-07-27,31.22,14.98,23.13,1.24,0.4,12.64,27.5,3.0863058615283006
1985-07-28,28.85,16.49,21.91,11.55,0.4,14.55,24.57,2.314522254590324
1985-07-29,24.97,17.37,20.24,12.64,0.43,15.8,12.05,1.3669331531718334
1985-07-30,28.44,15.36,21.91,5.05,0.43,14.88,27.32,2.1856405883878214
1985-07-31,27.82,16.24,21.27,6.44,0.43,15.29,21.46,2.0030469432584193
1985-08-01,28.34,15.86,21.49,0.3,0.43,15.42,14.36,2.103399763295436
1985-08-02,29.51,17.92,23.56,0.05,0.42,15.06,22.97,2.413314849591638
1985-08-03,29.27,18.28,23.16,1.71,0.41,10.91,25.79,2.763723023785709
1985-08-04,29.89,16.81,23.07,0.23,0.4,12.92,27.42,2.7264164771048547
1985-08-05,33.13,16.51,24.79,0.01,0.4,10.45,26.99,3.8014574363376297
1985-08-06,32.37,16.94,24.05,0.09,0.39,8.46,25.49,3.748251845562466
1985-08-07,33.12,15.35,24.58,0.59,0.38,10.43,27.21,3.8003075940440434
1985-08-08,36.31,17.51,27.37,0.0,0.38,5.43,27.99,5.143951170790712
1985-08-09,28.85,14.47,22.36,0.26,0.37,6.48,27.67,3.004442308359111
1985-08-10,27.29,12.35,19.63,0.01,0.37,9.41,27.24,2.4462010685918916
1985-08-11,30.97,16.69,23.69,0.07,0.37,11.35,22.61,3.1413563299419804
1985-08-12,29.19,14.28,21.29,0.01,0.37,1.55,27.19,3.366633342529292
1985-08-13,30.19,12.26,20.99,8.47,0.37,7.64,26.39,3.2427775070450178
1985-08-14,22.72,11.03,15.79,6.52,0.39,10.24,12.27,1.514356945112396
1985-08-15,31.15,13.08,21.55,0.22,0.39,8.81,25.86,3.397692652648188
1985-08-16,34.2,13.67,24.49,0.0,0.38,3.55,26.38,4.590921438025564
1985-08-17,26.71,12.04,18.96,4.5,0.38,6.62,26.26,2.529113633859413
1985-08-18,28.49,13.35,20.79,1.32,0.38,12.23,15.77,2.4651453458928163
1985-08-19,30.12,14.82,22.12,0.83,0.38,14.08,20.75,2.665434340160294
1985-08-20,33.61,16.21,24.07,0.64,0.38,11.24,25.13,3.8710325722987893
1985-08-21,33.32,18.67,25.49,0.21,0.38,11.27,25.74,3.784681479922818
1985-08-22,33.06,17.36,24.41,1.49,0.37,7.02,25.28,4.04386635846802
1985-08-23,27.33,14.58,20.69,1.12,0.37,9.32,25.95,2.4618342979918513
1985-08-24,27.53,10.82,18.89,0.0,0.37,3.25,25.81,2.906395247934309
1985-08-25,30.86,9.73,20.67,0.0,0.37,5.68,26.24,3.542314621820872
1985-08-26,33.06,14.61,23.5,0.29,0.37,10.66,25.32,3.763762209910795
1985-08-27,31.02,15.66,22.58,1.55,0.37,12.39,24.73,3.05866739589331
1985-08-28,32.88,16.11,24.06,2.01,0.37,13.39,23.82,3.459977046948082
1985-08-29,32.61,15.8,24.07,0.65,0.37,12.14,23.19,3.5055846375932846
1985-08-30,36.96,19.33,27.8,0.0,0.36,9.2,23.92,5.097492381241203
1985-08-31,36.68,19.16,27.37,1.41,0.36,6.33,24.3,5.20957963340642
1985-09-01,30.63,17.05,23.56,2.01,0.36,12.57,20.29,2.942661684572256
1985-09-02,34.19,17.69,25.17,2.44,0.37,13.0,22.14,3.878020596842207
1985-09-03,29.16,17.31,22.23,4.24,0.37,12.84,21.49,2.5606978056085423
1985-09-04,25.81,17.24,21.25,1.78,0.37,13.88,14.07,1.7376712186123464
1985-09-05,32.51,14.36,23.12,0.0,0.37,6.91,24.65,3.89784929237359
1985-09-06,30.6,13.05,21.73,0.2,0.37,-0.34,24.36,3.7954414067858675
1985-09-07,31.34,13.85,21.84,0.0,0.37,2.48,24.27,3.8500359389061525
1985-09-08,27.41,10.72,18.88,0.0,0.36,4.81,23.86,2.7911939594461286
1985-09-09,30.57,12.35,20.73,0.31,0.36,7.84,20.52,3.32264054867105
1985-09-10,30.06,14.22,21.77,3.46,0.36,11.57,15.95,2.8944019639761795
1985-09-11,24.53,16.13,19.27,1.83,0.37,14.95,13.71,1.3803042419353755
1985-09-12,26.33,14.09,19.71,0.3,0.37,7.32,22.63,2.4034866326820943
1985-09-13,24.18,11.19,17.32,0.26,0.37,7.43,14.12,1.9844807186539266
1985-09-14,27.6,11.82,18.41,0.36,0.37,11.28,14.08,2.355434746228102
1985-09-15,29.76,13.98,20.38,0.29,0.36,10.61,21.49,2.9059354767657815
1985-09-16,30.48,13.37,21.91,0.0,0.36,5.52,22.97,3.456805927186149
1985-09-17,31.42,14.44,22.65,0.34,0.36,0.19,22.25,3.981839586491931
1985-09-18,31.83,14.79,23.2,0.64,0.36,6.83,17.04,3.7190652312547168
1985-09-19,28.09,12.13,21.09,0.03,0.36,5.22,18.81,2.9139855839944824
1985-09-20,11.44,6.17,8.86,1.95,0.36,1.17,7.74,0.6867950397755223
1985-09-21,20.45,4.43,11.24,7.53,0.37,4.08,16.24,1.5863641007701963
1985-09-22,14.32,2.81,8.96,2.01,0.38,2.47,4.34,0.9023737771453242
1985-09-23,15.02,-0.38,6.32,0.65,0.38,-2.99,19.33,1.2175511799290728
1985-09-24,18.64,-0.92,7.17,0.17,0.38,-0.99,10.31,1.5803549827934613
1985-09-25,12.16,1.08,6.51,0.03,0.38,-3.39,17.06,0.941876452423028
1985-09-26,21.38,-0.49,10.55,0.0,0.37,-4.98,21.06,2.1238341698880254
1985-09-27,19.39,5.26,11.58,0.1,0.37,-1.82,18.85,1.716951755003701
1985-09-28,3.97,-2.47,0.68,4.7,0.37,-3.59,2.17,0.3430686951451669
1985-09-29,4.27,-4.31,-1.09,2.05,0.38,-6.73,5.4,0.4598879897496478
1985-09-30,10.96,-6.29,1.62,0.0,0.38,-6.47,18.68,0.9328085333009405
1985-10-01,19.36,-1.89,7.81,0.0,0.38,-4.17,20.6,1.7987541940608214
1985-10-02,17.11,4.18,9.72,0.0,0.38,-1.74,16.79,1.4136314887603723
1985-10-03,22.99,3.76,12.03,0.0,0.38,-1.06,16.14,2.242482236855208
1985-10-04,10.94,-0.35,4.74,0.0,0.38,-7.87,19.0,0.9697171624106119
1985-10-05,19.72,-1.41,8.7,0.0,0.37,-7.13,19.44,1.940322258444919
1985-10-06,25.14,3.34,13.63,0.0,0.37,-3.64,17.43,2.7275683166704123
1985-10-07,24.75,7.77,16.47,0.01,0.37,0.13,15.05,2.504307428042429
1985-10-08,10.71,1.03,6.05,0.3,0.37,-0.18,8.54,0.684777761160214
1985-10-09,10.24,-1.94,3.25,0.74,0.37,-1.89,7.18,0.7161317471490977
1985-10-10,18.61,0.91,8.61,0.02,0.37,2.86,15.09,1.3942243930787832
1985-10-11,20.31,5.96,11.05,7.49,0.38,4.97,10.16,1.5130449542887736
1985-10-12,21.13,4.78,12.28,0.0,0.38,0.47,17.56,1.8749227656175722
1985-10-13,8.24,0.91,5.1,0.6,0.38,1.46,1.17,0.4115982995498859
1985-10-14,14.69,-1.21,5.87,0.02,0.38,-3.96,16.21,1.2159771238050792
1985-10-15,19.06,0.86,9.56,0.11,0.38,-5.39,16.67,1.7967674789643693
1985-10-16,22.23,3.85,12.25,0.01,0.38,-1.71,16.33,2.1423844678489536
1985-10-17,11.9,5.63,8.74,3.43,0.38,2.79,5.4,0.6467955588422528
1985-10-18,10.65,4.64,7.37,3.91,0.39,5.11,2.09,0.40345242442231755
1985-10-19,16.85,1.44,8.0,0.09,0.39,0.21,16.53,1.299187900318966
1985-10-20,20.33,2.43,10.22,0.0,0.39,-0.39,16.36,1.792796696282804
1985-10-21,21.74,5.22,12.2,0.0,0.38,1.01,11.93,1.945137334284342
1985-10-22,21.37,4.62,12.42,0.0,0.38,-0.73,14.81,1.9649903118459977
1985-10-23,21.59,3.85,11.96,0.0,0.38,-3.34,13.96,2.1012380339122574
1985-10-24,21.82,4.68,12.45,0.0,0.38,0.49,15.09,1.9821343625869776
1985-10-25,24.49,6.54,13.99,0.0,0.38,0.87,14.49,2.4222375623303414
1985-10-26,18.99,4.98,11.67,0.0,0.38,0.46,14.24,1.5644695659164496
1985-10-27,22.21,3.6,11.7,0.0,0.37,0.83,14.12,2.0292669693930523
1985-10-28,21.68,5.98,12.42,0.0,0.37,5.19,13.66,1.708851616311377
1985-10-29,12.19,1.34,7.51,0.0,0.37,-2.75,10.43,0.9213925374138805
1985-10-30,15.62,-0.8,6.38,0.03,0.37,-5.28,13.39,1.3623155639711877
1985-10-31,20.05,0.91,8.11,1.52,0.37,0.33,10.82,1.7199024413226605
1985-11-01,11.05,0.32,4.59,0.07,0.37,-4.79,13.7,0.8891422602401255
1985-11-02,14.12,1.86,7.05,0.0,0.37,-2.98,9.16,1.1207382667973556
1985-11-03,16.86,-0.01,7.58,0.0,0.37,-2.14,12.85,1.3986347196663833
1985-11-04,20.36,2.14,10.02,0.0,0.37,-1.85,12.57,1.857605770117007
1985-11-05,22.02,2.29,10.97,3.32,0.37,0.54,9.24,2.0119305001580186
1985-11-06,10.2,-1.34,2.85,0.0,0.37,-7.54,10.58,0.8979687409936923
1985-11-07,14.08,-2.01,5.54,0.07,0.37,-7.54,12.39,1.2603745698957831
1985-11-08,19.1,0.87,8.18,0.46,0.37,-2.21,11.87,1.691871565059
1985-11-09,3.9,-6.3,-1.58,1.35,0.37,-5.22,1.87,0.39336322206489305
1985-11-10,0.22,-7.91,-5.13,0.11,0.37,-9.42,2.51,0.3215214226546493
1985-11-11,11.32,-5.66,1.68,0.13,0.37,-1.7,4.33,0.8016618271696622
1985-11-12,4.66,-2.39,0.44,1.32,0.38,-1.78,7.06,0.31576262776465847
1985-11-13,6.76,-4.67,-0.56,1.5,0.38,-6.53,12.49,0.6107814523008601
1985-11-14,1.21,-4.59,-2.61,6.13,0.38,-6.56,1.65,0.292906952631087
1985-11-15,1.29,-4.68,-2.25,1.27,0.38,-5.15,2.64,0.2541781356986004
1985-11-16,11.79,-3.6,2.31,0.0,0.38,-5.75,6.38,0.9854756377998306
1985-11-17,7.49,-2.6,1.59,0.11,0.39,-2.86,6.13,0.5413036317530451
1985-11-18,7.58,-5.46,0.23,0.56,0.39,-5.44,11.12,0.6351562094901944
1985-11-19,-0.69,-9.14,-6.13,1.18,0.39,-12.08,6.16,0.33891388701480796
1985-11-20,1.55,-7.14,-3.85,0.0,0.39,-12.11,10.82,0.4419363974109727
1985-11-21,5.21,-4.88,-2.46,0.07,0.39,-8.62,5.44,0.5666296366658498
1985-11-22,2.15,-10.18,-5.18,0.0,0.39,-9.59,10.88,0.4181141053480215
1985-11-23,2.26,-10.98,-5.05,0.0,0.39,-10.86,8.07,0.45207820058723863
1985-11-24,5.9,-5.88,-1.36,0.0,0.39,-4.58,6.13,0.4938531866859515
1985-11-25,13.41,-1.79,3.84,0.0,0.39,-2.14,9.66,1.0164469555475675
1985-11-26,0.92,-3.98,-1.87,0.0,0.39,-4.8,8.53,0.2253105013612261
1985-11-27,4.65,-3.63,-0.61,0.01,0.39,-6.98,9.17,0.4893189128315338
1985-11-28,4.44,-4.52,-1.41,0.1,0.38,-7.02,8.4,0.4780023614967112
1985-11-29,0.44,-6.05,-3.5,0.65,0.38,-7.23,5.3,0.27566005272566313
1985-11-30,-5.65,-13.95,-10.41,0.63,0.38,-14.32,3.25,0.1993585672124607
1985-12-01,-5.99,-16.76,-12.47,0.01,0.38,-18.65,1.97,0.25053726270141347
1985-12-02,-5.64,-14.48,-10.28,0.26,0.38,-15.63,1.88,0.22040155682157106
1985-12-03,11.49,-8.13,0.94,0.01,0.38,-4.59,8.47,0.9216145583755299
1985-12-04,5.63,-2.81,0.01,0.02,0.38,-7.17,10.74,0.5547939825225595
1985-12-05,10.18,-2.28,2.37,0.0,0.38,-9.84,10.86,0.9534953257396055
1985-12-06,4.19,-1.39,1.15,0.0,0.38,-6.12,6.18,0.4375268266300869
1985-12-07,7.32,-2.48,0.35,0.0,0.38,-4.17,10.84,0.5756081252456228
1985-12-08,4.93,-3.64,-0.23,0.79,0.38,-4.04,9.18,0.41516386012774786
1985-12-09,-3.21,-8.48,-5.31,4.35,0.38,-8.43,2.4,0.15867758344397814
1985-12-10,-8.5,-12.25,-9.96,2.63,0.38,-12.99,1.54,0.09688622418050241
1985-12-11,-3.99,-13.92,-10.2,0.04,0.38,-14.91,3.51,0.2627140935965896
1985-12-12,-2.53,-13.05,-8.96,0.24,0.38,-13.63,5.69,0.2938454012314873
1985-12-13,-4.41,-13.14,-9.64,0.18,0.38,-13.41,7.03,0.22332364928963125
1985-12-14,4.93,-9.29,-3.79,0.0,0.38,-8.47,6.56,0.5457421196979384
1985-12-15,5.07,-9.36,-3.33,0.0,0.39,-8.97,6.33,0.5666627888308831
1985-12-16,6.13,-7.71,-1.67,0.0,0.39,-8.0,8.78,0.6091916541614266
1985-12-17,5.65,-5.39,-1.03,0.14,0.39,-6.12,3.44,0.5260167043143884
1985-12-18,5.43,-5.9,-0.9,0.02,0.39,-5.9,5.78,0.5055967323699385
1985-12-19,2.04,-4.17,-0.68,0.01,0.39,-6.28,7.98,0.3257079624871607
1985-12-20,6.41,-3.59,0.29,0.01,0.39,-3.63,9.78,0.49491424885805513
1985-12-21,10.56,-0.94,2.85,0.0,0.39,-2.93,9.51,0.782619275066021
1985-12-22,9.29,-0.95,2.0,0.0,0.39,-5.69,9.9,0.7711348039279795
1985-12-23,6.39,-3.2,1.07,0.19,0.39,-7.17,3.29,0.6040296848097025
1985-12-24,0.32,-4.99,-2.46,0.66,0.39,-7.64,3.74,0.2813046990543697
1985-12-25,5.7,-4.84,-0.43,0.3,0.39,-6.8,4.96,0.5488923113556285
1985-12-26,5.82,-3.22,0.34,0.0,0.39,-8.38,8.03,0.5989270411961422
1985-12-27,0.69,-6.64,-3.27,0.0,0.39,-9.9,8.55,0.3541764214075457
1985-12-28,4.45,-4.85,-0.97,0.0,0.39,-10.2,9.82,0.5581720036117367
1985-12-29,9.09,-4.0,0.84,0.03,0.39,-7.79,10.2,0.8151791287546002
1985-12-30,8.83,-4.59,2.03,0.2,0.38,-6.89,8.85,0.7705096695836746
1985-12-31,7.71,-4.8,0.35,0.0,0.38,-7.96,10.05,0.7163524329418691
1986-01-01,8.72,-3.11,1.33,0.0,0.38,-10.25,8.87,0.8464291989098063
1986-01-02,6.46,-2.86,1.05,0.0,0.38,-10.68,10.06,0.6946462050098641
1986-01-03,8.7,-3.49,0.92,0.0,0.38,-8.58,10.01,0.8054481226068466
1986-01-04,-2.0,-8.67,-4.7,0.0,0.38,-11.69,8.26,0.27779414924336426
1986-01-05,7.11,-9.3,-1.49,0.04,0.38,-12.64,8.99,0.7782907460607204
1986-01-06,6.82,-5.85,-0.36,1.06,0.38,-4.51,6.39,0.5524322210046801
1986-01-07,2.7,-7.44,-3.01,0.12,0.38,-7.54,7.0,0.3952348272626019
1986-01-08,5.66,-6.92,-1.43,0.0,0.38,-7.35,10.25,0.5616313466759996
1986-01-09,8.5,-2.67,1.57,0.0,0.38,-6.67,10.7,0.7391845641816284
1986-01-10,10.12,-2.87,2.24,0.0,0.38,-3.15,10.42,0.7537011438874575
1986-01-11,12.91,-2.36,3.51,0.0,0.38,-3.57,10.3,1.0197956943841755
1986-01-12,8.7,-3.22,1.14,0.0,0.38,-7.12,11.45,0.7669867764551144
1986-01-13,12.8,-1.12,3.02,0.0,0.38,-8.53,10.73,1.1574828949655585
1986-01-14,14.14,-2.79,3.11,0.0,0.38,-7.75,10.88,1.272247028176447
1986-01-15,11.77,-1.11,3.87,0.0,0.38,-7.14,10.99,1.0239743588751455
1986-01-16,11.05,-1.52,4.12,0.0,0.38,-4.38,11.08,0.8756568485001116
1986-01-17,15.14,-0.14,5.36,0.0,0.38,-3.21,6.48,1.2387742512394704
1986-01-18,8.52,-3.23,1.57,0.0,0.38,-7.51,11.34,0.7640030844080039
1986-01-19,17.72,0.51,7.11,0.0,0.38,-4.83,8.1,1.6012853130182378
1986-01-20,18.54,1.42,7.55,0.0,0.38,-5.05,7.18,1.7155388581488134
1986-01-21,2.44,-5.76,-1.94,0.0,0.38,-9.13,11.03,0.42212921992396646
1986-01-22,6.78,-5.51,-0.85,0.0,0.38,-11.57,8.94,0.7347861204876815
1986-01-23,12.78,-2.13,4.58,0.0,0.38,-7.17,10.74,1.1197216440674043
1986-01-24,6.77,-2.57,1.0,0.0,0.38,-8.68,11.57,0.6690887466419302
1986-01-25,1.7,-4.99,-2.32,0.0,0.38,-11.03,11.31,0.4274361144466818
1986-01-26,4.62,-4.98,-1.35,0.0,0.37,-11.87,9.39,0.6034195808931541
1986-01-27,14.39,-2.31,4.02,0.0,0.37,-6.89,12.75,1.2750830996286553
1986-01-28,15.67,-0.51,6.11,0.0,0.37,-5.18,12.56,1.3648587717451826
1986-01-29,10.71,-3.58,2.41,0.0,0.37,-5.36,10.32,0.8778223103662466
1986-01-30,21.1,1.82,9.58,0.0,0.37,-3.84,10.7,2.0425607755942856
1986-01-31,16.49,2.54,8.61,0.0,0.37,-1.12,10.02,1.3132109168917618
1986-02-01,15.6,0.33,7.32,0.0,0.37,-2.01,13.11,1.2453277256678374
1986-02-02,11.33,-0.12,4.98,1.01,0.37,-1.47,10.21,0.7933251302527928
1986-02-03,12.67,-1.71,4.17,4.99,0.37,-0.89,13.42,0.8933919902900782
1986-02-04,2.8,-2.69,0.03,2.74,0.38,-3.87,3.61,0.28835162782291807
1986-02-05,2.75,-4.91,-1.95,1.3,0.38,-4.64,3.65,0.3115943568273578
1986-02-06,-0.94,-5.01,-3.28,0.22,0.38,-5.55,8.38,0.16635029319386274
1986-02-07,-5.42,-8.95,-7.14,0.09,0.38,-11.92,11.85,0.16289962081562273
1986-02-08,-2.38,-9.77,-6.78,0.69,0.38,-12.82,11.54,0.28495506409714244
1986-02-09,-7.55,-12.22,-9.62,0.68,0.38,-14.33,8.33,0.1449689712296583
1986-02-10,-2.96,-14.08,-9.79,0.23,0.38,-16.4,6.86,0.32163085715569434
1986-02-11,-6.98,-15.94,-12.13,0.38,0.38,-17.44,5.7,0.20668604830593537
1986-02-12,1.3,-11.56,-6.14,0.06,0.38,-13.57,6.84,0.45678371517522076
1986-02-13,6.03,-6.4,-1.06,0.18,0.38,-6.04,6.85,0.5480004524587895
1986-02-14,9.93,-6.59,0.65,0.01,0.39,-7.14,12.34,0.8647551903875094
1986-02-15,18.28,0.53,7.12,0.0,0.39,-1.88,14.73,1.5684947457991982
1986-02-16,15.98,0.93,7.19,0.0,0.39,-3.43,14.64,1.3418344268905487
1986-02-17,16.43,-0.62,6.6,0.0,0.38,-3.64,15.24,1.4021098563918684
1986-02-18,19.17,2.27,9.23,0.0,0.38,-2.62,13.46,1.7171147928247703
1986-02-19,21.17,-0.49,10.57,0.13,0.38,-0.08,13.72,1.9058409382074935
1986-02-20,-1.63,-10.24,-5.98,5.25,0.38,-10.4,1.54,0.2652580145202112
1986-02-21,9.37,-6.65,1.12,0.25,0.39,-6.87,12.75,0.8120790000408505
1986-02-22,13.77,-3.42,4.66,0.0,0.39,-5.64,16.6,1.173759008773711
1986-02-23,14.0,-0.6,5.3,0.01,0.39,-2.36,11.23,1.0850841352764595
1986-02-24,20.13,-0.58,9.44,0.0,0.39,0.45,16.25,1.7260690728969696
1986-02-25,20.88,3.85,11.44,0.0,0.38,0.43,17.64,1.8385517618703355
1986-02-26,18.25,2.52,9.56,0.0,0.38,-1.08,14.82,1.532230455478996
1986-02-27,6.57,-3.81,1.88,0.0,0.38,-6.23,13.93,0.5892338995031416
1986-02-28,13.46,-4.92,3.62,0.0,0.38,-9.62,17.62,1.2489997313733185
1986-03-01,19.86,0.96,9.28,0.0,0.38,-6.53,16.88,1.9434076336377268
1986-03-02,16.17,-0.83,7.79,0.01,0.38,-1.13,17.44,1.2757670603885716
1986-03-03,12.39,0.13,5.98,0.07,0.38,-2.84,19.16,0.9435369243872538
1986-03-04,19.17,-1.99,8.14,0.0,0.37,-6.34,16.32,1.8406069200492787
1986-03-05,12.53,1.66,6.35,0.0,0.37,-5.38,19.92,1.0431631834886728
1986-03-06,18.28,-2.51,7.07,0.0,0.37,-6.75,19.66,1.7322180032613053
1986-03-07,15.09,-3.85,3.65,0.0,0.37,-5.24,16.99,1.3016909275057458
1986-03-08,22.92,0.86,12.71,0.15,0.37,-2.15,12.18,2.2742892749397106
1986-03-09,19.61,3.67,9.82,1.16,0.37,-1.49,11.01,1.7347670045240504
1986-03-10,14.56,-0.24,7.43,0.0,0.37,-6.49,14.61,1.2817931059292738
1986-03-11,13.62,0.76,6.68,0.44,0.37,-4.0,19.9,1.105347317395879
1986-03-12,7.81,-2.81,2.6,0.33,0.37,-2.4,5.93,0.5469679090639533
1986-03-13,9.56,-4.39,2.22,0.01,0.37,-4.26,16.37,0.7467784524299969
1986-03-14,10.12,-1.89,4.5,0.75,0.37,-2.21,18.05,0.7186038738524247
1986-03-15,9.15,0.27,3.9,1.79,0.37,-0.52,4.73,0.5716782730704347
1986-03-16,10.12,-0.83,3.92,0.91,0.37,-0.95,13.08,0.6680331773486893
1986-03-17,12.47,0.2,4.75,1.54,0.38,-1.59,7.76,0.9029952266165817
1986-03-18,2.34,-4.54,-0.76,0.33,0.38,-6.47,11.22,0.34657761799465914
1986-03-19,4.17,-5.47,-1.02,0.27,0.38,-8.53,16.37,0.5022383121241486
1986-03-20,7.0,-5.09,0.65,0.08,0.38,-6.46,15.37,0.6251494592965782
1986-03-21,18.61,-2.31,8.02,0.0,0.38,-5.87,22.04,1.7503441006671698
1986-03-22,19.02,2.69,10.31,0.0,0.37,-3.08,14.18,1.7134265428536979
1986-03-23,20.43,1.98,10.7,0.0,0.37,-1.22,20.83,1.842601528226179
1986-03-24,25.39,2.47,13.62,0.01,0.37,-1.77,16.25,2.705659455371067
1986-03-25,14.75,2.98,9.7,0.01,0.37,-0.57,14.16,1.0921692640471319
1986-03-26,18.23,-1.66,8.77,0.0,0.37,-3.22,22.31,1.6123841073774061
1986-03-27,23.36,3.11,13.04,0.0,0.37,-3.29,21.63,2.3920682045575243
1986-03-28,26.15,6.64,16.19,0.0,0.36,-3.3,23.55,2.9125922999616582
1986-03-29,26.44,9.15,17.22,0.0,0.36,-1.85,23.81,2.9165736242917166
1986-03-30,27.43,6.27,17.27,0.0,0.36,-1.24,24.15,3.098448267871543
1986-03-31,21.0,3.07,12.89,0.03,0.36,1.18,17.98,1.821716350603304
1986-04-01,16.54,0.39,8.36,0.17,0.36,-6.51,19.24,1.5066954942973723
1986-04-02,22.26,5.19,13.24,4.64,0.36,2.05,22.34,1.9779513699218185
1986-04-03,12.34,0.58,7.19,35.26,0.42,2.26,5.41,0.7154401311810816
1986-04-04,10.35,-1.3,3.72,1.61,0.43,-2.57,13.72,0.7514924395658625
1986-04-05,18.54,0.69,9.42,0.0,0.43,-2.35,21.71,1.6212166342339596
1986-04-06,22.78,2.99,12.61,0.01,0.42,-1.3,25.81,2.216898178586783
1986-04-07,23.91,6.48,13.75,2.77,0.41,2.8,21.8,2.220758774100831
1986-04-08,9.95,3.14,6.45,0.58,0.41,0.9,24.54,0.571869425757722
1986-04-09,16.52,1.27,7.93,1.23,0.41,1.63,18.15,1.1923921758232239
1986-04-10,14.71,3.23,8.47,2.32,0.41,2.24,17.87,0.955912474817297
1986-04-11,19.23,3.88,10.94,1.47,0.4,1.33,18.92,1.556607818819306
1986-04-12,18.69,1.87,9.76,0.02,0.4,1.13,19.81,1.4923578912961313
1986-04-13,19.74,-1.59,9.78,0.0,0.4,-4.77,17.74,1.8723206063452627
1986-04-14,11.42,-4.4,2.96,0.0,0.39,-12.55,25.98,1.1169603871360774
1986-04-15,16.91,-4.7,5.87,0.0,0.39,-9.75,25.59,1.6352781764996864
1986-04-16,20.86,-0.17,9.06,0.36,0.39,-0.67,20.84,1.8840476310917182
1986-04-17,19.36,1.73,10.53,0.44,0.39,-2.41,18.03,1.7356152267455303
1986-04-18,12.25,0.53,6.09,0.17,0.38,-5.57,23.23,1.0225623552602723
1986-04-19,16.74,2.37,9.47,0.1,0.38,-3.89,25.03,1.447995019877716
1986-04-20,18.13,2.93,10.57,0.72,0.38,0.72,20.66,1.4373636483073078
1986-04-21,19.73,3.41,11.86,0.2,0.38,3.88,18.85,1.4930664626606536
1986-04-22,26.85,7.17,17.48,0.09,0.38,4.33,26.25,2.701739633238401
1986-04-23,26.67,10.43,17.91,0.45,0.37,4.66,21.46,2.645070461565719
1986-04-24,23.28,8.74,15.17,0.06,0.37,2.93,24.9,2.1033602230458364
1986-04-25,23.03,9.37,15.74,0.81,0.37,-4.07,24.42,2.3626679033906095
1986-04-26,20.74,3.98,12.23,2.41,0.37,0.65,16.67,1.8072575968392495
1986-04-27,14.62,2.51,7.24,2.19,0.38,-2.93,16.13,1.1718792691912612
1986-04-28,24.3,3.03,14.35,0.0,0.38,0.03,20.86,2.425936860174199
1986-04-29,29.33,6.94,17.73,0.0,0.37,1.68,27.42,3.3930604732051988
1986-04-30,24.27,7.29,15.6,0.01,0.37,-0.99,28.46,2.464449261584498
1986-05-01,23.79,5.86,15.14,0.02,0.37,1.29,25.79,2.275931502567256
1986-05-02,29.07,8.42,18.92,1.12,0.37,5.28,21.41,3.132401986322299
1986-05-03,29.09,12.61,20.69,0.08,0.36,6.59,27.31,3.0525582961561466
1986-05-04,31.44,11.39,22.1,0.0,0.36,0.62,26.43,3.9674459802341575
1986-05-05,22.98,8.42,15.44,0.0,0.36,-6.34,29.19,2.4258410471187575
1986-05-06,25.3,4.99,16.33,0.0,0.36,-4.4,23.71,2.7840674678101545
1986-05-07,27.79,9.36,19.12,0.47,0.36,-3.17,27.57,3.2505093567519716
1986-05-08,21.75,6.61,13.54,5.1,0.36,-0.69,20.88,2.023110062552181
1986-05-09,20.78,3.63,12.14,0.04,0.36,-2.8,27.85,1.9566099614077892
1986-05-10,23.43,4.8,14.24,0.0,0.36,-3.38,30.08,2.4074308494517767
1986-05-11,29.64,7.49,19.55,0.24,0.36,-5.01,30.05,3.735376774013036
1986-05-12,24.15,9.19,16.2,2.58,0.36,2.04,29.01,2.303224402104938
1986-05-13,24.88,8.35,16.47,0.38,0.36,4.08,30.35,2.327353647351541
1986-05-14,26.26,9.43,17.2,1.92,0.36,0.12,28.13,2.7972961151705675
1986-05-15,19.74,6.46,13.21,10.98,0.37,6.7,19.11,1.3195044900153705
1986-05-16,10.43,2.85,6.76,0.82,0.38,1.96,6.73,0.5601731789245047
1986-05-17,14.09,0.15,7.13,0.07,0.38,-3.56,20.92,1.1384330910442715
1986-05-18,22.05,2.71,13.52,0.11,0.38,-2.06,29.52,2.126927229752649
1986-05-19,26.25,6.95,17.46,0.09,0.38,1.51,26.62,2.730161301912111
1986-05-20,29.81,9.62,20.38,0.26,0.37,3.35,29.23,3.4202458992211016
1986-05-21,32.6,10.84,22.22,0.07,0.37,2.85,26.47,4.16864408529882
1986-05-22,27.41,10.12,18.87,0.12,0.36,3.24,22.69,2.8812321203869047
1986-05-23,22.98,4.77,14.22,0.0,0.36,-5.25,31.13,2.3927938389136005
1986-05-24,23.55,7.87,15.83,0.01,0.36,-0.4,29.31,2.311019134251777
1986-05-25,20.99,6.91,14.04,1.17,0.36,0.6,26.57,1.847486212808324
1986-05-26,16.95,6.24,12.29,1.85,0.36,2.31,18.22,1.2101473992255807
1986-05-27,17.79,5.33,11.9,2.96,0.36,4.21,21.89,1.2115328204221956
1986-05-28,17.83,8.22,12.21,6.22,0.37,7.52,8.0,1.0038313479672976
1986-05-29,18.57,8.16,12.63,1.61,0.38,6.16,16.79,1.1936141366276851
1986-05-30,22.38,6.72,15.15,2.17,0.38,5.96,30.01,1.7732688719803567
1986-05-31,23.42,8.87,16.53,3.66,0.38,6.95,19.59,1.8831791320583133
1986-06-01,20.72,9.17,15.64,12.24,0.39,10.6,25.62,1.1663359724432003
1986-06-02,18.83,12.31,16.05,1.37,0.4,12.56,19.01,0.7189933772120503
1986-06-03,26.93,12.3,19.1,3.48,0.4,10.9,27.32,2.246710774050082
1986-06-04,25.02,12.35,19.18,2.83,0.4,10.8,22.79,1.8761893858130623
1986-06-05,27.41,12.35,19.87,1.23,0.39,12.18,17.89,2.2327049299295973
1986-06-06,32.16,14.82,23.09,0.43,0.39,11.76,24.09,3.417413271374383
1986-06-07,27.93,13.79,20.85,5.53,0.39,12.21,30.42,2.34244730088637
1986-06-08,29.19,17.06,21.76,5.04,0.39,15.09,23.69,2.334617890650931
1986-06-09,22.86,10.66,17.62,12.01,0.4,13.26,13.86,1.2623003750713062
1986-06-10,14.84,9.13,12.15,5.33,0.42,7.9,8.07,0.6223744188369378
1986-06-11,25.37,7.26,17.15,0.0,0.41,3.02,31.62,2.479424794812144
1986-06-12,29.66,10.82,21.21,0.05,0.4,4.83,30.35,3.2990031716172457
1986-06-13,30.1,12.87,21.57,1.27,0.39,8.26,25.45,3.1755490208366863
1986-06-14,31.15,13.32,22.85,0.53,0.39,8.35,27.59,3.432489065100104
1986-06-15,33.86,15.37,24.37,0.83,0.38,7.65,29.61,4.230473024482247
1986-06-16,34.85,16.21,26.4,0.24,0.38,6.78,23.93,4.589408960092143
1986-06-17,32.2,18.67,24.75,0.09,0.37,9.98,30.42,3.5824595004730035
1986-06-18,31.13,15.41,23.57,0.36,0.37,11.06,29.86,3.207990355842499
1986-06-19,32.47,15.51,24.33,3.27,0.37,11.86,24.58,3.4928560629554237
1986-06-20,29.68,14.79,22.42,4.59,0.37,12.07,30.29,2.7567535993404597
1986-06-21,35.02,15.8,25.79,1.35,0.37,8.88,28.74,4.490112953277409
1986-06-22,27.95,12.7,20.81,1.37,0.37,8.72,29.59,2.6424157093140295
1986-06-23,32.04,16.45,23.91,1.14,0.37,12.48,24.22,3.3179551436225037
1986-06-24,28.57,16.04,22.78,0.83,0.37,13.43,27.68,2.3667845828898866
1986-06-25,30.53,17.21,24.1,0.02,0.37,11.4,25.06,3.0257420996564726
1986-06-26,28.69,18.47,23.41,0.14,0.36,11.74,18.14,2.555775697752937
1986-06-27,32.92,16.36,25.07,0.22,0.36,7.01,29.46,4.005073207663024
1986-06-28,36.11,16.5,26.95,0.1,0.36,7.88,29.62,4.9129150272870294
1986-06-29,34.64,18.9,27.22,4.67,0.36,11.24,25.54,4.1779612307365195
1986-06-30,32.5,18.42,23.39,0.77,0.36,14.19,6.79,3.272356531959174
1986-07-01,31.33,17.39,24.17,1.63,0.36,12.69,30.95,3.1100200618844145
1986-07-02,34.96,17.85,26.71,0.05,0.36,9.65,27.02,4.410804682763668
1986-07-03,36.42,17.78,27.52,0.02,0.36,7.27,26.94,5.058692287077391
1986-07-04,37.2,19.22,28.78,0.19,0.35,9.59,26.95,5.148863191136461
1986-07-05,31.62,17.16,25.15,0.14,0.35,5.09,23.1,3.775815012902409
1986-07-06,29.54,13.68,21.71,2.34,0.35,8.78,30.63,3.0012807689060477
1986-07-07,32.18,16.19,23.95,4.8,0.35,13.44,25.83,3.2619250332758973
1986-07-08,27.63,17.62,22.63,0.68,0.36,9.36,18.45,2.5229749954566523
1986-07-09,30.59,17.44,24.09,2.78,0.36,12.93,22.75,2.8978586473321966
1986-07-10,33.36,17.09,25.01,0.78,0.36,7.53,22.77,4.093707219234659
1986-07-11,34.22,15.33,25.19,0.18,0.36,7.5,25.75,4.347985039624209
1986-07-12,32.1,16.56,24.26,0.38,0.35,8.32,29.48,3.6853354790881956
1986-07-13,36.85,16.98,25.71,0.56,0.35,9.1,25.06,5.067890560720377
1986-07-14,37.86,17.91,28.13,0.0,0.35,11.43,27.13,5.224061253673741
1986-07-15,36.9,20.52,28.67,0.27,0.35,10.43,29.79,4.976920930937584
1986-07-16,34.82,18.65,27.11,0.63,0.35,12.32,28.15,4.134548892038723
1986-07-17,32.73,19.21,26.68,1.75,0.35,11.81,24.87,3.569378233910135
1986-07-18,34.6,18.05,26.21,2.34,0.35,11.49,29.2,4.143470997222466
1986-07-19,26.62,17.17,21.29,24.67,0.38,14.91,20.11,1.7911335142233422
1986-07-20,19.88,12.62,17.16,3.46,0.4,12.66,15.51,0.8561851258805611
1986-07-21,26.15,12.21,19.4,1.61,0.4,12.58,25.46,1.9342469518396832
1986-07-22,30.79,16.24,23.01,0.21,0.39,13.26,29.72,2.9157239720505683
1986-07-23,32.23,17.55,25.43,0.41,0.39,12.9,28.67,3.3289219061421633
1986-07-24,31.36,17.81,23.77,2.31,0.38,11.73,20.88,3.2077052560508363
1986-07-25,32.69,15.73,24.12,0.94,0.38,10.03,25.25,3.712905538895286
1986-07-26,33.9,16.88,25.23,0.55,0.37,11.12,24.97,3.966492693659681
1986-07-27,33.13,16.54,24.73,0.16,0.37,8.26,28.12,3.9750293957128724
1986-07-28,33.46,16.26,25.11,0.85,0.37,10.32,27.46,3.9068552635811793
1986-07-29,37.09,17.26,27.71,0.0,0.36,6.34,28.41,5.3482896506622435
1986-07-30,33.63,18.48,25.82,1.33,0.36,3.82,28.31,4.407636446291463
1986-07-31,31.15,16.43,23.82,3.27,0.36,10.71,21.69,3.243477524143835
1986-08-01,33.47,16.66,24.02,2.32,0.36,12.01,27.58,3.760796046685888
1986-08-02,26.17,15.62,20.39,4.67,0.37,13.58,22.1,1.839816852170095
1986-08-03,30.88,15.84,23.33,0.71,0.37,12.15,25.75,3.045494154716284
1986-08-04,35.08,16.76,25.1,0.32,0.37,7.04,23.34,4.642976992194764
1986-08-05,31.25,15.33,23.38,0.34,0.36,7.73,27.96,3.5037304194203314
1986-08-06,34.13,17.89,26.08,0.02,0.36,5.45,25.53,4.457788983395585
1986-08-07,29.95,15.56,22.89,2.78,0.36,8.3,27.21,3.1360255430788584
1986-08-08,28.68,16.1,22.24,5.23,0.37,12.55,23.06,2.4779477012444957
1986-08-09,30.51,15.8,22.65,10.45,0.37,11.16,27.51,3.0420341085637306
1986-08-10,27.77,13.78,20.96,3.69,0.39,12.86,23.09,2.245494420433052
1986-08-11,33.31,15.76,24.64,0.27,0.38,9.86,24.71,3.901786994186363
1986-08-12,33.31,17.52,25.36,0.48,0.38,9.57,25.55,3.9252523636259844
1986-08-13,32.98,18.99,25.15,1.25,0.37,7.93,26.4,3.9568424672342664
1986-08-14,27.35,15.96,21.1,2.15,0.37,10.5,21.44,2.369490298866203
1986-08-15,31.48,14.72,23.21,0.0,0.37,5.97,27.38,3.683659267964172
1986-08-16,35.97,16.13,26.27,0.0,0.37,4.37,25.86,5.096540658183198
1986-08-17,32.36,15.43,23.78,0.0,0.36,11.53,25.96,3.4926783714054963
1986-08-18,37.79,20.28,28.42,0.0,0.36,7.73,26.22,5.4966999293410534
1986-08-19,33.49,19.0,25.91,0.44,0.36,9.0,25.14,4.022000721673565
1986-08-20,29.15,17.38,22.82,0.33,0.36,11.46,18.19,2.687135233857566
1986-08-21,29.78,14.07,21.43,1.51,0.36,11.09,25.51,2.869227852264099
1986-08-22,30.36,17.0,23.18,0.44,0.36,8.29,24.72,3.2373273664152507
1986-08-23,23.73,13.27,18.31,0.39,0.36,11.25,20.87,1.6012120447007685
1986-08-24,30.84,16.29,23.34,0.2,0.35,12.29,24.31,3.0222203917919463
1986-08-25,31.02,16.73,23.83,3.19,0.36,12.01,23.98,3.0942211529106034
1986-08-26,25.63,13.76,19.77,0.15,0.36,11.46,9.04,1.935218732750416
1986-08-27,28.08,11.27,19.89,0.0,0.36,8.19,25.35,2.7108430285770417
1986-08-28,26.21,12.64,19.82,0.0,0.35,8.04,23.04,2.327699884226858
1986-08-29,32.1,15.16,23.4,0.45,0.35,10.12,23.04,3.5438382274885836
1986-08-30,30.12,16.53,22.1,9.61,0.36,11.82,23.79,2.8863541137464805
1986-08-31,27.41,15.19,20.91,6.29,0.38,11.47,16.1,2.297710051622081
1986-09-01,22.56,14.49,18.26,3.47,0.38,12.16,14.22,1.31810270898863
1986-09-02,26.83,12.01,19.46,1.19,0.38,9.65,19.36,2.330477880309595
1986-09-03,26.96,12.72,19.48,0.45,0.38,7.2,24.16,2.5412812809804906
1986-09-04,28.03,11.09,19.92,0.05,0.38,7.04,24.15,2.7819245619625894
1986-09-05,29.23,13.43,20.91,1.49,0.37,8.87,23.56,2.921211286193529
1986-09-06,16.48,8.87,12.77,0.66,0.37,8.32,4.58,0.7784138829238152
1986-09-07,17.55,6.35,10.77,0.45,0.37,5.48,11.57,1.1043338594486407
1986-09-08,29.73,8.93,18.85,0.54,0.37,8.15,23.17,3.0940174378352583
1986-09-09,28.55,14.19,21.1,0.55,0.37,6.38,17.71,2.9426827136631095
1986-09-10,27.27,11.63,18.44,1.47,0.37,3.98,17.28,2.810089844499685
1986-09-11,24.37,8.18,16.33,0.0,0.37,1.38,23.28,2.3758920821068115
1986-09-12,28.51,9.55,18.94,0.29,0.37,2.09,22.84,3.183438016811266
1986-09-13,23.68,8.54,15.68,0.04,0.36,5.04,19.08,2.052333499449097
1986-09-14,29.66,12.53,20.58,0.11,0.36,8.07,21.5,3.083122598504094
1986-09-15,28.84,12.63,19.53,0.11,0.36,8.88,8.9,2.830001914627344
1986-09-16,29.37,13.51,20.47,0.03,0.36,5.75,18.76,3.173080599086454
1986-09-17,29.74,11.93,20.0,0.01,0.36,0.63,21.91,3.5408177353032535
1986-09-18,29.7,9.87,19.6,0.19,0.35,2.14,16.17,3.457854444435757
1986-09-19,29.08,13.74,20.38,0.01,0.35,3.14,18.2,3.2589051439502725
1986-09-20,29.76,12.9,20.94,0.0,0.35,3.14,18.65,3.4196754489093895
1986-09-21,28.22,14.12,19.8,0.67,0.35,7.04,13.55,2.8240073627352915
1986-09-22,26.6,13.7,19.05,1.48,0.35,10.0,7.23,2.2545602721166214
1986-09-23,28.84,13.95,20.61,0.18,0.35,8.57,12.55,2.853654906351043
1986-09-24,26.06,9.97,17.75,0.1,0.35,2.42,18.82,2.646245716844751
1986-09-25,23.98,7.36,15.57,0.0,0.35,-2.15,20.42,2.45875442812362
1986-09-26,23.38,7.65,14.86,0.0,0.35,-2.22,17.66,2.3557780114455293
1986-09-27,23.6,6.27,14.81,0.0,0.35,-2.82,19.72,2.4167778880014668
1986-09-28,25.54,8.08,16.09,0.21,0.35,-0.79,14.92,2.6945479560176597
1986-09-29,17.3,7.91,11.86,1.61,0.35,2.19,8.98,1.2595826682338864
1986-09-30,17.68,5.73,11.54,0.28,0.35,5.21,16.45,1.1376435998638434
1986-10-01,21.5,5.36,13.14,0.0,0.35,2.0,19.2,1.858778286511435
1986-10-02,25.99,9.53,16.06,0.34,0.35,5.49,8.88,2.456851788446121
1986-10-03,11.06,3.06,7.52,3.27,0.35,4.28,1.67,0.4885302845220242
1986-10-04,17.89,1.0,9.02,0.1,0.35,-0.53,20.16,1.4621187780693021
1986-10-05,18.58,3.66,10.13,0.29,0.35,0.44,15.88,1.5098337904053933
1986-10-06,22.76,4.06,13.05,0.0,0.35,3.25,19.9,1.9975957426475532
1986-10-07,23.9,7.2,14.24,0.0,0.35,-0.52,19.34,2.377986321781937
1986-10-08,23.22,7.72,14.69,0.96,0.35,2.68,12.41,2.10631092871471
1986-10-09,15.55,7.1,9.88,2.98,0.36,6.11,4.36,0.8244225572240114
1986-10-10,23.52,4.87,13.47,7.91,0.36,3.99,14.39,2.0863330003638634
1986-10-11,2.95,-5.66,-1.11,11.08,0.38,-4.74,1.49,0.32551561946142626
1986-10-12,1.71,-7.24,-3.14,1.33,0.38,-8.24,3.83,0.36296587144178605
1986-10-13,12.51,-7.13,2.82,0.21,0.39,-6.22,14.52,1.0667139729805253
1986-10-14,15.97,1.26,7.16,0.04,0.39,-2.68,18.3,1.3133578138159472
1986-10-15,19.33,0.3,8.98,0.4,0.39,-1.45,18.24,1.6937698555900198
1986-10-16,21.76,3.85,11.63,0.0,0.38,-3.3,18.17,2.1267319286324495
1986-10-17,22.37,5.33,12.69,0.0,0.38,-2.47,17.61,2.1948060246403425
1986-10-18,20.82,4.58,12.25,0.28,0.38,5.31,17.56,1.5682722527410382
1986-10-19,20.87,6.19,12.28,2.59,0.38,7.93,14.65,1.3995502818008674
1986-10-20,11.26,7.95,9.42,1.17,0.38,7.41,5.35,0.30515825584249034
1986-10-21,16.34,6.05,10.4,2.79,0.38,4.21,7.8,1.032791779657152
1986-10-22,13.96,4.1,7.95,2.14,0.39,3.33,10.21,0.8187618303004749
1986-10-23,11.52,4.13,7.88,0.59,0.39,4.52,5.38,0.5152722935105745
1986-10-24,14.21,2.54,7.08,0.23,0.38,1.2,9.73,0.9542724848963966
1986-10-25,15.54,1.29,7.53,0.0,0.38,-1.14,14.34,1.2036005246941621
1986-10-26,17.9,2.7,9.24,0.0,0.38,-0.84,16.05,1.4765934271377397
1986-10-27,22.31,4.21,12.41,0.01,0.38,-1.69,14.82,2.1546668164114657
1986-10-28,17.51,5.29,10.33,0.0,0.38,1.25,14.82,1.332597463047278
1986-10-29,18.92,3.16,10.09,0.0,0.38,2.69,13.08,1.4451945308244367
1986-10-30,24.45,6.09,13.88,0.0,0.37,0.23,10.36,2.444368897503621
1986-10-31,9.39,0.44,5.44,0.79,0.37,0.53,6.33,0.5438955562463033
1986-11-01,2.08,-2.23,-0.57,4.65,0.37,-3.92,1.74,0.25268789234247785
1986-11-02,10.68,-1.62,2.86,0.22,0.38,-2.25,10.85,0.7673211797371784
1986-11-03,10.53,-0.53,3.81,0.01,0.38,-1.96,10.49,0.7432877667690226
1986-11-04,11.78,-1.01,4.59,0.01,0.38,-1.44,11.14,0.8326695207513108
1986-11-05,16.53,0.06,7.2,0.0,0.38,-3.18,14.5,1.397675570614952
1986-11-06,15.85,2.01,7.08,0.0,0.38,-1.3,10.85,1.2455666044035079
1986-11-07,2.82,-3.97,0.24,0.08,0.38,-4.77,6.65,0.31954997885732406
1986-11-08,6.92,-6.52,-1.52,0.07,0.38,-9.39,10.99,0.6965316960679095
1986-11-09,6.36,-6.44,-0.75,0.0,0.37,-11.91,9.43,0.7134440686844472
1986-11-10,-2.62,-9.2,-5.82,0.06,0.37,-13.16,12.38,0.28211039037449087
1986-11-11,10.87,-5.8,1.16,0.0,0.37,-10.6,10.73,1.0290161864198213
1986-11-12,-3.32,-7.44,-6.16,0.07,0.37,-12.81,7.18,0.25006389251930083
1986-11-13,4.81,-10.25,-3.33,0.0,0.37,-9.07,11.68,0.5533170165264615
1986-11-14,13.5,-1.6,4.2,0.01,0.37,-4.64,12.6,1.1146353607553445
1986-11-15,13.87,1.03,5.11,0.17,0.37,-2.74,10.49,1.0859563933716856
1986-11-16,15.35,0.22,7.0,0.0,0.37,-3.76,11.35,1.281620018869479
1986-11-17,16.49,-0.2,7.31,0.0,0.37,-2.99,12.43,1.3859897521218012
1986-11-18,8.16,-4.09,2.12,0.0,0.37,-3.67,10.89,0.6188429737187235
1986-11-19,16.69,-0.32,7.39,0.01,0.37,-1.63,3.91,1.3579573676199366
1986-11-20,13.13,-3.4,3.87,0.0,0.37,-5.82,11.03,1.114894343308856
1986-11-21,19.16,1.87,8.25,0.0,0.37,-2.89,11.64,1.7257616377605105
1986-11-22,4.92,-1.2,2.2,0.07,0.37,-3.65,4.33,0.4010796543102658
1986-11-23,7.88,-4.97,0.75,0.0,0.37,-8.28,10.72,0.7368923547943875
1986-11-24,14.61,-2.09,5.1,0.02,0.37,-6.28,10.33,1.281040027670139
1986-11-25,8.59,-2.71,3.02,0.0,0.37,-4.35,9.61,0.674218559982347
1986-11-26,5.34,-4.17,-0.32,0.0,0.37,-8.12,10.04,0.5619790491843681
1986-11-27,13.94,-1.45,4.43,0.0,0.37,-9.38,11.06,1.2923179154877653
1986-11-28,18.54,1.39,7.53,0.16,0.37,-6.71,9.78,1.7655912298764669
1986-11-29,13.58,0.16,6.15,0.06,0.37,-3.7,8.11,1.0909270977122705
1986-11-30,-0.92,-5.74,-2.9,6.86,0.37,-5.42,0.89,0.16316322456042232
1986-12-01,3.86,-5.69,-2.26,0.54,0.37,-6.34,8.21,0.4250822964933173
1986-12-02,2.85,-4.21,-1.44,0.08,0.37,-7.03,10.64,0.3892244794019173
1986-12-03,5.06,-5.91,-2.35,0.43,0.37,-6.91,10.29,0.5121010607948129
1986-12-04,4.32,-5.38,-1.64,0.22,0.38,-5.23,9.74,0.4178846687100928
1986-12-05,11.04,-3.07,3.36,0.16,0.38,-4.08,10.32,0.864677321541007
1986-12-06,-0.73,-4.31,-2.96,1.95,0.38,-5.06,5.29,0.15984062802463556
1986-12-07,-0.71,-4.62,-2.86,0.47,0.38,-5.46,6.62,0.1732616010763448
1986-12-08,1.23,-5.66,-3.0,0.18,0.38,-7.33,5.71,0.31545069515723734
1986-12-09,-4.51,-11.98,-6.39,1.09,0.38,-11.76,5.81,0.18889796688165134
1986-12-10,0.01,-14.16,-7.53,0.0,0.38,-15.42,10.16,0.4273145377943383
1986-12-11,3.17,-5.3,-1.57,0.02,0.38,-8.02,10.01,0.43311126284184415
1986-12-12,5.76,-4.92,-1.35,0.0,0.38,-7.42,9.62,0.5698950519268493
1986-12-13,6.21,-6.22,-0.59,0.0,0.38,-7.21,10.13,0.5932639474786896
1986-12-14,8.49,-1.76,1.4,0.01,0.38,-7.34,10.13,0.7571339898480485
1986-12-15,6.52,-3.29,1.24,0.0,0.38,-6.68,9.74,0.5989299090395734
1986-12-16,9.08,-1.67,2.09,0.0,0.38,-5.32,8.66,0.7432292214203006
1986-12-17,3.94,-3.67,-1.04,0.0,0.38,-6.83,9.8,0.4437092480323373
1986-12-18,7.38,-5.54,-0.62,0.0,0.38,-6.2,10.22,0.6439936781171387
1986-12-19,8.08,-3.34,1.57,0.0,0.38,-5.94,8.95,0.6865836434148469
1986-12-20,6.03,-3.07,0.26,0.0,0.38,-7.15,9.68,0.5798705462275799
1986-12-21,6.88,-2.01,0.51,0.0,0.38,-5.92,10.13,0.6009880307029499
1986-12-22,9.15,-2.06,0.93,0.0,0.38,-5.32,10.28,0.7486954939405613
1986-12-23,7.3,-2.17,0.53,0.0,0.38,-8.05,9.89,0.6896183008182519
1986-12-24,5.42,-1.63,0.37,0.0,0.38,-6.4,9.29,0.519767449465105
1986-12-25,6.03,-4.6,-0.06,0.0,0.38,-7.71,10.47,0.5950517990816522
1986-12-26,5.71,-6.29,-0.63,0.0,0.37,-8.15,10.27,0.5860219811144558
1986-12-27,5.86,-5.83,-0.85,0.0,0.37,-8.44,8.94,0.6030113178770165
1986-12-28,6.67,-2.41,0.38,0.0,0.37,-6.1,10.5,0.5921139164962499
1986-12-29,7.09,-3.2,0.79,0.0,0.37,-10.98,10.28,0.7438132072619137
1986-12-30,7.67,-2.2,1.21,0.0,0.37,-9.75,8.52,0.7574680687237394
1986-12-31,2.6,-5.24,-1.75,0.0,0.37,-10.2,10.61,0.45531187949781415
1987-01-01,2.17,-10.3,-4.41,0.0,0.37,-12.23,10.57,0.47530191651189313
1987-01-02,4.63,-4.77,-0.14,0.12,0.37,-4.93,4.97,0.42661531910846023
1987-01-03,5.67,-6.44,-0.85,0.0,0.37,-10.13,10.42,0.6311810014679999
1987-01-04,11.59,-0.69,4.1,0.0,0.37,-7.95,9.22,1.029419813123539
1987-01-05,14.16,-0.56,5.92,0.0,0.37,-5.69,9.91,1.2156668022499622
1987-01-06,3.79,-3.44,-0.84,0.51,0.37,-4.58,10.59,0.36651662107641786
1987-01-07,2.13,-3.68,-1.67,1.56,0.37,-4.42,6.01,0.2721388755779612
1987-01-08,0.03,-4.82,-2.91,2.76,0.37,-5.31,3.2,0.20077106129103556
1987-01-09,2.23,-5.85,-2.8,0.53,0.37,-10.86,5.24,0.450539591860832
1987-01-10,3.5,-7.75,-3.22,0.04,0.37,-11.71,7.32,0.535866902827981
1987-01-11,10.48,-4.18,1.74,0.0,0.37,-6.67,10.83,0.8973547355334959
1987-01-12,14.11,-0.27,4.31,0.0,0.38,-2.41,9.54,1.098434559285982
1987-01-13,13.84,-0.9,3.85,0.01,0.38,-6.43,11.12,1.2045028603651733
1987-01-14,2.03,-5.96,-2.2,0.51,0.38,-8.03,9.32,0.37357159172733945
1987-01-15,-4.54,-9.34,-6.13,1.91,0.38,-11.38,4.42,0.1802040508524188
1987-01-16,-6.46,-10.98,-9.29,0.89,0.38,-13.96,4.52,0.16917439925751324
1987-01-17,-4.15,-11.54,-9.04,0.0,0.38,-15.57,6.84,0.26750911653034637
1987-01-18,2.83,-10.34,-3.93,0.0,0.38,-10.37,9.19,0.47123809231245933
1987-01-19,-1.79,-8.27,-3.93,0.03,0.38,-10.03,9.57,0.250632930268324
1987-01-20,-0.89,-9.66,-6.14,0.0,0.38,-15.57,11.35,0.39070576359830456
1987-01-21,1.07,-8.42,-4.15,0.0,0.37,-13.31,8.57,0.4411490842501325
1987-01-22,3.25,-10.11,-3.95,0.0,0.37,-13.24,9.52,0.5511772504648506
1987-01-23,6.38,-6.42,-0.71,0.0,0.38,-8.89,8.42,0.6481232613987971
1987-01-24,7.63,-1.48,1.58,0.0,0.38,-5.66,11.84,0.6455041856883206
1987-01-25,8.14,-2.55,2.13,0.21,0.38,-6.04,11.28,0.6939878531038947
1987-01-26,12.33,-3.52,3.0,0.0,0.38,-3.77,11.42,0.9711894242973911
1987-01-27,14.47,-0.74,4.86,0.0,0.38,-4.97,12.55,1.225882967889003
1987-01-28,15.75,-0.96,6.25,0.01,0.37,-4.35,6.55,1.3470260777983927
1987-01-29,7.54,-4.35,0.88,0.0,0.37,-12.11,12.56,0.7983186518836308
1987-01-30,9.54,-4.36,1.87,0.01,0.37,-9.62,13.36,0.8961807795288856
1987-01-31,10.72,-1.36,3.63,0.13,0.37,-3.65,10.27,0.8221087165784673
1987-02-01,13.23,-2.13,4.08,0.0,0.37,-5.17,12.88,1.104684498741051
1987-02-02,12.98,-0.14,4.54,0.0,0.37,-6.21,11.17,1.1117985539599027
1987-02-03,11.32,-2.42,3.29,0.01,0.37,-4.06,10.94,0.8886870704923557
1987-02-04,3.45,-2.62,-0.28,0.8,0.37,-3.15,4.19,0.29814026343356215
1987-02-05,6.62,-4.37,-0.22,0.04,0.37,-6.79,11.31,0.608759940443141
1987-02-06,11.19,-3.34,1.97,0.0,0.37,-8.69,13.57,1.0125773171149346
1987-02-07,17.81,-0.58,6.32,0.0,0.37,-8.38,14.13,1.7148671655622691
1987-02-08,9.02,-3.9,1.63,0.0,0.37,-5.02,14.18,0.7290753494217964
1987-02-09,16.31,-3.6,5.31,0.0,0.37,-6.28,13.53,1.472648008007594
1987-02-10,15.55,-1.84,6.69,0.0,0.37,-5.24,12.88,1.353115565654337
1987-02-11,13.92,0.33,6.66,0.0,0.37,-1.9,14.81,1.05899785539404
1987-02-12,15.24,-0.39,5.32,0.0,0.37,-0.49,10.45,1.1425166367458213
1987-02-13,13.76,1.89,6.16,0.27,0.37,-2.39,14.83,1.0614986723398323
1987-02-14,3.8,-1.45,1.71,9.67,0.37,-0.61,4.68,0.21767340686259595
1987-02-15,5.15,-2.31,0.31,1.58,0.38,-2.32,6.89,0.3664391002849865
1987-02-16,3.61,-4.11,-0.74,0.56,0.38,-3.11,6.42,0.30558529054869915
1987-02-17,4.16,-5.42,-1.91,0.06,0.38,-8.33,14.9,0.49660076459187863
1987-02-18,5.98,-5.24,0.13,0.65,0.39,-9.13,14.35,0.6277718697458649
1987-02-19,2.04,-5.26,-1.67,1.65,0.39,-5.77,8.18,0.3104874421978015
1987-02-20,1.79,-4.7,-1.63,0.6,0.38,-5.89,9.54,0.3015589702271894
1987-02-21,5.77,-5.61,-1.21,0.0,0.38,-9.58,16.15,0.6249517723553124
1987-02-22,7.6,-5.57,-0.39,0.0,0.38,-8.51,17.22,0.7225834394693817
1987-02-23,9.83,-3.1,2.48,0.03,0.38,-7.44,15.49,0.8647957959706218
1987-02-24,7.28,-5.36,0.06,0.14,0.38,-5.56,7.91,0.6176860195233698
1987-02-25,10.38,-2.03,3.89,4.79,0.38,-0.25,8.3,0.6598077590711695
1987-02-26,4.72,1.09,2.39,12.91,0.4,1.39,5.64,0.17998364161450475
1987-02-27,3.96,-5.47,-2.01,1.79,0.41,-6.1,5.66,0.42370650062664433
1987-02-28,3.12,-5.81,-2.43,1.6,0.41,-8.08,17.45,0.4319560679458099
1987-03-01,10.13,-5.77,1.75,0.18,0.41,-8.04,14.52,0.9053746021889744
1987-03-02,14.28,-1.64,4.88,0.0,0.41,-5.81,18.88,1.2319210210505749
1987-03-03,16.25,-1.49,6.32,0.0,0.4,-5.55,19.47,1.4436190057743565
1987-03-04,19.58,0.07,9.77,0.0,0.4,-5.99,18.8,1.8876284278402586
1987-03-05,22.27,1.68,11.01,0.0,0.39,-4.71,19.68,2.2572127533624036
1987-03-06,23.47,3.02,11.98,0.0,0.39,-3.03,19.96,2.4017700045055608
1987-03-07,20.67,2.41,10.88,0.0,0.39,-0.44,20.23,1.8455222564197402
1987-03-08,6.44,-4.0,2.26,0.41,0.39,-1.08,3.92,0.3995530483862475
1987-03-09,1.88,-7.27,-3.76,0.09,0.39,-9.49,10.03,0.4021252423485504
1987-03-10,8.34,-7.22,-0.29,0.0,0.38,-6.41,17.83,0.7197050949085155
1987-03-11,14.84,-2.67,5.82,0.0,0.38,-3.87,17.55,1.229132830116941
1987-03-12,15.16,-1.89,6.0,0.0,0.38,-3.59,20.78,1.2545156115814327
1987-03-13,20.65,0.87,10.62,0.0,0.38,-5.08,20.89,2.015413485146408
1987-03-14,14.06,0.23,7.54,2.16,0.38,-2.79,10.65,1.1074840140722289
1987-03-15,11.31,-0.77,3.99,0.39,0.38,-1.2,10.82,0.7805385615671773
1987-03-16,3.61,-1.06,1.69,8.97,0.39,0.21,5.08,0.17100735903588693
1987-03-17,0.14,-4.19,-1.99,3.32,0.39,-4.51,5.24,0.1799409097101266
1987-03-18,11.58,-5.21,2.29,0.7,0.4,-3.42,12.57,0.8897035153387163
1987-03-19,19.11,-1.4,9.31,0.02,0.4,-2.17,18.36,1.6917081145901613
1987-03-20,12.01,-4.22,4.4,0.3,0.4,-5.13,15.47,0.9864524792388589
1987-03-21,11.99,-4.74,3.79,0.06,0.39,-8.55,22.26,1.0813361337553926
1987-03-22,9.03,-3.38,1.9,0.89,0.39,-4.72,12.47,0.7201719177812965
1987-03-23,2.24,-4.37,-1.66,1.28,0.39,-8.04,14.72,0.3845274079959716
1987-03-24,-0.04,-4.36,-2.98,0.23,0.39,-8.63,7.91,0.2907223264829648
1987-03-25,3.29,-4.54,-1.32,0.05,0.39,-7.54,9.13,0.42695642325786837
1987-03-26,12.13,-4.44,3.8,0.06,0.39,-7.71,23.46,1.0726306319686407
1987-03-27,2.01,-6.99,-1.22,9.67,0.39,-5.57,11.06,0.30285591180549504
1987-03-28,-6.97,-10.99,-8.61,2.74,0.39,-12.85,8.05,0.13493953902746444
1987-03-29,-5.87,-14.79,-10.18,1.37,0.39,-15.78,11.24,0.21565920116185683
1987-03-30,5.35,-15.48,-3.6,0.0,0.39,-9.56,12.77,0.5980150309976273
1987-03-31,14.4,-2.71,4.76,0.0,0.4,-4.97,18.27,1.2184394066567958
1987-04-01,9.63,-2.09,3.06,0.83,0.4,-5.07,16.93,0.7789037964999662
1987-04-02,6.79,-5.38,0.01,0.04,0.4,-9.65,18.58,0.6937614908815111
1987-04-03,15.73,-4.24,5.31,0.0,0.4,-8.56,23.33,1.4671124306003271
1987-04-04,14.07,-3.21,5.48,0.1,0.4,-3.17,24.44,1.122433688057019
1987-04-05,5.54,-2.12,2.1,0.03,0.39,-2.09,19.86,0.38183699971460416
1987-04-06,13.22,-3.89,4.41,0.0,0.39,-5.26,23.79,1.106529325071296
1987-04-07,12.94,0.37,6.09,0.0,0.39,-3.11,22.2,1.006282183643744
1987-04-08,18.66,-0.69,8.94,0.16,0.39,-3.87,24.92,1.692487598853349
1987-04-09,14.18,2.43,7.86,0.33,0.39,-4.23,15.3,1.1709204506620163
1987-04-10,17.97,-1.32,8.18,0.0,0.38,-6.79,24.32,1.6928438566495796
1987-04-11,20.26,0.01,9.95,4.73,0.38,-2.02,19.23,1.8495514264769646
1987-04-12,4.53,-0.98,1.8,3.72,0.39,-1.03,7.64,0.27759962772237556
1987-04-13,5.66,-0.89,2.46,1.04,0.4,-5.33,12.65,0.5025872454144733
1987-04-14,14.19,-3.31,5.12,0.0,0.39,-7.16,26.6,1.2615158371173836
1987-04-15,22.71,2.19,13.38,0.0,0.39,-2.89,26.25,2.266872753224386
1987-04-16,24.9,7.2,16.05,0.0,0.39,-0.78,24.65,2.571972690479015
1987-04-17,27.95,9.1,18.32,0.0,0.38,-0.93,26.73,3.1982644091028365
1987-04-18,30.01,9.28,19.78,0.0,0.38,-1.3,26.87,3.690127360527691
1987-04-19,27.13,6.71,18.65,0.0,0.37,-3.17,20.95,3.109175136590815
1987-04-20,11.19,0.46,5.56,0.41,0.37,-2.49,9.56,0.8208001932810723
1987-04-21,14.95,-1.01,6.45,0.0,0.37,-6.87,25.24,1.3348689905635571
1987-04-22,23.14,1.71,12.49,0.0,0.37,-4.63,27.76,2.40015576058025
1987-04-23,25.34,7.62,16.29,0.0,0.37,-4.18,27.41,2.7843610366000098
1987-04-24,28.33,7.8,17.78,0.0,0.37,-0.29,25.84,3.255141698371628
1987-04-25,27.74,9.93,18.76,0.18,0.36,4.83,25.0,2.861069311378207
1987-04-26,27.01,10.02,18.57,2.74,0.37,4.77,24.09,2.709027683235676
1987-04-27,21.05,9.67,15.55,0.24,0.37,4.93,26.31,1.626596055510404
1987-04-28,27.92,10.48,18.83,0.02,0.36,4.3,28.37,2.93176473128561
1987-04-29,28.16,9.77,19.25,0.0,0.36,0.72,26.28,3.171730831645468
1987-04-30,26.69,9.63,18.6,0.39,0.36,3.57,25.11,2.7120355092002404
1987-05-01,25.22,11.14,18.49,4.88,0.36,6.58,24.11,2.236198052044104
1987-05-02,24.56,5.02,15.76,14.17,0.37,5.43,18.82,2.186853584392913
1987-05-03,9.28,3.63,6.71,32.66,0.43,4.5,4.49,0.3276285022847406
1987-05-04,10.79,2.93,6.91,6.48,0.46,4.69,7.29,0.4408881063489094
1987-05-05,14.56,8.13,10.49,4.9,0.46,7.77,8.66,0.6015542059097545
1987-05-06,19.88,8.33,13.41,0.18,0.46,6.76,25.13,1.3355007953386262
1987-05-07,22.16,8.76,15.29,0.0,0.44,5.34,25.92,1.7765936662453137
1987-05-08,25.18,7.79,16.66,0.0,0.43,5.03,28.39,2.3277616672575667
1987-05-09,27.95,9.41,19.13,0.19,0.42,5.44,28.54,2.8694711179655306
1987-05-10,27.4,11.24,19.97,1.44,0.41,7.73,27.68,2.5966670748351186
1987-05-11,23.76,11.22,16.99,5.23,0.41,10.05,24.27,1.7091194049848502
1987-05-12,22.27,12.64,17.11,0.38,0.41,10.74,27.59,1.3975576446322375
1987-05-13,29.17,10.38,20.12,0.44,0.4,7.31,29.05,3.0218132103836934
1987-05-14,24.85,13.3,19.12,4.04,0.4,10.68,28.12,1.8545331961432796
1987-05-15,25.92,13.24,19.91,0.36,0.4,10.36,28.61,2.0876742307053524
1987-05-16,28.47,12.79,20.7,1.77,0.4,9.67,29.23,2.683542121035148
1987-05-17,21.74,13.48,17.32,5.09,0.4,10.35,18.22,1.3452590702178753
1987-05-18,26.96,11.9,19.19,3.01,0.4,9.76,27.09,2.3486289632187836
1987-05-19,18.38,12.51,15.21,11.41,0.41,12.31,14.34,0.6823303426107556
1987-05-20,19.06,7.24,14.35,4.09,0.42,8.95,10.56,1.0614437680713293
1987-05-21,18.36,4.15,11.17,2.75,0.42,4.89,18.84,1.2455386451686772
1987-05-22,19.52,7.52,13.39,1.47,0.42,7.71,17.24,1.2179354300412553
1987-05-23,18.58,10.41,13.87,16.11,0.43,9.8,19.66,0.9288699001826584
1987-05-24,16.37,9.32,12.3,14.31,0.45,9.61,6.85,0.6654687966971258
1987-05-25,23.46,6.27,15.88,1.62,0.46,5.72,27.39,1.9714231227899086
1987-05-26,24.88,9.09,16.55,0.92,0.45,3.6,26.34,2.354558262219685
1987-05-27,23.63,6.35,15.3,0.0,0.44,-0.17,28.65,2.315004294917014
1987-05-28,23.98,6.21,15.38,1.55,0.43,3.17,27.59,2.2133796305763376
1987-05-29,20.77,7.41,14.83,1.44,0.42,5.83,22.96,1.5279254519247134
1987-05-30,24.35,8.37,17.47,0.05,0.42,5.73,27.84,2.1294071998561788
1987-05-31,28.33,9.8,19.87,0.01,0.41,5.02,30.42,2.9796406555496544
1987-06-01,27.39,13.06,19.77,0.25,0.4,5.26,30.79,2.7594634605992616
1987-06-02,21.97,8.9,15.98,0.02,0.4,-0.19,30.46,2.0366949715400455
1987-06-03,22.64,5.69,14.73,1.81,0.39,0.55,20.08,2.113156588233455
1987-06-04,28.99,8.63,19.42,0.09,0.39,4.84,30.46,3.1407471218854
1987-06-05,32.15,11.57,22.23,0.45,0.39,6.26,29.78,3.8431514379039395
1987-06-06,33.03,12.41,23.1,0.0,0.38,5.42,30.72,4.140400173781203
1987-06-07,32.45,15.33,24.09,1.67,0.38,8.47,30.39,3.7694318232914332
1987-06-08,29.44,15.29,22.57,5.72,0.38,12.28,25.88,2.6799944209923074
1987-06-09,22.81,15.31,18.57,8.68,0.39,14.49,15.39,1.1271609127377216
1987-06-10,29.83,13.8,22.03,2.66,0.4,11.23,24.65,2.868947792929519
1987-06-11,29.86,14.66,22.45,0.67,0.4,9.65,30.46,3.0096539171386025
1987-06-12,32.89,15.52,24.35,0.06,0.39,7.89,28.88,3.9344361033942463
1987-06-13,31.82,15.23,23.58,0.65,0.38,6.36,30.93,3.7479516450458723
1987-06-14,32.65,15.02,24.17,2.36,0.38,7.31,25.89,3.9088475902512148
1987-06-15,33.22,15.26,24.76,0.03,0.38,9.84,30.93,3.8776953503528784
1987-06-16,35.38,18.31,26.45,0.01,0.37,7.24,29.28,4.723365149272223
1987-06-17,33.1,16.81,25.36,2.12,0.37,11.11,29.63,3.7360880468657642
1987-06-18,24.38,16.66,19.95,14.36,0.39,14.84,30.27,1.3647980933445136
1987-06-19,26.25,15.72,20.18,6.5,0.41,14.24,29.64,1.7877644774250765
1987-06-20,29.58,15.43,21.87,2.56,0.41,12.5,23.45,2.692431755913729
1987-06-21,30.1,13.63,22.25,6.68,0.41,11.46,23.52,2.9140667040644708
1987-06-22,31.98,16.47,24.28,0.26,0.4,9.98,30.54,3.523086419382407
1987-06-23,25.11,13.86,19.75,15.97,0.41,13.91,29.68,1.5993008272326754
1987-06-24,27.75,13.38,21.24,4.88,0.42,12.1,27.97,2.3134162315580964
1987-06-25,26.84,10.79,19.67,1.91,0.41,10.12,27.78,2.29413773925132
1987-06-26,28.14,14.0,21.21,1.49,0.41,11.69,27.02,2.43670264357437
1987-06-27,32.18,14.94,23.91,1.67,0.41,11.67,27.36,3.431019184012002
1987-06-28,33.11,15.93,24.42,4.31,0.4,10.57,27.23,3.7856064764028576
1987-06-29,23.69,14.65,18.88,2.28,0.4,11.25,11.65,1.594156106936324
1987-06-30,23.43,12.34,17.95,0.43,0.4,9.78,19.74,1.6733642634879782
1987-07-01,31.69,13.05,23.33,0.96,0.39,9.19,27.79,3.509233326518542
1987-07-02,30.0,15.34,22.33,14.89,0.4,13.33,26.65,2.7126545288502784
1987-07-03,28.65,16.66,22.21,10.76,0.42,16.25,28.72,2.0778413996644183
1987-07-04,29.83,16.77,22.5,6.36,0.42,14.68,27.81,2.5313379609025537
1987-07-05,30.02,15.14,22.14,2.78,0.43,11.87,30.4,2.8573488660984996
1987-07-06,34.15,13.85,24.02,0.21,0.41,7.22,29.12,4.346752918572857
1987-07-07,26.96,13.81,20.65,3.82,0.41,12.8,24.18,2.0786938480151393
1987-07-08,28.67,14.62,22.45,1.38,0.41,13.59,29.2,2.3733535679137048
1987-07-09,35.13,16.24,25.78,0.43,0.4,10.57,27.28,4.387546366043987
1987-07-10,35.87,17.65,26.84,0.0,0.39,4.27,27.51,5.069906787689691
1987-07-11,31.69,14.33,22.42,5.99,0.39,11.69,25.17,3.297963479943501
1987-07-12,16.22,9.01,12.98,3.21,0.4,7.34,8.29,0.8185051458865145
1987-07-13,25.54,6.93,17.1,0.01,0.39,4.47,29.96,2.430550262423042
1987-07-14,28.82,11.76,20.4,0.13,0.39,8.24,28.13,2.873767520108481
1987-07-15,32.24,14.03,23.97,0.27,0.38,11.21,26.37,3.488490269242359
1987-07-16,35.24,17.35,26.59,0.04,0.38,9.78,27.39,4.487719656083965
1987-07-17,27.11,16.42,21.94,2.57,0.38,13.03,18.48,2.0877008262995416
1987-07-18,33.13,15.24,24.56,0.0,0.38,3.37,30.78,4.289046527147511
1987-07-19,34.2,16.5,25.76,0.0,0.37,3.02,30.2,4.619938616146501
1987-07-20,35.69,15.86,26.36,0.0,0.37,6.78,29.94,4.853866337605006
1987-07-21,35.02,18.83,27.43,0.0,0.36,10.05,28.67,4.396816611223548
1987-07-22,35.63,20.75,28.03,0.72,0.36,11.95,29.11,4.423500270027894
1987-07-23,36.27,19.32,28.42,0.48,0.36,13.46,23.25,4.486136103686739
1987-07-24,35.48,20.87,28.46,0.31,0.36,13.21,28.18,4.255107295020334
1987-07-25,35.06,20.34,27.67,0.0,0.36,9.34,28.33,4.466656092683721
1987-07-26,36.53,18.49,27.74,0.0,0.36,10.69,28.37,4.830043300813072
1987-07-27,36.06,19.59,27.99,0.0,0.35,9.83,28.68,4.746539659446672
1987-07-28,37.05,19.04,28.58,0.02,0.35,10.55,28.36,5.017963737610732
1987-07-29,35.35,21.28,28.04,0.0,0.35,11.1,28.11,4.4109015520831605
1987-07-30,37.5,18.7,28.97,0.01,0.35,10.04,27.48,5.216472936514494
1987-07-31,38.21,20.66,29.31,0.04,0.35,11.51,27.93,5.34246974471996
1987-08-01,36.02,19.81,28.33,1.04,0.35,11.47,27.58,4.593227128162693
1987-08-02,32.86,23.09,27.54,0.39,0.35,14.17,28.03,3.3744550559791318
1987-08-03,31.73,18.83,24.64,5.57,0.35,14.94,18.19,2.9839388102761566
1987-08-04,30.1,16.19,22.65,0.25,0.36,13.42,27.5,2.7280432197548548
1987-08-05,35.35,17.29,26.2,0.44,0.36,11.23,27.29,4.39944815967043
1987-08-06,35.34,17.82,26.24,1.87,0.36,9.99,24.96,4.5020676176735295
1987-08-07,28.07,19.04,22.83,13.79,0.37,16.54,11.08,1.9134056442803211
1987-08-08,26.24,17.31,21.09,0.8,0.38,13.65,25.76,1.846769820255994
1987-08-09,25.86,15.96,21.0,0.2,0.38,9.77,18.31,2.124556388967192
1987-08-10,31.37,14.06,22.85,0.23,0.38,12.18,27.39,3.1687988689730204
1987-08-11,33.76,17.14,25.53,0.55,0.37,13.56,25.84,3.6950630521739276
1987-08-12,22.01,15.12,19.1,2.09,0.37,14.94,7.76,0.9467732425642688
1987-08-13,28.81,13.58,20.61,4.82,0.38,12.34,22.15,2.527584997561654
1987-08-14,32.07,13.85,23.42,0.99,0.38,8.23,27.28,3.683926082730103
1987-08-15,34.14,17.6,25.37,0.01,0.38,4.87,27.7,4.496437845991077
1987-08-16,30.99,14.19,22.53,0.2,0.37,6.9,25.77,3.4950353964322174
1987-08-17,31.65,14.53,23.12,0.05,0.37,5.32,26.99,3.769549560591537
1987-08-18,28.21,12.4,20.1,0.15,0.37,8.93,18.63,2.6837531769903835
1987-08-19,34.32,15.97,24.74,0.0,0.36,7.78,26.33,4.357969997725717
1987-08-20,37.5,16.42,26.73,0.18,0.36,5.28,25.06,5.558222745243844
1987-08-21,33.55,18.12,24.67,0.86,0.36,9.89,20.96,3.968482942324509
1987-08-22,21.39,11.94,16.24,8.55,0.37,10.76,13.03,1.2552919202123671
1987-08-23,17.75,11.17,13.76,1.01,0.37,9.37,6.03,0.8546930367131398
1987-08-24,26.55,11.18,18.35,2.89,0.38,12.19,10.79,2.0520566385868917
1987-08-25,23.51,14.3,18.61,3.9,0.38,12.89,21.15,1.4102481940330218
1987-08-26,20.19,13.63,16.54,2.83,0.39,11.65,13.76,0.9954043331774114
1987-08-27,20.56,12.31,15.94,0.79,0.39,9.68,16.78,1.2187003015948452
1987-08-28,26.35,9.93,18.39,0.01,0.38,8.13,23.17,2.349313367180863
1987-08-29,28.28,12.15,20.68,0.0,0.38,5.2,25.27,2.95743005460969
1987-08-30,25.98,10.84,18.05,0.2,0.38,6.77,22.35,2.3713222727908994
1987-08-31,27.73,11.5,19.8,0.03,0.38,9.82,23.91,2.507681848958164
1987-09-01,30.09,13.65,21.51,0.0,0.37,7.41,25.44,3.2346017427940916
1987-09-02,30.86,14.47,22.69,0.05,0.37,10.02,23.46,3.227299231550343
1987-09-03,33.38,16.96,25.04,0.03,0.37,8.17,24.85,4.053108401995354
1987-09-04,27.68,15.56,21.56,2.82,0.37,11.61,20.35,2.343170564568007
1987-09-05,24.34,14.7,18.62,0.44,0.37,11.92,18.65,1.650174417559241
1987-09-06,27.5,12.85,19.94,0.56,0.37,9.79,22.63,2.460481156227194
1987-09-07,24.64,12.55,18.02,2.82,0.37,9.68,18.94,1.898603227058258
1987-09-08,24.1,10.88,17.56,0.18,0.37,9.58,22.47,1.8080474829872402
1987-09-09,25.45,12.39,18.13,0.75,0.37,6.01,20.91,2.3179299404968106
1987-09-10,23.65,10.31,16.91,2.87,0.37,5.43,21.59,2.0229603426217455
1987-09-11,22.94,9.2,14.93,0.85,0.37,8.72,19.83,1.6727340544137739
1987-09-12,26.56,7.46,16.46,0.01,0.37,6.35,21.16,2.516322515304859
1987-09-13,31.23,11.72,20.78,0.4,0.37,5.26,22.62,3.6634846726538344
1987-09-14,28.49,12.99,19.74,0.11,0.37,3.81,19.1,3.086673538152611
1987-09-15,19.25,10.59,14.31,8.97,0.38,9.33,10.85,1.057993172217204
1987-09-16,24.74,9.28,16.16,2.55,0.38,6.98,21.19,2.1185650222408015
1987-09-17,17.81,7.92,12.31,1.05,0.38,7.34,8.93,1.0139700058130678
1987-09-18,22.62,4.95,13.44,0.02,0.38,4.01,21.06,1.9316760201016594
1987-09-19,24.12,5.3,14.69,0.0,0.38,0.59,22.36,2.3679471091799837
1987-09-20,23.42,8.14,15.39,0.11,0.38,0.31,20.8,2.2568846351177667
1987-09-21,21.95,5.89,13.51,0.01,0.38,-0.1,21.15,2.0295152658396813
1987-09-22,24.51,5.37,14.74,0.0,0.37,-0.35,21.25,2.481072164806748
1987-09-23,28.56,8.45,18.32,0.0,0.37,-0.8,20.94,3.3288035239485123
1987-09-24,28.58,9.73,18.58,0.0,0.37,0.56,20.91,3.273327768142235
1987-09-25,26.26,10.56,18.04,0.0,0.37,3.67,18.17,2.6188869732322813
1987-09-26,29.18,10.92,19.43,0.0,0.36,5.27,18.88,3.1586451661405595
1987-09-27,23.34,11.77,17.31,0.04,0.36,3.16,13.79,2.101319536506992
1987-09-28,20.73,7.05,13.39,0.0,0.36,0.65,18.97,1.8057515686774708
1987-09-29,21.71,5.13,13.27,0.0,0.36,-1.57,17.92,2.053121361943371
1987-09-30,24.38,5.87,14.91,0.0,0.36,-1.22,17.25,2.49400709410605
1987-10-01,27.56,10.4,17.47,0.0,0.36,-2.32,20.55,3.169116309896615
1987-10-02,24.15,7.13,14.69,0.0,0.36,2.49,20.23,2.280115480423416
1987-10-03,27.98,7.75,17.14,0.02,0.36,0.37,19.2,3.148086335269823
1987-10-04,29.34,11.06,19.17,0.0,0.35,-3.51,17.17,3.6137623598384945
1987-10-05,19.54,7.7,12.33,0.0,0.35,-2.2,18.55,1.7528679192398504
1987-10-06,21.44,5.28,12.34,0.0,0.35,-3.89,19.82,2.0969838446542903
1987-10-07,23.18,3.26,12.78,0.0,0.35,-2.76,18.1,2.3417012704017472
1987-10-08,25.32,9.18,15.91,0.0,0.35,-2.39,18.23,2.7162845249609493
1987-10-09,17.15,3.25,9.3,0.0,0.35,-2.45,17.3,1.4461264643373566
1987-10-10,12.1,-0.74,4.74,0.0,0.35,-2.91,16.0,0.9189131747442226
1987-10-11,17.82,-0.46,8.08,0.0,0.35,-6.25,18.49,1.6579080410513922
1987-10-12,23.92,2.43,12.45,0.01,0.35,-3.82,18.92,2.5091655346571335
1987-10-13,24.59,7.21,14.38,0.49,0.35,1.41,13.0,2.414837490012617
1987-10-14,9.74,2.24,5.35,1.59,0.35,1.16,8.29,0.5424005166627074
1987-10-15,19.72,1.8,9.99,0.0,0.35,1.21,18.42,1.6313295369371112
1987-10-16,14.21,1.46,7.18,0.0,0.35,-3.85,18.46,1.1611045429519722
1987-10-17,21.97,1.9,11.21,0.0,0.35,-5.98,17.74,2.248255187951087
1987-10-18,15.5,0.21,7.23,0.0,0.35,-3.36,14.55,1.2843995819400755
1987-10-19,12.47,-0.66,4.44,0.01,0.35,-4.8,14.55,1.019010847289544
1987-10-20,10.52,-3.77,2.77,0.0,0.35,-6.79,17.82,0.9041574433547442
1987-10-21,21.29,-1.43,8.94,0.0,0.35,-6.71,16.16,2.162125472623954
1987-10-22,15.67,-0.25,7.16,0.0,0.35,-5.79,16.31,1.3837429410958924
1987-10-23,20.31,1.43,9.2,0.0,0.35,-2.31,15.13,1.8681006476683926
1987-10-24,11.17,0.98,6.31,0.12,0.35,2.23,7.67,0.6102807727741484
1987-10-25,19.58,7.31,12.01,0.04,0.35,2.11,14.38,1.566958745261854
1987-10-26,16.72,3.5,9.6,0.0,0.35,-0.8,13.0,1.3274718370355494
1987-10-27,14.66,-0.16,7.01,0.0,0.35,-2.72,15.16,1.1684172201582737
1987-10-28,21.39,3.16,11.08,0.0,0.35,-5.05,15.01,2.1276303883798784
1987-10-29,23.37,6.14,13.58,0.26,0.35,-2.15,14.76,2.351345062827165
1987-10-30,17.26,9.25,12.5,4.14,0.36,6.92,7.53,0.9735198854039376
1987-10-31,17.39,7.36,11.3,1.57,0.36,6.13,7.12,1.0425830659833129
1987-11-01,19.29,5.93,11.49,0.0,0.36,4.69,6.56,1.3838512222943848
1987-11-02,17.78,6.23,11.75,0.02,0.36,5.2,14.23,1.1510462381088393
1987-11-03,19.66,4.67,11.46,0.0,0.36,1.39,12.39,1.6140941016419874
1987-11-04,18.63,4.3,10.43,0.0,0.36,0.43,14.21,1.516998885749873
1987-11-05,19.96,2.16,9.94,0.0,0.36,3.04,13.78,1.5725774733218079
1987-11-06,18.2,4.54,10.75,0.46,0.36,4.93,6.86,1.2220300541831977
1987-11-07,14.23,2.88,7.71,7.07,0.37,1.25,9.84,0.9539695432701519
1987-11-08,7.91,-1.51,2.55,2.02,0.38,-3.68,12.59,0.6008880788166611
1987-11-09,11.5,-3.11,2.59,0.0,0.38,-7.61,14.08,1.0123160583261448
1987-11-10,14.11,-3.09,3.5,0.0,0.38,-6.73,13.85,1.2410937630393415
1987-11-11,14.33,-0.16,6.09,0.0,0.37,-3.42,13.38,1.1586762604909548
1987-11-12,16.01,-0.09,7.41,0.0,0.37,-5.1,11.52,1.4014597358128003
1987-11-13,14.52,2.07,7.29,0.0,0.37,-2.42,13.21,1.1421173481128521
1987-11-14,15.96,1.48,7.09,0.54,0.37,-2.19,10.74,1.293607607683474
1987-11-15,2.44,-2.77,0.51,5.85,0.38,-2.32,1.1,0.2131249405436516
1987-11-16,2.32,-6.11,-2.79,1.17,0.38,-9.1,7.19,0.41519868825745093
1987-11-17,6.57,-5.78,-1.72,0.25,0.38,-8.23,8.87,0.6442383073821611
1987-11-18,5.67,-7.43,-2.01,0.1,0.38,-10.03,9.8,0.6289274483587461
1987-11-19,11.57,-3.14,2.95,0.04,0.38,-9.39,10.64,1.0634508046730333
1987-11-20,15.16,-2.39,4.0,0.0,0.38,-6.87,11.88,1.357996972633165
1987-11-21,15.41,-0.6,5.57,0.0,0.38,-5.61,12.55,1.3488238531696364
1987-11-22,11.28,-0.15,3.95,0.03,0.38,-3.59,12.35,0.8688704376995969
1987-11-23,8.71,-1.12,2.93,0.33,0.38,-2.71,9.09,0.625432852361459
1987-11-24,6.28,-2.43,0.55,0.74,0.38,-4.94,8.0,0.5302924954385642
1987-11-25,5.83,-4.08,-0.59,0.24,0.38,-6.63,8.62,0.5523483692055057
1987-11-26,-1.5,-4.15,-3.07,6.27,0.38,-5.11,5.6,0.1295810039397487
1987-11-27,0.24,-6.73,-3.56,0.73,0.38,-6.12,6.14,0.2348768955101036
1987-11-28,3.8,-6.62,-3.27,0.0,0.38,-8.62,8.45,0.48333235594322455
1987-11-29,3.14,-6.12,-2.32,0.2,0.38,-8.46,9.16,0.4427606067333854
1987-11-30,3.98,-6.27,-2.32,0.01,0.38,-8.02,9.03,0.47827055256947043
1987-12-01,8.13,-3.83,0.63,0.0,0.38,-7.75,7.32,0.7413647471924576
1987-12-02,12.57,-0.23,3.58,0.0,0.38,-3.8,6.5,0.9950116762167727
1987-12-03,16.39,0.32,6.66,0.0,0.38,-1.99,8.16,1.3362782712599413
1987-12-04,18.3,1.25,7.07,0.0,0.38,-0.38,9.77,1.5091318525855393
1987-12-05,16.45,3.87,8.61,0.0,0.38,1.31,9.64,1.1996655921730133
1987-12-06,14.97,0.16,6.26,0.0,0.38,-0.74,10.05,1.1233773498085307
1987-12-07,16.12,0.8,6.22,0.29,0.38,-1.87,10.63,1.2997636930017726
1987-12-08,4.79,-4.53,0.48,2.49,0.38,-7.19,7.15,0.5035272081700143
1987-12-09,7.07,-4.49,0.38,0.0,0.38,-10.55,5.47,0.7331988449788733
1987-12-10,17.15,-0.89,7.15,0.0,0.38,-1.17,9.92,1.3955188785391357
1987-12-11,7.1,-5.57,1.47,0.03,0.38,-8.08,10.45,0.6764705194307589
1987-12-12,0.59,-6.07,-3.33,0.04,0.38,-14.0,8.72,0.43067661126690293
1987-12-13,-4.09,-6.17,-5.15,0.89,0.38,-11.57,5.84,0.19915316626066337
1987-12-14,-6.31,-12.46,-8.1,0.28,0.38,-12.58,2.44,0.14878819556562523
1987-12-15,-0.47,-12.89,-7.39,0.0,0.38,-15.95,6.26,0.41424760184309367
1987-12-16,1.13,-9.18,-4.91,0.0,0.38,-15.17,3.43,0.47510225312231147
1987-12-17,7.16,-6.6,-0.98,0.01,0.38,-8.43,2.19,0.6895927774299305
1987-12-18,3.95,-4.41,-0.95,0.25,0.38,-6.89,7.41,0.44597111188179256
1987-12-19,2.66,-3.67,-1.45,0.08,0.38,-5.91,7.78,0.34672911512017646
1987-12-20,2.28,-6.2,-2.86,0.11,0.38,-7.66,9.34,0.3765737693723151
1987-12-21,6.04,-5.93,-0.61,0.0,0.38,-9.31,7.43,0.6359677947855233
1987-12-22,6.96,-4.69,-0.03,0.23,0.38,-6.6,9.39,0.6264377469764847
1987-12-23,0.53,-7.03,-2.86,0.19,0.38,-6.92,2.28,0.2711761061000977
1987-12-24,-5.04,-10.61,-7.7,0.33,0.38,-12.21,7.12,0.18054111499992942
1987-12-25,-4.58,-11.98,-8.55,2.77,0.38,-14.98,5.53,0.24402391442360022
1987-12-26,-7.57,-11.44,-9.31,3.86,0.38,-14.46,4.64,0.1465786567196999
1987-12-27,-7.0,-12.05,-9.6,0.8,0.38,-12.63,5.41,0.13000149034445457
1987-12-28,-1.16,-10.9,-7.13,0.17,0.38,-9.44,10.36,0.2624634825737053
1987-12-29,3.48,-8.52,-3.05,0.01,0.38,-6.84,7.12,0.4181306348619866
1987-12-30,5.57,-12.07,-3.35,0.41,0.38,-9.13,9.88,0.6015903914543825
1987-12-31,-0.31,-13.45,-8.07,0.0,0.38,-13.04,10.26,0.37339637939441617
1988-01-01,-2.75,-14.17,-8.93,0.0,0.38,-15.21,9.2,0.31166970978035263
1988-01-02,-0.26,-13.61,-7.82,0.03,0.38,-15.23,10.17,0.4124788017942066
1988-01-03,0.02,-13.68,-8.31,0.0,0.38,-14.41,10.62,0.4117027779370789
1988-01-04,-3.7,-15.85,-10.15,0.21,0.38,-14.44,10.48,0.26513192985644113
1988-01-05,-7.58,-12.68,-10.43,1.7,0.38,-13.06,5.17,0.12207808226302275
1988-01-06,-10.96,-13.85,-12.24,0.74,0.38,-15.02,1.8,0.0745304166445849
1988-01-07,-1.71,-15.95,-9.64,0.48,0.38,-12.75,2.91,0.3097355808302451
1988-01-08,-3.22,-14.12,-8.83,0.04,0.38,-10.9,7.9,0.21569349555814227
1988-01-09,2.44,-12.97,-5.97,0.0,0.38,-10.17,9.53,0.4462914758962874
1988-01-10,6.94,-8.8,-1.18,0.0,0.38,-7.29,10.5,0.6444058062258105
1988-01-11,7.35,-2.66,1.72,0.0,0.38,-5.95,8.81,0.6344483962108058
1988-01-12,-2.68,-8.67,-4.96,0.0,0.38,-12.96,10.02,0.2762245828537884
1988-01-13,4.49,-10.46,-3.56,0.03,0.38,-13.32,10.28,0.6230332255657515
1988-01-14,6.69,-6.89,-0.86,0.0,0.38,-9.05,8.58,0.6727549667092456
1988-01-15,12.14,-0.15,4.46,0.1,0.38,-4.0,9.21,0.9613041076374418
1988-01-16,3.2,-2.68,0.2,0.8,0.38,-7.03,7.49,0.40807717551054923
1988-01-17,8.65,-4.5,-0.07,0.08,0.38,-6.86,11.23,0.7559186715760099
1988-01-18,2.35,-6.63,-2.31,10.91,0.39,-5.36,2.86,0.31371284579789244
1988-01-19,-6.43,-11.3,-7.41,8.42,0.39,-9.93,3.68,0.09027769156526061
1988-01-20,-3.83,-15.88,-10.66,0.0,0.39,-15.05,4.23,0.2704341360212613
1988-01-21,-2.58,-15.43,-7.19,0.27,0.38,-9.72,7.35,0.21307351133927172
1988-01-22,0.68,-12.0,-6.26,0.01,0.38,-11.07,10.44,0.3793404627164886
1988-01-23,1.5,-7.5,-1.96,0.11,0.39,-7.05,8.53,0.32083117454543875
1988-01-24,-0.79,-7.38,-4.88,0.02,0.39,-10.05,10.7,0.291982612709124
1988-01-25,1.88,-13.05,-4.51,0.0,0.39,-10.0,10.73,0.413893421036861
1988-01-26,3.44,-6.01,-2.43,0.0,0.39,-9.0,12.15,0.47256843840473933
1988-01-27,10.05,-6.55,1.33,0.0,0.39,-6.87,11.16,0.8670875796308658
1988-01-28,12.6,-0.86,3.53,0.0,0.4,-4.9,11.09,1.0346423478792552
1988-01-29,15.04,-0.03,5.21,0.0,0.4,-4.98,0.9,1.2879262111183496
1988-01-30,12.47,-1.82,4.6,0.01,0.4,-3.16,10.01,0.9628187112739746
1988-01-31,1.71,-4.78,-2.66,0.03,0.4,-5.84,2.9,0.2960739510529604
1988-02-01,-3.7,-8.54,-6.33,0.1,0.39,-11.12,8.27,0.20331616262563695
1988-02-02,4.99,-7.81,-2.71,0.78,0.39,-8.37,12.73,0.5468552384708066
1988-02-03,-1.08,-7.19,-5.07,1.25,0.39,-9.22,9.92,0.2605448014104073
1988-02-04,0.89,-9.03,-5.02,0.0,0.39,-11.79,10.72,0.40390089892283343
1988-02-05,-5.8,-12.21,-8.92,0.07,0.39,-12.12,10.73,0.15516073472200478
1988-02-06,8.5,-11.13,-1.83,0.0,0.39,-9.79,14.03,0.8193472777412052
1988-02-07,6.63,-5.62,-0.27,0.0,0.39,-7.87,10.83,0.6389170484872858
1988-02-08,8.89,-3.32,1.39,0.01,0.39,-6.77,11.41,0.7717347812822524
1988-02-09,9.24,-4.08,0.94,0.08,0.39,-5.01,12.56,0.7459509296311682
1988-02-10,-4.88,-12.04,-8.47,0.8,0.39,-13.06,10.86,0.20163463484014799
1988-02-11,7.13,-11.86,-1.87,0.0,0.39,-8.59,8.42,0.6915357359431951
1988-02-12,11.32,-0.66,3.21,0.0,0.39,-6.2,15.06,0.9565903971722216
1988-02-13,14.94,-0.98,4.37,0.5,0.39,-7.86,14.77,1.3607361884417453
1988-02-14,3.76,-4.65,-0.33,0.34,0.39,-9.07,12.82,0.4921332061224174
1988-02-15,13.85,-4.27,3.82,0.09,0.39,-6.59,13.84,1.2101508369338234
1988-02-16,7.14,-3.57,0.62,0.5,0.38,-6.57,11.89,0.6379964190320917
1988-02-17,5.76,-5.29,-1.04,0.04,0.38,-9.81,11.12,0.6296393226072508
1988-02-18,6.84,-5.0,-0.55,0.02,0.38,-9.38,14.71,0.6908313566583695
1988-02-19,7.06,-4.73,-0.02,0.0,0.38,-8.96,13.58,0.6958300978448196
1988-02-20,9.22,-1.92,3.06,0.0,0.38,-6.08,10.8,0.7773731541413371
1988-02-21,17.11,-0.62,6.34,0.0,0.38,-6.05,15.12,1.5625235290941182
1988-02-22,4.41,-4.58,-0.01,0.33,0.38,-9.03,12.75,0.5285696544727246
1988-02-23,5.14,-6.72,-2.3,0.0,0.38,-12.2,13.34,0.6413211994656428
1988-02-24,10.92,-5.4,1.14,0.0,0.38,-9.97,17.19,1.019358171195038
1988-02-25,14.96,-3.06,4.13,0.0,0.38,-8.14,16.77,1.3702232509933299
1988-02-26,16.69,-1.74,5.31,0.0,0.38,-8.34,17.61,1.574378127866292
1988-02-27,18.54,-2.15,6.89,0.0,0.38,-7.14,17.89,1.7776594948229079
1988-02-28,11.49,0.8,5.06,0.0,0.38,-1.59,15.07,0.8124551586622335
1988-02-29,16.14,-1.74,6.38,0.0,0.37,-2.01,18.05,1.3075903967953573
1988-03-01,17.42,-0.16,7.58,0.06,0.37,-2.77,17.44,1.4918119529933203
1988-03-02,-0.29,-4.27,-2.53,2.84,0.37,-6.73,2.94,0.22907019778247145
1988-03-03,7.77,-5.01,0.21,0.18,0.38,-5.72,10.6,0.6573822931021516
1988-03-04,10.78,-2.83,2.49,0.19,0.38,-5.52,7.9,0.8888080199635806
1988-03-05,11.7,-3.75,3.77,0.0,0.38,-8.58,18.95,1.0555070535981677
1988-03-06,17.0,-0.88,7.09,0.0,0.38,-5.82,19.42,1.542068445892062
1988-03-07,5.84,-4.11,2.07,0.01,0.38,-8.04,11.35,0.5914752437132725
1988-03-08,8.57,-4.46,1.1,0.0,0.37,-10.63,18.65,0.843387261351749
1988-03-09,17.22,-2.16,7.03,0.0,0.37,-6.54,18.96,1.5905128349200326
1988-03-10,14.35,-1.8,5.92,1.7,0.37,-6.98,19.64,1.2733694058681775
1988-03-11,-0.16,-6.27,-2.91,0.61,0.37,-9.74,11.26,0.3120664672193346
1988-03-12,1.33,-7.21,-3.93,0.02,0.37,-15.19,18.47,0.48503256196764133
1988-03-13,-2.01,-6.78,-5.22,0.05,0.37,-14.28,18.41,0.32487799343484847
1988-03-14,5.54,-9.33,-2.08,0.01,0.37,-11.32,21.05,0.6485925511051678
1988-03-15,2.36,-5.94,-2.39,0.91,0.37,-13.13,22.0,0.5019050922837421
1988-03-16,-3.39,-7.9,-5.82,0.76,0.37,-10.44,4.73,0.19966108061122423
1988-03-17,0.3,-8.23,-4.53,0.15,0.37,-11.67,7.85,0.37424701028817314
1988-03-18,6.32,-9.32,-1.24,0.0,0.37,-10.83,16.32,0.6885873956500035
1988-03-19,16.72,-2.46,5.44,0.0,0.37,-6.85,21.03,1.5380527817326257
1988-03-20,20.61,0.08,9.04,0.0,0.37,-6.21,19.23,2.044033857812767
1988-03-21,23.85,1.72,11.76,0.0,0.37,-7.27,21.05,2.6032773522797523
1988-03-22,19.39,4.42,10.91,0.0,0.37,-5.18,17.52,1.8359764542030377
1988-03-23,21.37,0.97,11.27,0.04,0.37,-2.86,20.24,2.049324665529433
1988-03-24,11.77,0.98,6.47,0.01,0.37,-8.32,18.89,1.0553143270435579
1988-03-25,17.34,-2.54,7.76,0.0,0.37,-7.24,19.77,1.625173333348982
1988-03-26,20.04,-0.36,9.89,0.0,0.36,-4.36,22.45,1.9019834555628456
1988-03-27,27.01,4.74,14.92,0.0,0.36,-4.92,22.11,3.1436901472486816
1988-03-28,4.15,-1.57,0.8,0.11,0.36,-7.42,8.33,0.47209711359734274
1988-03-29,12.21,-6.3,2.76,0.61,0.36,-14.43,22.16,1.2224469631380226
1988-03-30,8.65,-2.57,2.45,7.01,0.36,-8.45,16.36,0.7983753967975031
1988-03-31,1.32,-4.05,-1.56,7.32,0.37,-3.59,3.84,0.20355383741020328
1988-04-01,3.46,-5.5,-1.23,9.65,0.38,-4.51,6.39,0.3457538688022915
1988-04-02,3.87,-3.89,-0.95,8.63,0.39,-4.37,3.81,0.3640896138855246
1988-04-03,18.85,-1.68,8.76,0.0,0.41,-2.0,10.66,1.6495040482524332
1988-04-04,24.96,4.23,14.08,0.66,0.42,0.9,12.95,2.5082530260785547
1988-04-05,12.06,1.73,6.5,0.1,0.41,-4.99,23.69,0.986626127399062
1988-04-06,22.21,0.63,11.42,0.03,0.4,-3.75,21.35,2.215080231511519
1988-04-07,26.68,6.07,15.96,0.0,0.4,-1.28,20.37,2.9427610777412867
1988-04-08,22.67,1.32,12.29,0.21,0.39,-1.11,16.87,2.190663474951172
1988-04-09,9.26,-2.02,3.38,0.03,0.39,-9.65,17.71,0.8746403848635371
1988-04-10,10.07,-4.59,2.91,0.0,0.39,-11.99,22.96,0.9900835918590245
1988-04-11,17.68,-3.6,6.95,0.0,0.38,-8.68,24.8,1.7057679487064898
1988-04-12,23.17,1.82,12.32,0.0,0.38,-4.32,24.86,2.395023779478575
1988-04-13,26.82,6.31,15.57,0.0,0.38,-3.19,22.07,3.0451374410854157
1988-04-14,17.65,2.79,9.43,0.02,0.37,-1.65,20.72,1.4777713698995214
1988-04-15,18.28,3.94,10.65,0.0,0.37,0.45,24.88,1.4695122981953972
1988-04-16,23.03,3.22,12.56,1.06,0.37,4.52,3.86,1.9710281458178
1988-04-17,13.24,2.96,8.75,1.32,0.37,4.87,23.69,0.6570207849446734
1988-04-18,20.19,-1.37,9.47,0.0,0.37,-4.2,24.28,1.9184598526977774
1988-04-19,18.23,4.94,11.76,0.76,0.37,0.48,24.36,1.4615578666590574
1988-04-20,23.77,5.29,14.8,0.3,0.37,1.14,25.61,2.2795975896566905
1988-04-21,24.98,7.5,15.51,1.23,0.37,1.56,18.07,2.480277779324104
1988-04-22,16.36,1.69,8.35,0.07,0.37,-1.08,13.83,1.2960938401169924
1988-04-23,16.83,-1.43,8.25,0.01,0.37,-3.02,20.08,1.4280560390796153
1988-04-24,16.02,4.19,10.33,0.22,0.37,-1.49,16.29,1.2729552216277418
1988-04-25,20.25,3.18,11.53,0.06,0.37,-2.92,22.27,1.8821552316884176
1988-04-26,12.25,-2.74,4.67,0.0,0.37,-10.27,20.89,1.1462031356178128
1988-04-27,18.97,-2.33,9.17,0.0,0.36,-7.11,27.02,1.8349943046545916
1988-04-28,21.67,3.21,12.89,0.01,0.36,-2.1,25.24,2.0676970372665697
1988-04-29,22.79,6.58,14.43,0.29,0.36,4.54,18.34,1.9292559386178385
1988-04-30,25.75,8.39,16.94,0.77,0.36,4.71,26.66,2.45727246194515
1988-05-01,26.09,7.15,17.23,13.91,0.37,2.79,20.83,2.6328183751978713
1988-05-02,7.74,2.06,4.22,14.55,0.4,0.9,2.3,0.4019347521780715
1988-05-03,13.99,0.32,6.57,0.4,0.41,-3.18,18.79,1.1144816076064976
1988-05-04,20.18,-0.49,10.42,0.11,0.4,-1.44,27.27,1.8147859132438007
1988-05-05,27.06,4.08,16.59,0.26,0.4,3.33,27.71,2.802211403040344
1988-05-06,26.55,6.31,16.91,0.0,0.39,-3.12,27.39,2.987031913672239
1988-05-07,23.04,2.63,13.04,0.0,0.39,-7.24,27.14,2.4615385214539502
1988-05-08,18.1,3.59,10.16,0.0,0.38,-2.77,24.31,1.5789049924746248
1988-05-09,21.23,2.64,12.43,0.89,0.38,-1.45,26.58,1.9730863828267466
1988-05-10,23.1,6.74,14.73,2.12,0.38,1.17,19.15,2.161665400210767
1988-05-11,24.77,7.18,16.26,0.0,0.38,1.18,28.34,2.459348398625427
1988-05-12,28.34,8.42,18.99,0.0,0.37,0.46,28.59,3.2238554761973393
1988-05-13,30.21,11.66,21.43,0.01,0.37,1.2,29.12,3.6281933059260263
1988-05-14,29.58,13.74,21.19,0.0,0.37,0.83,25.45,3.493217003387246
1988-05-15,26.36,10.46,17.98,0.0,0.36,-0.15,28.07,2.8294769986242008
1988-05-16,31.43,9.66,21.51,0.05,0.36,4.15,30.48,3.781861954948858
1988-05-17,33.84,14.97,24.02,5.41,0.36,6.51,29.82,4.30341094302456
1988-05-18,24.17,15.19,19.38,14.57,0.38,10.54,20.95,1.7413900022081654
1988-05-19,14.24,2.99,8.4,22.49,0.41,5.4,7.02,0.7267038358428108
1988-05-20,7.07,1.23,4.04,17.35,0.45,2.19,5.23,0.291390010037916
1988-05-21,12.52,4.45,7.95,3.56,0.46,3.73,11.34,0.6534511106608799
1988-05-22,12.62,5.14,8.11,2.42,0.46,3.41,8.15,0.6808429733141879
1988-05-23,18.48,4.73,11.21,0.77,0.45,6.87,19.17,1.1341606591783522
1988-05-24,22.97,7.28,16.0,0.5,0.44,8.38,24.41,1.7034925341168536
1988-05-25,24.51,10.27,17.56,1.12,0.43,10.05,31.21,1.8444049622126404
1988-05-26,28.26,11.17,20.1,0.1,0.42,9.48,30.7,2.6517084606853984
1988-05-27,27.41,13.1,20.28,0.37,0.41,9.65,22.33,2.452545325856784
1988-05-28,29.39,13.76,21.53,0.02,0.4,8.72,21.71,2.9703228278692926
1988-05-29,30.29,12.43,22.11,0.88,0.4,7.45,30.08,3.2809154283224067
1988-05-30,27.92,16.0,21.38,7.35,0.39,10.59,24.79,2.4849950990242298
1988-05-31,19.09,8.07,14.33,6.04,0.41,6.36,29.72,1.2510884986582962
1988-06-01,22.95,7.79,15.18,0.04,0.4,1.84,29.54,2.1033502817035403
1988-06-02,24.41,9.44,16.85,0.3,0.4,6.99,14.19,2.0569712945114356
1988-06-03,26.79,9.11,18.73,0.0,0.39,8.06,30.0,2.4444891854953266
1988-06-04,28.73,12.18,20.83,0.02,0.39,8.56,29.98,2.8292212376874657
1988-06-05,27.92,13.85,20.32,0.06,0.38,10.45,29.43,2.4968728166239083
1988-06-06,33.53,13.52,23.47,0.0,0.38,8.17,29.99,4.096377238031109
1988-06-07,34.92,14.27,25.05,0.0,0.37,5.26,27.88,4.709597363120969
1988-06-08,35.69,17.93,26.34,2.16,0.37,6.9,24.12,4.845690616473407
1988-06-09,26.5,17.62,21.67,8.36,0.38,13.37,18.13,1.9276734006094
1988-06-10,30.42,14.27,21.68,0.39,0.38,11.07,28.85,3.0275237596253577
1988-06-11,33.41,14.97,24.4,0.27,0.38,8.22,27.47,4.058040888284983
1988-06-12,31.56,14.48,23.49,2.43,0.38,9.41,23.76,3.457572473465765
1988-06-13,31.57,14.41,22.0,3.52,0.38,11.45,19.76,3.2879514899556166
1988-06-14,26.84,12.69,19.91,0.39,0.38,8.97,24.85,2.386273867645581
1988-06-15,25.41,13.86,19.69,1.21,0.38,10.25,22.51,1.9972828589035523
1988-06-16,31.11,13.73,22.9,0.01,0.37,10.36,29.03,3.2629016380061833
1988-06-17,35.41,16.16,26.13,0.0,0.37,7.91,29.82,4.685144579211357
1988-06-18,35.82,19.02,26.96,0.02,0.37,8.43,25.46,4.7779804570208
1988-06-19,36.56,18.71,27.74,1.31,0.36,10.08,27.69,4.891425085083556
1988-06-20,34.88,17.81,25.92,1.3,0.36,11.0,24.84,4.272781835264028
1988-06-21,36.47,18.1,27.71,2.01,0.36,11.55,26.97,4.734439286388624
1988-06-22,36.39,19.59,27.94,1.85,0.36,13.2,22.72,4.551829919218639
1988-06-23,35.54,18.31,27.06,0.31,0.36,12.61,30.42,4.332698017561259
1988-06-24,36.69,18.54,27.95,0.0,0.36,11.11,29.07,4.847293147285571
1988-06-25,35.15,18.9,27.53,1.51,0.36,11.25,27.07,4.3347758690391265
1988-06-26,26.81,18.92,23.0,6.22,0.36,14.27,23.55,1.8989596339831165
1988-06-27,29.23,17.34,23.24,0.02,0.37,14.07,22.74,2.4533469575685625
1988-06-28,29.91,16.93,23.32,6.86,0.37,14.08,27.41,2.614287630662865
1988-06-29,30.47,17.16,23.62,1.64,0.38,14.74,13.91,2.681790617352852
1988-06-30,25.58,14.06,20.92,0.14,0.37,10.91,22.03,1.9739987205301157
1988-07-01,29.78,10.91,20.54,0.0,0.37,6.22,29.57,3.240367902510375
1988-07-02,34.13,12.93,24.26,1.36,0.37,7.29,25.62,4.335899006086237
1988-07-03,36.21,16.94,27.74,0.95,0.37,7.54,29.64,4.9701735440912245
1988-07-04,35.38,18.23,26.86,0.79,0.36,10.34,25.66,4.485632642954456
1988-07-05,35.75,18.42,27.97,0.43,0.36,11.17,29.61,4.5323674342772975
1988-07-06,35.91,19.92,27.13,11.49,0.36,13.66,29.2,4.348050813004721
1988-07-07,29.21,18.26,23.28,11.68,0.39,16.56,13.33,2.170193343689675
1988-07-08,25.18,17.84,21.2,2.17,0.4,15.38,27.32,1.4543838713411477
1988-07-09,29.25,15.21,22.21,0.48,0.39,11.32,24.7,2.7230147894383716
1988-07-10,29.4,15.51,23.13,0.19,0.39,10.22,29.2,2.8530248030095353
1988-07-11,32.22,16.36,24.3,0.69,0.38,9.84,27.32,3.5993480195179623
1988-07-12,36.75,16.63,27.59,0.07,0.38,7.64,22.99,5.143125626420947
1988-07-13,36.8,18.41,28.23,0.16,0.37,7.74,28.96,5.152862103975993
1988-07-14,38.95,18.87,28.94,2.83,0.37,12.09,27.86,5.561816089855707
1988-07-15,36.32,18.97,27.68,0.2,0.37,11.04,27.55,4.729894692620853
1988-07-16,23.61,18.96,21.02,10.32,0.38,16.99,26.49,0.9782755694802581
1988-07-17,29.25,16.74,22.98,9.07,0.39,15.69,26.28,2.2813198475323713
1988-07-18,31.56,18.45,24.4,6.74,0.39,15.27,25.08,2.902605034994023
1988-07-19,19.57,12.65,17.09,2.23,0.4,11.59,15.56,0.9116675300845432
1988-07-20,26.69,11.25,19.27,0.0,0.4,5.12,27.9,2.6213642380960525
1988-07-21,32.24,12.06,22.74,0.0,0.39,4.88,27.74,3.954610499633276
1988-07-22,33.9,16.41,24.79,0.38,0.38,6.86,26.99,4.297446638842958
1988-07-23,36.36,16.31,26.58,4.73,0.38,8.64,26.41,4.938917509525491
1988-07-24,33.85,15.61,24.96,0.81,0.38,11.31,28.71,3.9349848647419496
1988-07-25,36.04,18.18,27.13,0.61,0.38,8.84,27.43,4.818338625249166
1988-07-26,34.28,17.04,26.06,1.1,0.37,10.26,26.4,4.153229264286838
1988-07-27,33.45,17.85,26.15,3.94,0.37,11.82,27.1,3.7725112528955718
1988-07-28,34.33,18.58,26.95,1.19,0.37,11.67,26.81,4.045444825658235
1988-07-29,28.61,18.42,22.41,0.22,0.37,15.08,22.39,2.2021291616532386
1988-07-30,31.21,18.36,24.86,0.12,0.37,13.32,26.4,3.017170963280396
1988-07-31,33.46,18.1,25.85,0.23,0.36,11.56,27.26,3.7990135151824225
1988-08-01,35.48,17.95,27.16,0.4,0.36,11.18,26.32,4.44507389607192
1988-08-02,35.09,18.5,26.85,2.26,0.36,9.52,27.89,4.461691551386229
1988-08-03,30.12,16.93,24.34,9.69,0.37,14.02,25.04,2.6716764834254834
1988-08-04,26.75,14.75,19.9,1.65,0.38,13.35,14.0,1.9809722216078438
1988-08-05,28.28,15.45,21.98,0.17,0.38,13.47,23.02,2.2975493101118243
1988-08-06,34.33,18.45,26.15,0.07,0.37,12.73,27.94,3.946257034788694
1988-08-07,31.51,18.13,24.64,1.57,0.37,13.54,20.96,3.073186409807502
1988-08-08,30.73,16.28,23.31,3.47,0.37,11.58,25.53,3.0598048669782814
1988-08-09,28.68,17.91,23.32,4.57,0.37,14.39,23.95,2.292679999474572
1988-08-10,33.51,16.54,25.07,0.4,0.38,12.41,27.81,3.734907269893413
1988-08-11,32.48,18.48,25.25,0.86,0.37,12.39,23.03,3.446231891398857
1988-08-12,33.83,17.77,24.65,0.84,0.37,13.44,25.52,3.7276892254869685
1988-08-13,33.07,15.49,24.41,0.0,0.37,4.31,27.46,4.218754461308576
1988-08-14,35.79,17.02,26.78,0.0,0.36,4.99,27.18,5.0011837496008305
1988-08-15,36.36,20.03,28.42,0.15,0.36,10.06,26.26,4.8264455124669485
1988-08-16,34.82,19.5,26.53,2.29,0.36,12.64,24.8,4.104120987352401
1988-08-17,29.34,17.39,23.27,1.5,0.36,13.99,22.79,2.4874908581935697
1988-08-18,26.22,15.46,20.86,1.29,0.36,14.21,18.61,1.7848830070966057
1988-08-19,32.51,15.33,23.97,0.06,0.36,12.18,25.2,3.4742350137071156
1988-08-20,34.05,16.75,25.36,0.02,0.36,10.0,25.64,4.106124008891222
1988-08-21,34.24,17.6,25.75,0.11,0.36,10.22,24.24,4.144571144256732
1988-08-22,28.86,15.63,21.84,0.64,0.36,10.96,21.9,2.6641555889600053
1988-08-23,32.9,17.18,25.17,0.49,0.35,12.2,20.26,3.5808332601278736
1988-08-24,33.27,16.46,24.87,0.26,0.35,8.85,23.56,3.9703521511715367
1988-08-25,32.15,17.06,24.15,0.23,0.35,8.01,22.94,3.721727500124893
1988-08-26,36.56,16.38,26.14,0.01,0.35,7.15,20.67,5.113761707406774
1988-08-27,23.24,14.1,18.25,0.12,0.35,4.15,21.46,2.028592003728349
1988-08-28,26.48,11.56,18.69,0.0,0.35,2.54,23.33,2.7246255834418607
1988-08-29,30.0,12.07,21.03,0.0,0.35,4.88,23.14,3.3780341153511158
1988-08-30,34.42,14.67,24.85,0.0,0.35,7.1,22.12,4.436162192331328
1988-08-31,33.1,17.66,24.86,0.34,0.34,8.18,23.14,3.9724400376715643
1988-09-01,28.7,16.31,21.52,1.83,0.35,12.29,14.39,2.50714285875127
1988-09-02,27.76,15.99,21.17,0.02,0.35,10.01,17.95,2.4986433462369124
1988-09-03,26.22,11.16,18.26,0.0,0.35,1.17,24.3,2.740594145119397
1988-09-04,25.55,9.68,17.08,0.0,0.34,1.56,23.94,2.5893232423727786
1988-09-05,29.41,10.72,20.07,0.0,0.34,-0.42,23.46,3.5091901450921634
1988-09-06,33.16,10.71,21.8,0.0,0.34,-0.6,19.88,4.490830017384457
1988-09-07,35.89,15.77,25.94,0.0,0.34,-1.61,20.39,5.362404223960008
1988-09-08,29.17,15.28,21.42,0.0,0.34,-1.34,22.04,3.4914591498137724
1988-09-09,32.35,12.34,22.19,0.01,0.34,2.49,22.56,4.118854739660239
1988-09-10,35.55,16.15,25.67,0.47,0.34,4.35,19.31,4.962359280557167
1988-09-11,23.37,11.47,18.77,2.42,0.34,8.45,10.51,1.766833568324609
1988-09-12,14.49,8.1,10.62,3.95,0.35,5.82,2.97,0.7266320566761375
1988-09-13,21.09,6.55,13.03,7.05,0.35,7.81,6.44,1.4418217673372087
1988-09-14,18.79,11.06,14.21,14.03,0.39,10.38,3.94,0.9091855472445187
1988-09-15,20.09,9.53,14.07,2.94,0.4,5.52,16.27,1.4468544493633329
1988-09-16,28.37,9.78,18.37,0.0,0.39,1.26,23.11,3.192997105360985
1988-09-17,30.44,10.47,20.24,0.0,0.38,2.46,22.35,3.622119439074525
1988-09-18,31.2,9.16,20.33,0.08,0.38,1.31,18.68,3.872452507256839
1988-09-19,21.22,4.74,12.1,0.08,0.38,-3.48,21.23,2.048454931597698
1988-09-20,31.31,5.75,18.36,0.0,0.37,-0.1,20.77,3.9661218543356345
1988-09-21,23.02,14.18,18.71,0.04,0.37,6.38,14.3,1.8528405205886584
1988-09-22,24.32,11.71,17.44,0.07,0.37,5.86,17.33,2.1156277763555194
1988-09-23,21.07,7.71,13.66,0.02,0.37,5.53,17.95,1.5926042946307564
1988-09-24,27.49,8.45,17.4,0.0,0.36,2.23,20.01,2.951783903780015
1988-09-25,29.39,11.05,19.22,0.0,0.36,2.01,18.87,3.3907003502889124
1988-09-26,28.88,11.21,19.74,0.01,0.36,-0.48,18.33,3.388193455402847
1988-09-27,22.33,13.11,16.85,0.29,0.36,8.08,15.09,1.6189528089632979
1988-09-28,16.14,6.15,11.59,1.93,0.36,-0.25,17.16,1.2348342243164847
1988-09-29,14.31,4.26,8.71,1.68,0.36,0.92,3.92,0.9781221149179827
1988-09-30,18.88,6.32,11.24,0.17,0.36,3.03,15.06,1.4216152578411219
1988-10-01,17.15,6.46,11.0,0.0,0.36,2.57,15.56,1.2212756985124245
1988-10-02,22.16,4.95,12.89,0.0,0.36,1.38,19.24,1.9948872777565136
1988-10-03,22.31,5.99,13.34,0.01,0.36,1.52,18.01,2.0125362992041365
1988-10-04,11.73,3.86,6.84,0.0,0.36,0.96,8.21,0.7229716235633983
1988-10-05,15.55,3.87,8.41,0.04,0.36,2.51,7.66,1.0348619813053666
1988-10-06,18.34,4.22,9.56,0.01,0.36,3.78,8.86,1.3077744528820343
1988-10-07,19.57,5.83,10.72,0.0,0.36,3.07,7.26,1.5152208408674719
1988-10-08,22.95,5.81,12.82,0.0,0.36,-3.11,18.25,2.3153321475123883
1988-10-09,19.62,4.74,11.16,0.0,0.36,-1.6,17.84,1.7406084982607128
1988-10-10,20.19,5.34,12.08,0.0,0.36,-0.12,18.27,1.7604386072140656
1988-10-11,22.95,6.22,13.8,0.0,0.35,0.12,17.99,2.184797594497398
1988-10-12,26.42,7.7,15.73,0.0,0.35,-0.66,18.04,2.86372827454883
1988-10-13,24.04,10.87,16.43,0.0,0.35,0.38,17.27,2.363189196012539
1988-10-14,24.41,10.15,16.43,0.0,0.35,1.95,17.1,2.3550215543916977
1988-10-15,23.3,8.97,15.78,0.0,0.35,0.69,16.32,2.218659414654245
1988-10-16,24.86,7.12,15.63,0.0,0.35,-0.36,14.61,2.5464756844776337
1988-10-17,21.82,8.14,14.6,0.1,0.35,3.31,14.27,1.84046167006658
1988-10-18,20.43,5.81,11.63,0.45,0.35,2.02,14.31,1.6945992095435711
1988-10-19,23.47,6.26,12.94,0.47,0.35,2.9,11.88,2.1378958297443615
1988-10-20,20.08,4.93,11.39,0.0,0.35,0.86,15.88,1.6997823966520613
1988-10-21,21.28,3.94,11.89,0.0,0.35,0.61,16.3,1.891647759454061
1988-10-22,23.72,5.9,13.72,0.0,0.35,-2.21,12.02,2.414867274211887
1988-10-23,19.46,2.12,10.52,0.0,0.35,-3.56,15.53,1.7917189683001444
1988-10-24,21.3,3.19,11.35,0.15,0.35,-1.8,15.68,1.99793590144934
1988-10-25,14.25,2.57,7.86,0.0,0.35,-2.14,12.08,1.1027555861761291
1988-10-26,23.01,4.65,13.01,0.0,0.35,-2.69,14.67,2.310062947850031
1988-10-27,13.16,-0.98,7.06,0.0,0.35,-6.34,14.16,1.1333192104608099
1988-10-28,14.94,-1.8,4.57,0.0,0.35,-6.77,6.47,1.3309477319088636
1988-10-29,12.07,0.05,5.45,0.15,0.35,-3.25,9.57,0.9284872560971287
1988-10-30,19.7,2.46,9.62,0.0,0.35,-0.34,13.92,1.6993578311348465
1988-10-31,17.75,2.26,9.28,0.0,0.35,-3.47,14.44,1.5590558315264575
1988-11-01,22.66,4.75,12.07,0.0,0.35,-5.1,13.73,2.334189923851218
1988-11-02,20.57,7.86,13.22,0.0,0.35,-1.54,11.13,1.8764298179269243
1988-11-03,20.5,7.71,12.45,0.01,0.35,-0.85,6.21,1.837608398367571
1988-11-04,13.67,2.98,8.24,0.0,0.35,-4.63,11.48,1.1315308773325459
1988-11-05,9.38,-0.38,4.12,0.01,0.35,-5.83,12.46,0.7825090494945697
1988-11-06,21.73,-0.21,10.13,0.0,0.35,-3.76,11.01,2.1381967091481155
1988-11-07,12.66,1.65,6.5,0.0,0.35,-5.54,13.19,1.0605679430452501
1988-11-08,19.37,-0.35,7.81,0.26,0.35,-2.73,7.88,1.7490471076164122
1988-11-09,9.65,-1.74,4.59,1.17,0.35,-1.38,7.02,0.6473463442684003
1988-11-10,9.38,-4.25,2.34,0.07,0.35,-4.19,9.46,0.7300648045930763
1988-11-11,10.33,-0.14,4.34,0.04,0.35,0.17,4.33,0.636984188975084
1988-11-12,12.91,-0.97,4.68,0.0,0.35,-9.32,12.58,1.1874794015013463
1988-11-13,16.83,1.46,8.13,0.0,0.35,-4.85,10.84,1.490953316363612
1988-11-14,20.29,3.1,10.7,0.1,0.35,-1.87,6.14,1.8480819118511669
1988-11-15,8.69,-6.16,0.22,2.91,0.35,-7.5,2.2,0.7766118374402069
1988-11-16,6.1,-6.19,-0.91,0.0,0.35,-12.07,9.08,0.6995212263158885
1988-11-17,11.88,-3.95,1.83,0.0,0.35,-8.64,10.36,1.0734517515186948
1988-11-18,4.34,-5.28,-1.44,0.0,0.35,-7.59,10.19,0.4877240791428081
1988-11-19,4.13,-4.77,-2.05,0.0,0.35,-8.98,11.35,0.5110562851040088
1988-11-20,7.55,-4.65,0.07,0.0,0.35,-10.96,10.85,0.7756536311987168
1988-11-21,8.83,-3.34,1.35,0.03,0.35,-9.47,12.43,0.8369927440933724
1988-11-22,13.52,-2.35,3.33,0.14,0.35,-8.42,10.79,1.2259057282300019
1988-11-23,17.82,0.25,7.34,0.0,0.35,-4.83,11.32,1.614099555669918
1988-11-24,15.47,1.48,7.24,0.28,0.35,-6.03,11.7,1.368286783459835
1988-11-25,1.06,-5.06,-1.42,0.78,0.35,-5.56,3.66,0.2559596306412314
1988-11-26,2.11,-6.04,-2.59,0.0,0.35,-9.1,10.0,0.40444872294696516
1988-11-27,-1.04,-7.45,-4.82,0.03,0.35,-14.39,10.7,0.3657702369651582
1988-11-28,10.78,-3.88,1.81,0.0,0.35,-8.31,7.66,0.9672659358750186
1988-11-29,3.25,-3.33,-0.59,0.0,0.35,-9.8,10.86,0.48104131350327756
1988-11-30,5.61,-3.66,-0.12,0.0,0.35,-9.53,9.07,0.6136185745735088
1988-12-01,12.42,-1.23,3.6,0.0,0.35,-8.58,10.7,1.1223316330351134
1988-12-02,15.32,-0.45,5.66,0.0,0.35,-8.36,10.75,1.4156973350011572
1988-12-03,10.99,-3.86,1.09,0.0,0.35,-8.28,10.19,0.9847014980626998
1988-12-04,12.12,-3.71,1.98,0.12,0.35,-8.36,10.66,1.0885995325220112
1988-12-05,14.53,-2.22,4.17,0.0,0.35,-9.32,10.52,1.3529272225585962
1988-12-06,10.44,-2.85,1.8,0.04,0.35,-7.33,10.58,0.9124021999877463
1988-12-07,0.58,-6.07,-2.58,2.16,0.35,-4.99,3.54,0.21557215396432156
1988-12-08,0.21,-6.99,-4.63,0.25,0.35,-10.84,6.01,0.3529699488866457
1988-12-09,7.61,-4.89,0.43,0.0,0.35,-9.69,8.49,0.7517911349367035
1988-12-10,5.13,-4.46,-0.72,0.0,0.35,-4.07,6.09,0.42838700555610126
1988-12-11,2.33,-4.47,-1.22,0.0,0.35,-7.69,7.69,0.37994745599682384
1988-12-12,10.35,-2.91,1.91,0.0,0.35,-6.1,8.13,0.8697937040432302
1988-12-13,13.48,-0.68,3.91,0.0,0.36,-4.52,8.58,1.1086718924428776
1988-12-14,1.88,-3.89,-1.46,1.92,0.36,-7.56,7.32,0.35359368357622023
1988-12-15,-2.94,-8.29,-5.75,3.85,0.36,-9.63,2.28,0.19761741384572706
1988-12-16,4.4,-8.5,-2.71,0.0,0.36,-8.93,4.63,0.5255481896876
1988-12-17,7.19,-3.19,0.81,0.0,0.36,-8.46,7.55,0.6924366264602613
1988-12-18,11.42,-1.32,3.22,0.0,0.36,-7.13,9.73,0.9920794704333353
1988-12-19,8.89,-2.61,2.61,1.66,0.36,-3.08,3.47,0.6528469003995299
1988-12-20,5.83,-3.52,-0.22,0.0,0.37,-7.86,9.29,0.5861269135076093
1988-12-21,7.06,-3.51,0.43,0.0,0.37,-7.52,7.06,0.6589067018129815
1988-12-22,4.53,-4.92,-0.77,0.0,0.37,-12.48,7.66,0.6099218815632325
1988-12-23,4.93,-5.12,-0.72,0.0,0.36,-10.77,8.91,0.5993308680924414
1988-12-24,2.59,-4.84,-1.87,0.0,0.36,-11.87,9.56,0.48997627345051775
1988-12-25,6.39,-5.14,-0.24,0.08,0.36,-7.5,8.97,0.6130341509883787
1988-12-26,2.61,-5.74,-2.18,0.15,0.36,-9.32,5.84,0.4355501837002555
1988-12-27,-2.17,-10.78,-7.16,0.0,0.36,-16.61,9.39,0.35431595092369667
1988-12-28,1.21,-12.01,-6.2,0.0,0.36,-16.16,9.8,0.49382243627791955
1988-12-29,3.18,-9.37,-3.63,0.0,0.36,-14.63,9.95,0.5711147536950789
1988-12-30,5.75,-6.64,-1.26,0.0,0.36,-10.94,10.27,0.6539470026996108
1988-12-31,8.66,-4.52,0.39,0.0,0.36,-9.76,8.53,0.8307593385379315
1989-01-01,7.13,-4.49,-0.78,0.0,0.36,-7.23,8.31,0.6558587765706716
1989-01-02,8.72,-5.51,0.66,0.2,0.36,-8.94,6.62,0.8158727366643914
1989-01-03,10.28,-2.75,1.9,0.05,0.36,-7.83,9.6,0.912369719203431
1989-01-04,10.95,-1.11,3.18,2.21,0.36,-5.0,8.91,0.8871810979696606
1989-01-05,8.57,-0.98,1.82,2.75,0.37,-3.1,9.21,0.6291503152836686
1989-01-06,10.01,-2.75,2.03,0.01,0.37,-6.55,8.46,0.8546762164365115
1989-01-07,-2.04,-9.23,-4.87,0.09,0.37,-16.42,9.07,0.35667529583202684
1989-01-08,-2.27,-11.19,-7.01,0.0,0.37,-18.97,10.25,0.38074738445198436
1989-01-09,5.32,-9.87,-3.22,0.1,0.37,-13.54,9.45,0.677182093210311
1989-01-10,9.76,-3.84,0.87,0.0,0.37,-8.68,8.56,0.8912962989417399
1989-01-11,0.58,-5.31,-2.54,0.22,0.36,-9.14,6.3,0.3312659006595478
1989-01-12,-0.32,-10.43,-5.65,0.0,0.36,-16.5,10.43,0.42867911934111197
1989-01-13,3.87,-10.22,-3.95,0.0,0.36,-15.48,11.24,0.6228362576740947
1989-01-14,5.25,-5.09,-1.39,0.0,0.36,-12.93,11.05,0.6618776065853178
1989-01-15,1.56,-6.4,-2.91,0.0,0.36,-13.84,11.46,0.47413841743569674
1989-01-16,7.51,-7.18,-0.75,0.0,0.36,-11.92,10.44,0.7924578542656784
1989-01-17,10.42,-1.35,2.39,0.0,0.36,-8.1,10.49,0.9311833577152843
1989-01-18,11.41,-2.38,2.4,0.0,0.36,-7.47,10.36,1.0004852147736711
1989-01-19,7.12,-3.46,0.93,0.0,0.36,-6.73,11.38,0.6411854105699035
1989-01-20,10.85,-4.01,1.27,0.0,0.36,-7.54,10.84,0.9531341808529841
1989-01-21,12.01,-0.73,4.17,0.0,0.36,-8.28,12.64,1.0763486714738524
1989-01-22,12.63,-1.26,3.78,0.0,0.36,-10.31,12.27,1.1831413138330604
1989-01-23,11.36,-4.5,1.69,0.0,0.36,-6.38,10.73,0.9654263821678059
1989-01-24,3.43,-4.9,-2.31,1.67,0.36,-5.67,3.09,0.38098221621601835
1989-01-25,-0.81,-5.01,-3.52,1.41,0.36,-8.37,5.22,0.250871162609274
1989-01-26,5.83,-6.51,-1.16,0.0,0.36,-13.44,10.29,0.7075889493923052
1989-01-27,12.56,-2.19,2.55,1.23,0.36,-6.57,10.63,1.0816687481156393
1989-01-28,0.32,-5.33,-2.85,2.33,0.36,-6.66,2.23,0.2542180244181228
1989-01-29,7.36,-5.36,-0.05,0.0,0.36,-7.93,10.03,0.6906994202835793
1989-01-30,14.29,-0.71,4.61,0.01,0.37,-3.81,11.78,1.1681388777909514
1989-01-31,15.61,-0.99,6.55,0.0,0.37,-7.77,12.85,1.4330739466656488
1989-02-01,4.03,-10.27,-4.86,0.03,0.37,-11.32,12.83,0.5578286013228357
1989-02-02,-5.71,-20.04,-11.25,0.01,0.37,-16.9,9.59,0.23652657569411778
1989-02-03,-16.47,-21.7,-20.08,0.38,0.37,-25.87,10.62,0.09464381821964812
1989-02-04,-18.24,-23.38,-21.57,1.23,0.36,-26.03,4.2,0.07226105589638546
1989-02-05,-14.63,-22.83,-18.93,0.37,0.36,-24.29,5.72,0.1111498572165697
1989-02-06,-7.19,-16.71,-13.05,0.03,0.36,-19.19,8.26,0.22241870848096015
1989-02-07,-2.23,-16.24,-10.02,0.0,0.36,-17.86,10.26,0.3687163596460633
1989-02-08,-3.69,-14.79,-10.24,0.12,0.36,-15.32,11.44,0.27950651744605226
1989-02-09,5.59,-12.95,-3.98,0.0,0.36,-13.07,14.32,0.6856822185548981
1989-02-10,10.89,-4.92,1.45,0.0,0.36,-6.16,14.18,0.9176565348145042
1989-02-11,8.16,-3.55,0.62,0.07,0.37,-6.3,14.83,0.703145402067791
1989-02-12,7.29,-3.56,0.22,0.08,0.36,-7.64,14.59,0.6781171284989349
1989-02-13,1.23,-5.67,-2.61,0.01,0.36,-9.75,13.72,0.3762629146136802
1989-02-14,5.5,-5.93,-1.67,0.0,0.36,-9.2,6.49,0.5988679032823012
1989-02-15,3.39,-5.89,-2.43,0.0,0.36,-8.63,15.15,0.4606965433459639
1989-02-16,5.81,-6.51,-1.71,0.0,0.36,-7.92,15.47,0.5864219393427016
1989-02-17,1.43,-6.07,-3.03,0.01,0.36,-7.52,5.11,0.3302829790757407
1989-02-18,8.0,-6.29,-0.54,0.0,0.36,-5.15,10.68,0.656366028866314
1989-02-19,7.97,-2.89,0.39,0.03,0.36,-2.75,4.79,0.5717385429529969
1989-02-20,6.15,-2.95,-0.06,0.1,0.36,-4.42,7.94,0.5047703020594416
1989-02-21,4.03,-3.6,-0.7,0.0,0.36,-7.39,13.4,0.4643750894693266
1989-02-22,3.98,-4.42,-1.57,0.0,0.36,-8.82,15.18,0.4985237363842283
1989-02-23,17.11,-3.65,4.94,0.0,0.36,-4.91,17.91,1.5272144731088257
1989-02-24,18.06,-0.66,7.02,0.0,0.36,-3.28,17.9,1.59230249064233
1989-02-25,20.44,2.27,9.91,0.0,0.36,-2.82,15.21,1.9064880500931731
1989-02-26,12.61,-2.67,3.79,0.37,0.36,-2.62,5.6,0.9562939698472654
1989-02-27,7.68,-4.52,0.38,2.52,0.36,-7.4,18.11,0.699278432688653
1989-02-28,1.5,-7.42,-3.75,2.9,0.36,-8.04,3.02,0.34746071148385416
1989-03-01,8.78,-6.48,-0.62,0.18,0.36,-5.95,8.01,0.7393646282449429
1989-03-02,13.18,-3.79,3.56,0.35,0.36,-3.42,5.51,1.0410116266362661
1989-03-03,-2.54,-14.13,-7.74,0.35,0.37,-12.33,6.65,0.2696539264488591
1989-03-04,-5.45,-16.79,-11.93,0.04,0.37,-20.04,13.52,0.28281194823633604
1989-03-05,-0.58,-15.72,-8.62,0.0,0.36,-17.19,16.68,0.426950223559854
1989-03-06,11.87,-9.62,0.69,0.0,0.36,-10.58,15.17,1.117753984373038
1989-03-07,16.71,-0.54,6.96,0.0,0.36,-2.29,17.24,1.3862075463033006
1989-03-08,21.17,0.43,9.41,0.0,0.36,0.49,20.08,1.8801657822775306
1989-03-09,26.72,2.97,13.44,0.0,0.36,0.57,16.3,2.8705828741830723
1989-03-10,26.31,4.83,14.25,0.0,0.36,-1.51,19.69,2.8766843240799176
1989-03-11,25.86,5.21,14.2,0.0,0.36,-0.68,18.43,2.752495354670049
1989-03-12,16.26,2.29,9.17,0.0,0.36,0.16,16.98,1.2307546656643056
1989-03-13,22.98,0.62,10.86,0.0,0.36,-1.3,21.43,2.2506688539759696
1989-03-14,9.01,-3.84,4.69,0.0,0.35,-12.09,21.65,0.9071452492788863
1989-03-15,11.57,-5.5,3.39,0.0,0.35,-11.45,20.35,1.108806350685802
1989-03-16,19.57,-0.81,9.27,0.0,0.35,-8.54,21.47,1.9562059005395123
1989-03-17,15.58,0.01,8.5,0.0,0.35,-9.98,17.3,1.4839129010966166
1989-03-18,16.04,-4.66,5.36,0.05,0.35,-9.35,21.06,1.5221533858458483
1989-03-19,18.89,2.8,8.85,0.15,0.35,-2.8,17.49,1.6853734109934067
1989-03-20,1.3,-7.38,-4.25,1.74,0.35,-10.32,15.16,0.3925237436680935
1989-03-21,13.93,-7.2,2.98,0.0,0.35,-11.69,22.03,1.3417416590354831
1989-03-22,19.72,0.31,10.36,0.0,0.35,-4.07,21.24,1.846186599399278
1989-03-23,20.0,1.53,9.76,0.0,0.35,0.33,22.13,1.712655328598434
1989-03-24,21.03,3.57,11.91,0.0,0.35,-0.75,23.4,1.9133376942953604
1989-03-25,23.14,1.01,12.11,0.0,0.35,-5.18,22.84,2.417861608631724
1989-03-26,23.84,5.06,14.39,0.0,0.35,-4.13,23.31,2.5055480643255565
1989-03-27,19.75,4.92,12.82,0.07,0.34,-0.18,12.68,1.699493845104406
1989-03-28,20.1,3.49,11.94,0.02,0.34,-3.1,23.38,1.8668117831075999
1989-03-29,17.3,3.54,9.05,3.51,0.34,-1.67,10.99,1.434443964684319
1989-03-30,9.89,-3.34,3.28,0.37,0.35,-4.47,14.25,0.780505887542511
1989-03-31,18.04,-4.7,7.21,0.18,0.35,-6.74,24.81,1.7005120086141854
1989-04-01,14.06,1.09,6.97,0.68,0.35,-1.12,17.04,1.042068946652125
1989-04-02,20.07,0.4,10.24,0.04,0.35,-2.51,22.53,1.8406029533711505
1989-04-03,11.47,0.67,6.55,0.11,0.35,-8.82,18.07,1.0406997077478808
1989-04-04,9.89,-1.53,3.75,0.0,0.35,-9.34,21.65,0.9179190049392458
1989-04-05,18.41,-4.17,8.47,0.0,0.35,-6.45,22.29,1.7408029930816444
1989-04-06,21.27,5.6,12.57,0.0,0.35,-1.25,24.86,1.9711329188898066
1989-04-07,26.94,4.15,15.31,0.03,0.34,-1.77,21.37,3.0163524387269547
1989-04-08,11.9,0.49,5.24,3.2,0.34,-2.4,11.43,0.8813445354639239
1989-04-09,0.14,-5.88,-1.78,2.19,0.35,-8.09,3.75,0.28502237886771403
1989-04-10,8.88,-9.98,-0.56,0.01,0.35,-14.0,16.14,0.9319331240510272
1989-04-11,9.22,-3.36,2.22,0.15,0.35,-10.94,17.63,0.9001347236958239
1989-04-12,14.1,-3.08,5.38,0.0,0.35,-8.95,25.17,1.2986011086834748
1989-04-13,17.75,-0.03,9.61,0.0,0.35,-5.76,27.01,1.6342871738335578
1989-04-14,22.52,3.33,12.18,0.05,0.35,-5.95,26.62,2.3371549105774445
1989-04-15,25.25,3.13,14.6,0.0,0.35,-1.87,22.94,2.682750838495286
1989-04-16,25.06,9.17,16.82,0.0,0.35,0.66,26.22,2.5383476261533917
1989-04-17,21.77,4.31,12.65,0.0,0.34,2.45,16.05,1.8784002918329952
1989-04-18,20.38,3.2,11.9,0.0,0.34,-1.02,27.3,1.8269347872387418
1989-04-19,27.34,5.55,17.27,0.0,0.34,-2.71,27.08,3.1367496283811054
1989-04-20,27.78,11.2,19.23,0.0,0.34,-1.36,26.26,3.178854871180931
1989-04-21,31.81,11.36,21.75,0.0,0.34,-2.7,27.7,4.203260769043304
1989-04-22,31.79,13.35,22.83,0.0,0.34,-3.26,26.27,4.218436731308618
1989-04-23,29.06,11.83,20.19,0.0,0.34,-5.94,27.49,3.6275433879683328
1989-04-24,28.79,12.09,19.53,0.2,0.34,-5.67,25.62,3.5570982801371787
1989-04-25,25.39,8.37,16.45,0.04,0.34,3.87,17.79,2.4362665306316136
1989-04-26,28.58,7.36,18.53,0.06,0.34,-4.39,28.4,3.4683809643016454
1989-04-27,18.44,6.61,12.41,0.31,0.34,-3.95,17.83,1.6658138576856116
1989-04-28,15.34,1.57,7.97,0.16,0.34,-5.72,26.9,1.3443381858373786
1989-04-29,11.91,-1.75,5.59,1.85,0.34,-7.01,24.8,1.0331915842474864
1989-04-30,5.88,-1.22,2.36,3.26,0.34,-4.37,11.49,0.4856089138271545
1989-05-01,19.65,-4.07,8.49,0.0,0.35,-5.33,12.23,1.8773596980960434
1989-05-02,22.62,5.41,12.93,0.73,0.34,-1.61,22.45,2.2026786753999885
1989-05-03,20.99,6.42,14.07,0.09,0.34,-0.05,19.8,1.8768972175106127
1989-05-04,16.91,3.9,11.11,0.6,0.34,-1.89,19.99,1.39498535857014
1989-05-05,17.82,3.64,10.88,0.05,0.34,-1.7,20.31,1.5015074927137122
1989-05-06,25.58,2.66,14.1,0.0,0.34,-3.38,26.85,2.802970251861693
1989-05-07,31.05,9.52,21.41,0.02,0.34,-1.82,25.16,3.9709179310978033
1989-05-08,29.9,11.1,19.67,2.93,0.34,7.09,23.56,3.210721649044517
1989-05-09,20.92,7.85,14.07,1.75,0.35,3.87,21.98,1.6689608106181826
1989-05-10,22.94,7.83,14.16,0.34,0.35,4.88,13.09,1.9342272241444622
1989-05-11,26.03,10.79,16.99,2.33,0.35,7.99,28.01,2.2953672457739387
1989-05-12,25.69,10.18,17.38,7.01,0.35,4.3,17.8,2.469736142717313
1989-05-13,14.87,6.15,10.45,3.3,0.36,4.73,7.31,0.835119323559902
1989-05-14,15.74,5.19,11.29,2.96,0.36,6.04,16.5,0.8506069642448716
1989-05-15,19.48,8.32,14.18,8.45,0.38,8.27,21.25,1.1714077594531476
1989-05-16,19.42,9.53,13.73,10.48,0.39,9.44,20.05,1.0729992060741025
1989-05-17,22.61,6.59,14.46,1.39,0.39,5.6,18.5,1.8343172216691852
1989-05-18,23.03,8.69,15.56,0.76,0.39,6.21,25.59,1.8657473784048013
1989-05-19,24.43,9.59,16.4,0.0,0.38,0.75,27.35,2.416848617357081
1989-05-20,25.72,6.57,17.03,0.32,0.38,4.88,29.46,2.4411705258771406
1989-05-21,27.22,12.53,18.68,0.86,0.37,10.07,20.75,2.37788222583242
1989-05-22,29.85,11.62,21.0,0.0,0.37,7.71,29.87,3.154931757551425
1989-05-23,33.55,13.45,24.51,0.0,0.36,-1.91,25.3,4.656489501780257
1989-05-24,31.03,13.01,22.23,0.03,0.36,-2.77,30.36,4.0021733533986525
1989-05-25,22.65,8.26,14.73,7.07,0.36,-2.25,24.32,2.232780143641228
1989-05-26,17.27,4.34,10.57,2.97,0.37,-0.19,21.17,1.3687287287500842
1989-05-27,27.28,6.16,17.74,0.0,0.37,4.88,30.85,2.7592971470964853
1989-05-28,34.33,14.47,25.06,0.0,0.36,0.95,29.97,4.76343566421267
1989-05-29,34.74,15.69,25.4,0.0,0.36,-1.95,28.71,5.013017727772966
1989-05-30,29.93,11.8,20.03,2.69,0.36,4.61,20.94,3.377212210867943
1989-05-31,22.22,8.59,14.07,1.56,0.36,5.52,10.97,1.7751071423678972
1989-06-01,22.29,8.69,15.92,1.38,0.36,6.25,26.97,1.7396093465798064
1989-06-02,28.49,11.42,19.2,6.64,0.36,9.84,22.61,2.6742641066685255
1989-06-03,16.49,8.45,11.88,6.01,0.37,7.99,18.25,0.803943462635712
1989-06-04,9.69,2.38,6.12,27.45,0.42,4.32,8.27,0.3709245006766305
1989-06-05,23.44,5.25,14.19,1.82,0.43,6.32,31.11,1.9290501416141108
1989-06-06,27.11,11.66,18.37,4.52,0.42,9.45,23.63,2.4049816697902804
1989-06-07,22.0,10.33,16.27,1.16,0.42,8.45,24.83,1.537836793826777
1989-06-08,20.04,10.55,15.46,5.15,0.41,9.08,27.59,1.1897975113056878
1989-06-09,17.61,12.08,14.54,5.05,0.42,11.66,8.99,0.6424892745091737
1989-06-10,27.6,9.78,18.89,0.44,0.41,9.05,28.39,2.5408378205330546
1989-06-11,26.35,12.42,20.31,0.39,0.4,8.51,29.75,2.321011622966731
1989-06-12,23.29,12.64,17.38,1.57,0.39,7.31,25.61,1.8357097180651374
1989-06-13,22.96,8.11,15.79,0.61,0.39,2.83,23.85,2.0539754062665807
1989-06-14,19.23,5.83,12.62,0.0,0.39,1.55,23.55,1.5458851339439597
1989-06-15,27.74,5.61,17.51,0.0,0.38,0.97,31.61,3.0677940312938317
1989-06-16,35.18,12.24,24.08,0.27,0.38,6.44,27.26,4.71488159026127
1989-06-17,27.44,13.0,20.78,0.08,0.37,3.37,33.23,2.8805186531172984
1989-06-18,32.66,11.15,22.95,0.01,0.37,4.96,31.43,4.06512921109874
1989-06-19,36.96,16.1,27.4,0.59,0.36,10.35,27.79,5.004095434586609
1989-06-20,36.36,18.31,28.57,0.02,0.36,2.59,21.52,5.323356249502113
1989-06-21,21.95,11.41,17.7,0.0,0.35,-2.36,21.18,2.1223635938254843
1989-06-22,19.66,8.51,13.83,0.02,0.35,1.35,23.03,1.6160350149137122
1989-06-23,21.63,10.33,16.28,0.82,0.35,6.91,19.47,1.5892052360431506
1989-06-24,31.68,14.29,22.33,9.76,0.36,9.91,21.83,3.4488912080099334
1989-06-25,29.94,13.27,21.0,9.75,0.38,11.18,29.95,2.8999810684270253
1989-06-26,25.82,13.5,19.25,2.83,0.38,10.09,25.06,2.090449889477953
1989-06-27,30.6,12.46,22.4,0.75,0.38,11.13,28.77,3.0671910614705395
1989-06-28,31.37,16.33,23.58,5.29,0.38,14.01,29.98,2.9884543984269216
1989-06-29,30.28,14.96,22.56,5.68,0.38,12.99,30.27,2.8148956606373923
1989-06-30,33.24,16.2,24.82,1.34,0.38,13.97,30.27,3.5027652342762936
1989-07-01,36.04,17.01,26.88,0.09,0.38,12.46,29.51,4.5083710023703745
1989-07-02,35.72,18.02,27.08,0.0,0.37,7.31,30.82,4.82694748754441
1989-07-03,34.37,18.97,26.98,0.06,0.37,11.18,26.99,4.101324027918316
1989-07-04,34.47,17.87,26.31,0.0,0.36,9.82,30.93,4.246821157911422
1989-07-05,37.37,18.03,27.87,0.0,0.36,8.49,30.21,5.293280248582096
1989-07-06,36.79,17.88,27.97,0.0,0.35,4.75,30.66,5.34619220684277
1989-07-07,36.7,17.64,27.59,0.0,0.35,5.61,30.04,5.262846041332725
1989-07-08,39.38,18.04,29.06,0.0,0.35,2.35,29.72,6.411840878092898
1989-07-09,36.72,19.05,28.2,0.0,0.34,1.83,30.08,5.4826454875285595
1989-07-10,35.29,17.9,27.06,0.41,0.34,7.93,29.47,4.64576798946
1989-07-11,35.74,19.13,27.32,0.5,0.34,10.92,28.28,4.551019266658407
1989-07-12,28.17,19.04,23.05,13.3,0.36,15.26,20.38,2.08340481940924
1989-07-13,26.03,17.15,20.73,19.74,0.38,15.94,26.39,1.5560756866672498
1989-07-14,29.77,17.59,23.11,5.23,0.4,14.64,28.07,2.521188691780632
1989-07-15,27.73,14.79,21.09,3.64,0.4,12.99,25.91,2.2241198254534047
1989-07-16,33.45,13.76,23.05,0.29,0.4,13.5,14.57,3.6110472208211792
1989-07-17,34.56,15.08,24.62,0.02,0.39,6.87,29.48,4.494425688867529
1989-07-18,29.72,14.54,22.02,0.0,0.38,6.87,28.85,3.182444367550996
1989-07-19,29.76,14.14,22.11,0.0,0.37,8.12,29.22,3.1034359657249846
1989-07-20,30.44,13.42,22.3,0.0,0.37,7.49,28.74,3.315260141930364
1989-07-21,29.84,13.0,21.41,0.0,0.37,6.21,28.38,3.2554883737925424
1989-07-22,29.9,12.81,21.5,0.0,0.36,5.09,28.19,3.340982024718793
1989-07-23,29.53,11.88,21.29,0.0,0.36,5.51,28.03,3.2261545398801923
1989-07-24,29.72,14.9,22.28,0.72,0.36,9.4,25.96,2.995939756621874
1989-07-25,28.83,14.86,22.16,0.01,0.36,11.54,27.24,2.6059093289498287
1989-07-26,30.17,15.15,23.54,0.0,0.35,10.43,27.03,3.0208170550759075
1989-07-27,32.97,16.9,25.36,0.0,0.35,10.06,28.17,3.7887809739294522
1989-07-28,34.01,17.5,26.6,0.07,0.35,10.41,28.19,4.060112337124606
1989-07-29,35.15,17.98,27.07,3.3,0.35,11.07,27.35,4.350629817201526
1989-07-30,30.45,17.61,24.01,1.01,0.35,13.35,27.27,2.8214109189455776
1989-07-31,27.28,17.98,22.32,1.16,0.35,14.98,20.31,1.9211764462397267
1989-08-01,31.03,17.64,24.0,2.06,0.35,14.41,27.47,2.858632983376146
1989-08-02,32.03,17.48,25.12,7.26,0.36,13.78,25.28,3.186917465837882
1989-08-03,35.1,17.09,26.38,0.09,0.36,7.97,28.32,4.583253860033522
1989-08-04,35.22,18.01,26.85,0.42,0.36,5.46,25.81,4.790691336774806
1989-08-05,31.03,17.8,24.24,2.38,0.36,7.08,27.34,3.492895714804817
1989-08-06,30.5,16.27,22.55,6.03,0.36,9.85,21.5,3.1506052214083424
1989-08-07,25.09,13.93,18.66,0.12,0.37,10.19,20.44,1.941114742947651
1989-08-08,28.97,12.45,20.78,0.43,0.36,9.41,27.33,2.818488912749012
1989-08-09,29.77,14.98,22.19,2.09,0.36,11.88,20.89,2.795905127281837
1989-08-10,31.96,16.3,24.49,1.59,0.36,11.68,25.53,3.3707967464487436
1989-08-11,28.6,18.91,22.33,5.51,0.36,14.83,16.06,2.2272382769788566
1989-08-12,23.14,15.68,19.14,15.05,0.39,16.07,16.97,1.0068830140744482
1989-08-13,26.39,15.22,20.38,1.03,0.4,12.06,19.79,2.031595994119627
1989-08-14,29.48,16.32,22.74,0.06,0.39,9.57,26.95,2.925115926261863
1989-08-15,29.79,16.06,22.24,0.81,0.38,9.84,23.03,2.9773649379582796
1989-08-16,29.83,14.03,21.6,2.72,0.38,12.17,21.5,2.783502858068865
1989-08-17,30.26,15.95,22.73,0.96,0.38,13.94,26.0,2.7143626446529128
1989-08-18,30.43,16.37,23.11,1.05,0.38,13.06,23.29,2.845184740040941
1989-08-19,28.47,13.62,20.99,0.24,0.38,9.79,23.08,2.673823790652614
1989-08-20,27.61,15.08,20.89,9.35,0.39,12.38,23.85,2.256842080644695
1989-08-21,30.76,15.28,23.03,0.22,0.38,9.61,26.59,3.2353339078274255
1989-08-22,24.96,14.39,19.93,4.42,0.38,10.79,4.25,1.8657360657677848
1989-08-23,30.73,13.51,22.33,0.0,0.38,7.5,26.27,3.387214578942731
1989-08-24,31.8,13.96,22.7,0.42,0.38,10.42,18.89,3.4383474543024555
1989-08-25,30.26,13.98,22.12,0.02,0.37,7.18,25.75,3.2924447983930776
1989-08-26,28.41,13.57,21.13,2.15,0.37,10.11,25.26,2.634066695031212
1989-08-27,23.44,15.64,19.55,0.6,0.37,13.06,13.7,1.3814199782206347
1989-08-28,28.65,14.87,20.64,0.01,0.37,6.44,18.58,2.9613870637035777
1989-08-29,31.5,13.59,22.23,0.01,0.37,10.8,23.2,3.326704816631759
1989-08-30,32.91,15.43,23.97,0.0,0.36,10.79,24.57,3.710308046486098
1989-08-31,34.94,18.5,25.96,0.34,0.36,5.24,23.48,4.717028616686773
1989-09-01,21.49,13.85,17.81,1.41,0.36,9.84,21.09,1.3479923168006456
1989-09-02,32.24,15.0,23.01,0.2,0.36,11.41,20.92,3.4707200350989864
1989-09-03,32.46,15.25,23.14,0.02,0.36,3.98,22.93,4.067658723879346
1989-09-04,27.78,14.41,20.63,0.73,0.36,11.05,22.18,2.4146963634469563
1989-09-05,32.12,16.19,23.67,0.12,0.36,10.21,23.96,3.541762989944155
1989-09-06,32.35,16.45,24.03,0.0,0.35,6.47,21.84,3.883650895707272
1989-09-07,30.57,14.54,22.17,1.46,0.35,11.41,21.25,3.0348537061256597
1989-09-08,21.4,9.13,15.44,7.41,0.36,11.03,7.85,1.233436415097524
1989-09-09,18.2,4.87,11.13,2.95,0.37,4.37,10.91,1.2554027183051573
1989-09-10,22.75,6.88,13.31,2.77,0.37,4.43,16.3,1.9290295889604434
1989-09-11,14.89,4.19,8.61,0.98,0.37,1.39,4.9,1.017882639497298
1989-09-12,6.76,2.02,4.24,10.41,0.39,1.2,5.43,0.3192187835808793
1989-09-13,13.85,1.55,6.72,0.2,0.39,1.08,12.13,0.9225998496672307
1989-09-14,22.14,3.37,12.57,0.0,0.39,-2.04,23.33,2.140726197467785
1989-09-15,27.49,7.38,16.88,0.0,0.38,-2.09,22.48,3.1452181788110374
1989-09-16,29.72,9.32,19.38,0.0,0.38,0.44,22.23,3.5447565376167756
1989-09-17,31.68,11.33,21.3,0.0,0.37,2.3,21.91,3.9485319123884555
1989-09-18,30.1,13.36,21.12,0.26,0.37,7.17,21.05,3.2538494296913365
1989-09-19,27.63,11.95,19.41,1.71,0.37,9.81,18.69,2.4868413697081677
1989-09-20,27.85,8.75,19.44,5.97,0.37,12.0,14.71,2.3444782969746725
1989-09-21,19.27,6.01,11.58,0.56,0.38,3.1,18.58,1.4715199025167967
1989-09-22,20.6,5.52,12.27,0.0,0.38,0.49,22.21,1.793624195240822
1989-09-23,17.68,2.37,9.5,0.0,0.37,-0.84,20.08,1.4483708679306888
1989-09-24,26.69,5.15,15.89,0.0,0.37,-0.12,18.15,2.8955229036459027
1989-09-25,24.15,7.97,15.75,0.0,0.37,3.64,20.63,2.218005099332901
1989-09-26,25.01,8.97,16.14,0.0,0.37,2.74,20.43,2.425768129313825
1989-09-27,26.37,9.19,16.72,0.0,0.37,2.75,20.95,2.691239749598579
1989-09-28,28.1,11.81,19.18,0.0,0.36,5.76,18.86,2.88230993174118
1989-09-29,26.82,10.87,18.32,0.0,0.36,5.24,18.72,2.6408292711515786
1989-09-30,30.54,11.48,20.52,0.0,0.36,4.06,18.51,3.5595675223818724
1989-10-01,24.46,8.48,17.16,0.0,0.36,-0.79,19.55,2.4907405709039647
1989-10-02,18.78,4.41,10.77,0.0,0.36,0.27,19.39,1.5445074602521938
1989-10-03,15.78,2.4,8.4,0.04,0.36,1.65,7.15,1.1047318334256095
1989-10-04,24.24,7.47,15.4,0.06,0.36,5.28,13.35,2.137664658993246
1989-10-05,18.88,8.26,12.94,0.02,0.35,-2.81,16.52,1.6843813676573884
1989-10-06,20.58,6.03,12.61,0.0,0.35,-2.12,19.45,1.900819931993792
1989-10-07,19.74,5.98,11.73,0.05,0.35,-0.07,16.33,1.6932156864848165
1989-10-08,22.32,5.6,13.69,0.0,0.35,-4.38,18.55,2.2545145711860886
1989-10-09,21.17,6.48,12.95,0.0,0.35,-1.36,14.03,1.9601689752556277
1989-10-10,25.95,7.37,15.76,0.0,0.35,-1.44,18.34,2.801840296962308
1989-10-11,30.86,10.44,19.07,0.0,0.35,-3.58,16.26,3.988080153086105
1989-10-12,28.01,7.73,16.95,0.0,0.35,-1.93,17.77,3.2519828335839898
1989-10-13,27.78,9.75,16.99,0.0,0.35,-3.89,17.64,3.2737434341225375
1989-10-14,25.52,11.5,16.81,0.0,0.35,-0.9,14.33,2.6952990791430818
1989-10-15,17.88,0.72,9.76,0.35,0.35,1.03,14.18,1.3903350471883655
1989-10-16,3.93,-0.86,0.9,4.21,0.35,-3.41,6.69,0.334421207480549
1989-10-17,6.03,-1.72,1.29,0.34,0.35,-4.6,8.31,0.5029089511553179
1989-10-18,6.57,-4.32,1.06,0.26,0.35,-7.43,10.63,0.6231398701619939
1989-10-19,12.49,-4.42,3.12,0.0,0.36,-10.55,16.04,1.175044086289055
1989-10-20,21.76,0.41,10.61,0.0,0.35,-7.12,15.49,2.2474882408479093
1989-10-21,22.42,6.67,13.59,0.0,0.35,-3.03,15.45,2.223845437188194
1989-10-22,21.86,9.12,14.02,0.0,0.35,1.06,15.42,1.9618956452672065
1989-10-23,22.46,5.29,13.05,0.0,0.35,0.02,16.1,2.1072854020294165
1989-10-24,24.81,5.85,14.14,0.0,0.35,-0.05,16.05,2.523522126064709
1989-10-25,26.36,6.85,16.25,0.0,0.35,-0.4,13.09,2.840394994621738
1989-10-26,18.72,5.06,13.47,0.0,0.35,-2.83,14.49,1.663425295156597
1989-10-27,16.31,3.7,8.57,0.0,0.35,-4.19,15.09,1.4068013814638318
1989-10-28,18.68,0.49,8.99,0.0,0.35,-4.58,15.14,1.7191042768602458
1989-10-29,6.37,-4.38,2.17,0.0,0.35,-7.2,14.04,0.6035316373454473
1989-10-30,8.86,-5.01,1.24,0.0,0.35,-9.48,15.46,0.8395332875331176
1989-10-31,12.44,-2.26,3.58,0.49,0.35,-8.79,14.93,1.129446668170996
1989-11-01,2.36,-5.38,-2.6,0.72,0.35,-11.41,12.68,0.4687295404504519
1989-11-02,9.44,-4.15,1.69,0.0,0.35,-11.51,10.56,0.9293786572437122
1989-11-03,13.65,-1.73,4.57,0.06,0.35,-6.52,11.74,1.1876813766787468
1989-11-04,18.81,0.83,8.52,0.0,0.35,-2.93,10.14,1.6792901561917242
1989-11-05,13.65,1.19,6.65,0.0,0.35,-2.99,13.38,1.072663477010101
1989-11-06,13.85,-0.06,6.42,0.0,0.35,-4.58,12.51,1.148308149957969
1989-11-07,13.46,0.19,6.18,0.0,0.35,-6.86,12.44,1.178161740855626
1989-11-08,10.79,-2.97,4.21,0.0,0.35,-7.78,13.05,0.9543571195090627
1989-11-09,16.99,3.63,8.9,0.0,0.35,-3.57,12.9,1.467321473979518
1989-11-10,21.07,5.18,11.08,0.0,0.35,-0.61,13.07,1.913508542927514
1989-11-11,19.42,5.65,10.78,0.0,0.35,-1.18,13.12,1.6953396977575605
1989-11-12,22.62,5.01,11.82,0.0,0.35,-2.07,12.11,2.220826142719066
1989-11-13,18.06,3.67,9.39,0.0,0.35,-2.36,13.33,1.5582679349241415
1989-11-14,12.6,-1.9,5.2,0.01,0.35,-6.0,11.73,1.0687811686239903
1989-11-15,0.56,-7.7,-2.77,0.0,0.35,-12.44,12.19,0.4012050731132382
1989-11-16,8.06,-7.62,0.31,0.0,0.35,-12.83,11.78,0.849542115682036
1989-11-17,10.57,-2.09,2.64,0.0,0.35,-4.43,11.75,0.8358988621383541
1989-11-18,11.86,-2.95,4.04,0.0,0.35,-5.84,10.88,0.9946123464216742
1989-11-19,20.12,1.73,10.45,0.0,0.35,-3.56,11.32,1.8861750102541914
1989-11-20,15.03,2.11,7.19,0.0,0.35,-3.49,12.56,1.2366392963936126
1989-11-21,15.8,0.8,6.38,0.0,0.35,-2.99,12.47,1.305196162401381
1989-11-22,2.55,-5.06,-1.9,0.0,0.35,-10.19,9.79,0.4524701471625035
1989-11-23,13.13,-3.94,3.34,0.0,0.35,-9.97,5.5,1.224163656306916
1989-11-24,15.25,2.33,7.32,0.01,0.35,-6.16,10.33,1.347498565035409
1989-11-25,12.95,-0.16,4.42,0.02,0.35,-2.33,10.62,0.9782135300361798
1989-11-26,16.12,-0.92,5.8,0.0,0.35,-4.39,11.21,1.3911771444873864
1989-11-27,2.97,-6.45,-1.63,0.0,0.35,-8.51,10.67,0.4348464606138907
1989-11-28,3.76,-6.22,-2.02,0.0,0.35,-13.58,11.18,0.5855204810305363
1989-11-29,9.2,-3.69,1.89,0.0,0.35,-11.47,10.62,0.9095922152979841
1989-11-30,10.52,-2.5,1.77,0.0,0.35,-10.1,11.6,0.987960055709771
1989-12-01,8.45,-3.85,0.02,0.0,0.35,-10.09,8.61,0.8224166286175607
1989-12-02,7.62,-3.77,-0.34,0.0,0.35,-8.23,10.33,0.7168982985282607
1989-12-03,14.48,-3.07,4.11,0.0,0.35,-8.92,10.71,1.3379458009358527
1989-12-04,15.77,0.83,6.43,0.0,0.35,-7.93,9.66,1.4555497253630154
1989-12-05,16.16,3.36,8.44,0.12,0.35,-2.42,10.6,1.3257149150823162
1989-12-06,4.48,-1.3,1.62,0.99,0.35,-2.83,3.62,0.3452742958637911
1989-12-07,1.13,-6.22,-2.69,0.76,0.35,-5.84,1.72,0.26783977480415
1989-12-08,10.81,-5.25,1.81,0.0,0.35,-8.85,9.55,0.9833713037675935
1989-12-09,11.92,-0.27,4.26,0.08,0.35,-7.64,7.91,1.0513149040781087
1989-12-10,-1.86,-8.72,-5.04,1.71,0.35,-8.98,3.33,0.22322433111627643
1989-12-11,-4.67,-10.53,-8.23,0.03,0.35,-15.27,6.11,0.2456101735350354
1989-12-12,1.86,-10.44,-3.71,0.0,0.35,-14.31,7.49,0.4969600425394559
1989-12-13,1.75,-5.65,-2.58,0.24,0.35,-11.49,8.84,0.4394515025182018
1989-12-14,2.83,-12.44,-2.65,0.81,0.35,-9.48,4.69,0.4509581762627635
1989-12-15,-4.01,-15.6,-10.67,0.71,0.35,-15.71,6.38,0.2743808687145343
1989-12-16,-3.85,-11.46,-7.98,1.69,0.35,-11.31,8.19,0.20205863819663972
1989-12-17,-2.07,-11.93,-7.34,0.48,0.35,-12.69,8.39,0.2944601160679865
1989-12-18,-9.45,-15.01,-11.49,0.6,0.35,-15.25,7.45,0.11187062046029561
1989-12-19,0.02,-14.95,-7.79,0.0,0.35,-15.01,7.31,0.42138555910876696
1989-12-20,5.98,-12.46,-3.89,0.02,0.35,-10.92,9.29,0.6682905786638387
1989-12-21,-13.11,-19.33,-16.28,0.18,0.35,-20.39,2.77,0.10202274256746835
1989-12-22,-8.44,-20.43,-15.41,0.0,0.35,-20.95,3.53,0.20835836768576302
1989-12-23,8.02,-11.82,-1.47,0.0,0.36,-6.04,7.01,0.6851780649067366
1989-12-24,5.89,-3.45,-0.15,0.0,0.36,-5.47,6.48,0.5216329872392889
1989-12-25,8.45,-2.88,0.76,0.0,0.36,-8.81,9.69,0.79225487340546
1989-12-26,9.41,-1.67,1.79,0.0,0.36,-8.4,9.88,0.8561636201444287
1989-12-27,11.66,-1.42,2.46,0.0,0.36,-5.78,10.15,0.974554077482475
1989-12-28,9.02,-2.24,1.91,0.0,0.36,-8.11,10.63,0.8181011591368502
1989-12-29,2.58,-5.16,-2.25,0.0,0.36,-5.89,3.55,0.341926176723546
1989-12-30,0.23,-4.36,-2.49,0.0,0.36,-9.38,7.67,0.3210268301230531
1989-12-31,3.47,-4.36,-1.61,0.0,0.36,-9.49,10.32,0.48593887686082815
1990-01-01,8.26,-4.94,0.11,0.0,0.36,-8.69,9.98,0.7751058845831909
1990-01-02,10.46,-1.49,2.18,0.0,0.36,-8.04,4.46,0.9330049375222731
1990-01-03,0.61,-5.23,-2.24,0.01,0.36,-6.96,7.25,0.27598624236443087
1990-01-04,3.5,-9.07,-3.69,0.0,0.36,-12.41,8.25,0.5495678328927124
1990-01-05,3.7,-6.61,-2.61,0.0,0.36,-11.1,8.31,0.5345207684622506
1990-01-06,7.95,-8.08,-1.14,0.0,0.36,-11.77,10.85,0.8211084737970786
1990-01-07,10.18,-3.75,1.55,0.0,0.36,-8.74,10.75,0.9272846854598684
1990-01-08,10.71,-0.13,3.99,0.0,0.36,-4.48,4.67,0.8495193523890994
1990-01-09,12.71,-0.68,3.79,0.0,0.36,-6.04,11.01,1.0805408014124493
1990-01-10,18.71,1.47,7.32,0.0,0.36,-8.01,7.62,1.823844152830535
1990-01-11,6.37,-4.57,-0.18,0.0,0.35,-7.72,9.71,0.6175993173106784
1990-01-12,6.66,-5.09,-0.85,0.0,0.35,-10.69,10.57,0.7082589579798282
1990-01-13,15.07,-2.72,5.43,0.0,0.35,-4.83,11.25,1.286401545084085
1990-01-14,13.62,-0.24,5.37,0.0,0.35,-4.55,11.32,1.1238174706725106
1990-01-15,12.0,-1.66,2.88,0.0,0.35,-5.14,7.38,0.9858443288522738
1990-01-16,9.85,-3.89,1.54,0.01,0.35,-7.65,10.93,0.8720738504864671
1990-01-17,6.49,-4.26,-0.51,0.13,0.35,-8.1,11.28,0.6355397975386008
1990-01-18,-0.11,-6.1,-3.65,6.95,0.35,-6.73,8.22,0.2369692308052484
1990-01-19,-3.01,-5.7,-4.35,14.24,0.35,-6.09,1.96,0.1016962627215301
1990-01-20,0.42,-9.51,-4.94,0.63,0.35,-8.03,3.6,0.29613792647240955
1990-01-21,4.53,-8.02,-2.26,0.0,0.36,-7.91,10.22,0.507382437756422
1990-01-22,7.55,-3.24,0.87,0.36,0.38,-6.52,9.98,0.6653561113439643
1990-01-23,6.36,-3.79,0.44,0.0,0.38,-7.59,10.28,0.6134675609050084
1990-01-24,-1.14,-5.56,-3.14,0.01,0.38,-11.54,10.01,0.3092978130054421
1990-01-25,4.94,-9.46,-2.59,0.0,0.38,-11.08,10.33,0.6065174705302669
1990-01-26,11.19,-2.03,2.64,0.0,0.38,-7.19,9.4,0.9733065812666499
1990-01-27,-0.26,-6.57,-3.89,0.0,0.38,-15.71,10.84,0.4198012385476424
1990-01-28,3.71,-9.21,-3.31,0.0,0.38,-14.54,10.76,0.5989575470781687
1990-01-29,7.98,-6.15,-0.75,0.0,0.38,-10.3,8.88,0.7923248756493931
1990-01-30,6.61,-6.38,-0.17,0.0,0.37,-10.88,10.0,0.7089677554777152
1990-01-31,9.27,-4.7,2.13,0.0,0.37,-7.5,10.83,0.8215438725844615
1990-02-01,2.89,-5.67,-2.38,0.19,0.37,-7.95,11.21,0.41619824693495355
1990-02-02,2.3,-5.59,-2.95,0.34,0.37,-7.49,8.27,0.3730398658854192
1990-02-03,5.22,-8.04,-1.77,0.0,0.37,-12.8,10.28,0.6576236571040919
1990-02-04,11.75,-5.31,2.2,0.04,0.37,-11.55,11.07,1.127165810471861
1990-02-05,5.86,-3.67,0.15,0.0,0.37,-8.14,11.33,0.595348227474048
1990-02-06,11.17,-4.02,1.42,0.0,0.37,-8.54,10.56,1.007067807297742
1990-02-07,12.71,-2.94,4.05,0.0,0.37,-7.91,10.77,1.1328735064139885
1990-02-08,8.24,-4.56,-0.18,0.04,0.37,-8.08,10.99,0.7581426395916769
1990-02-09,8.95,-3.88,1.52,0.0,0.37,-11.29,13.79,0.8864172601897311
1990-02-10,12.47,-1.32,4.85,0.0,0.36,-6.2,14.25,1.0623189430081836
1990-02-11,15.08,0.56,6.42,0.0,0.36,-4.38,14.72,1.2727228166787703
1990-02-12,17.76,-0.09,7.65,0.03,0.36,-3.86,12.09,1.5739767730184555
1990-02-13,-0.91,-10.02,-5.1,0.4,0.36,-10.72,8.07,0.3017113119777264
1990-02-14,-5.42,-10.62,-8.8,0.69,0.36,-14.17,6.97,0.20394964277676583
1990-02-15,-7.41,-12.68,-10.28,0.2,0.36,-15.89,8.3,0.1732033755226348
1990-02-16,2.09,-12.64,-5.87,0.0,0.36,-17.01,10.69,0.5492254287818199
1990-02-17,11.68,-7.91,0.63,0.0,0.36,-11.76,15.53,1.125029154742867
1990-02-18,4.19,-4.94,-0.94,0.15,0.36,-10.2,16.53,0.5429910055889686
1990-02-19,5.16,-3.89,-0.51,1.85,0.36,-9.39,15.47,0.5822651421891643
1990-02-20,-0.72,-4.86,-3.21,4.05,0.36,-6.26,3.94,0.19698304223572166
1990-02-21,7.63,-5.72,0.06,0.0,0.36,-6.62,8.26,0.6739345226107614
1990-02-22,6.07,-3.84,0.5,0.0,0.37,-6.57,8.06,0.5661168302719082
1990-02-23,11.94,-1.74,3.18,0.0,0.37,-7.19,17.15,1.0409455101617513
1990-02-24,13.08,-2.57,3.61,0.0,0.37,-5.46,17.29,1.0989379864022444
1990-02-25,12.55,-2.53,3.48,0.0,0.37,-4.71,14.37,1.0237043639483134
1990-02-26,15.31,-3.06,4.99,0.0,0.37,-5.27,14.84,1.32706240375537
1990-02-27,4.68,-3.93,-0.91,0.38,0.37,-7.15,12.68,0.495833773615738
1990-02-28,5.13,-4.5,-0.85,0.12,0.37,-5.74,6.74,0.4821701765681979
1990-03-01,12.25,-4.58,2.33,0.0,0.36,-7.7,18.27,1.0835854831753546
1990-03-02,13.42,-3.75,3.19,0.0,0.36,-11.36,18.42,1.2830928544782991
1990-03-03,15.76,-3.18,5.85,0.0,0.36,-8.02,18.41,1.4567531524583783
1990-03-04,15.1,0.64,6.69,0.12,0.36,-1.61,18.17,1.1735253817718843
1990-03-05,13.93,-0.35,6.59,10.75,0.36,1.71,10.04,0.9002274709490682
1990-03-06,12.59,3.66,7.68,10.07,0.4,0.97,11.56,0.8027822827982685
1990-03-07,5.62,-2.06,1.04,0.96,0.4,-2.63,5.27,0.40747446614639005
1990-03-08,18.13,-2.81,7.01,0.0,0.4,-4.8,18.43,1.6533037498775736
1990-03-09,19.35,2.96,9.5,0.02,0.39,-2.22,13.84,1.7269519090081578
1990-03-10,19.22,3.42,10.55,0.83,0.39,-1.81,17.04,1.6928607884743863
1990-03-11,18.79,2.8,9.89,0.63,0.38,-0.71,13.98,1.5888187078003446
1990-03-12,16.56,1.75,8.43,0.11,0.38,-5.4,20.56,1.475800418717401
1990-03-13,7.62,-3.48,1.84,0.68,0.38,-5.01,9.57,0.6244621367004135
1990-03-14,6.72,-5.24,0.77,0.19,0.38,-8.28,20.39,0.65561815152996
1990-03-15,8.98,-3.32,2.93,0.07,0.38,-7.58,19.05,0.8010364759610487
1990-03-16,9.46,-2.58,3.1,0.04,0.38,-9.14,21.31,0.8784259188048651
1990-03-17,14.69,-3.52,5.67,0.13,0.37,-7.26,20.19,1.3174528311996352
1990-03-18,8.29,-3.46,2.48,0.16,0.37,-5.09,15.2,0.6758358998111679
1990-03-19,14.9,-4.31,5.0,0.0,0.37,-7.74,22.1,1.3531933381116135
1990-03-20,20.97,1.9,11.89,0.0,0.37,-4.68,22.7,2.050903325871623
1990-03-21,20.16,4.08,11.9,0.01,0.37,-0.46,20.51,1.7708891510312805
1990-03-22,20.41,-0.95,9.28,0.24,0.37,-1.01,22.71,1.830954571961111
1990-03-23,5.23,-5.81,-1.56,0.99,0.37,-6.41,4.1,0.5082554454657326
1990-03-24,3.59,-8.68,-3.78,0.07,0.37,-10.29,10.11,0.5108834541212709
1990-03-25,10.06,-6.67,0.84,0.07,0.37,-8.08,21.45,0.9006203986197959
1990-03-26,13.51,-4.57,3.99,0.36,0.37,-5.48,24.28,1.1424065814161266
1990-03-27,17.66,-1.26,7.33,0.27,0.37,-0.55,18.18,1.4334963661779354
1990-03-28,8.06,0.38,3.24,12.22,0.38,0.28,2.56,0.4538011977464411
1990-03-29,7.74,-0.35,2.84,2.99,0.39,-0.78,6.43,0.4769347027730527
1990-03-30,7.21,-1.28,2.28,2.11,0.39,-1.96,10.69,0.48742360773860083
1990-03-31,15.27,-2.77,6.28,0.0,0.39,-3.51,22.61,1.2639205439131835
1990-04-01,15.41,1.6,7.66,0.0,0.39,-1.92,24.84,1.220343775666555
1990-04-02,18.2,-0.25,8.46,0.0,0.38,-2.36,24.66,1.5765670769391371
1990-04-03,22.16,2.13,12.36,0.0,0.38,-1.65,22.5,2.1285943360368784
1990-04-04,18.67,3.72,9.66,4.18,0.38,1.67,19.81,1.4634102233422932
1990-04-05,5.18,-3.66,1.46,2.56,0.39,-3.93,7.62,0.4266722850235239
1990-04-06,11.87,-5.82,2.65,0.0,0.39,-6.5,20.64,1.0150343955392132
1990-04-07,16.24,-1.48,7.46,0.08,0.38,-6.17,24.07,1.4611538721439834
1990-04-08,21.82,3.21,12.18,0.93,0.38,0.95,18.04,1.9607191955402063
1990-04-09,13.32,-0.74,6.85,0.24,0.38,1.03,21.14,0.8712800351838333
1990-04-10,11.9,-2.61,4.68,0.15,0.38,-3.42,11.21,0.918856053593035
1990-04-11,17.98,-4.48,5.99,0.13,0.38,-3.88,15.42,1.6030140771069379
1990-04-12,20.08,-0.47,8.86,1.12,0.38,-0.25,20.99,1.7501101535790395
1990-04-13,15.25,1.85,7.92,0.2,0.38,-1.24,21.56,1.1751598194434245
1990-04-14,24.29,1.98,13.29,0.0,0.37,-1.03,22.62,2.4697498409999596
1990-04-15,23.09,2.84,13.07,0.0,0.37,2.73,25.55,2.0813993503652064
1990-04-16,18.44,1.2,10.26,0.0,0.37,1.66,18.8,1.433132149673753
1990-04-17,9.48,-0.03,3.41,0.0,0.37,-2.86,11.14,0.691056141130177
1990-04-18,23.91,-0.13,11.24,0.09,0.37,0.68,24.87,2.3261390974776264
1990-04-19,19.45,4.73,12.17,0.13,0.37,3.72,24.37,1.4624736777909826
1990-04-20,20.34,5.0,13.35,0.06,0.36,2.73,25.26,1.6445821702345196
1990-04-21,26.33,6.89,17.16,0.0,0.36,0.43,23.96,2.7973922678939322
1990-04-22,25.52,10.81,18.67,0.08,0.36,5.06,20.92,2.3912603159042356
1990-04-23,26.58,9.7,18.21,0.86,0.36,1.82,24.83,2.781823363480456
1990-04-24,23.82,9.68,16.2,5.07,0.36,2.92,24.65,2.1983561084846643
1990-04-25,14.38,5.65,9.78,10.74,0.38,5.77,13.81,0.718131720675583
1990-04-26,20.67,2.48,10.11,3.72,0.39,1.02,22.3,1.7793802958280596
1990-04-27,14.39,1.37,7.95,0.05,0.39,-6.48,24.84,1.2633855563435927
1990-04-28,26.17,3.8,14.73,0.03,0.38,0.48,21.59,2.7628988145653746
1990-04-29,8.92,-0.18,3.58,0.56,0.38,-7.56,11.86,0.7958598577157943
1990-04-30,10.73,-1.34,4.81,0.44,0.38,-4.19,14.85,0.8415367220464954
1990-05-01,9.78,-0.83,4.82,0.51,0.38,-2.45,12.69,0.699877143867452
1990-05-02,13.45,0.48,6.74,2.01,0.38,-0.04,18.09,0.9334091323140311
1990-05-03,7.22,-0.86,2.74,8.05,0.39,-1.04,5.13,0.4510068759761726
1990-05-04,16.87,-1.88,8.3,0.39,0.39,-1.13,22.69,1.3594654943204918
1990-05-05,17.77,3.34,10.26,0.01,0.39,-0.27,14.73,1.435427243505345
1990-05-06,25.8,3.82,15.31,0.0,0.38,-2.06,28.59,2.796830242938457
1990-05-07,29.22,8.1,19.42,0.35,0.38,0.14,26.83,3.4398355188933087
1990-05-08,24.85,3.12,12.67,3.59,0.38,2.3,13.0,2.4186485143931993
1990-05-09,12.54,0.69,6.02,0.92,0.38,-4.68,27.13,1.0217704795225329
1990-05-10,22.72,-1.86,11.77,0.01,0.38,-3.81,28.42,2.3014083389246123
1990-05-11,21.47,3.07,11.48,0.07,0.38,2.18,23.82,1.8449329353985935
1990-05-12,20.0,2.62,10.73,0.4,0.37,0.94,19.08,1.6844102581069915
1990-05-13,26.51,5.05,15.23,0.68,0.37,1.61,20.52,2.777934099853661
1990-05-14,23.03,4.37,14.36,0.99,0.37,0.64,29.12,2.1746972335201757
1990-05-15,23.26,6.52,15.19,4.07,0.37,4.81,17.05,1.9931138955096983
1990-05-16,15.6,3.29,9.58,2.5,0.38,-0.88,22.39,1.199575682484362
1990-05-17,24.28,2.28,14.15,0.0,0.38,-2.2,27.63,2.5147817039217797
1990-05-18,28.98,8.67,19.09,0.0,0.37,-1.13,29.87,3.4386925908684387
1990-05-19,26.13,8.1,17.72,0.28,0.37,-1.49,25.86,2.8397028746064104
1990-05-20,23.8,6.76,14.7,0.33,0.37,3.22,8.16,2.1786045985027416
1990-05-21,26.82,8.54,18.42,0.01,0.36,1.58,25.59,2.843151551143608
1990-05-22,31.78,12.97,22.12,0.3,0.36,2.64,24.97,3.9573597594917955
1990-05-23,31.75,11.06,22.21,0.05,0.36,4.77,29.78,3.829609530749008
1990-05-24,30.18,12.19,20.67,0.4,0.36,4.49,18.22,3.445329769843183
1990-05-25,26.86,8.78,18.36,4.89,0.35,-0.44,30.1,2.9446454239870246
1990-05-26,24.31,10.71,16.07,13.99,0.38,9.38,22.6,1.8620240792410157
1990-05-27,20.04,8.64,14.28,5.59,0.4,7.48,25.07,1.3087146354994457
1990-05-28,22.69,9.53,15.8,5.13,0.4,7.85,27.26,1.6953311028833087
1990-05-29,17.88,9.88,13.29,19.46,0.41,10.03,7.58,0.818033976694359
1990-05-30,21.23,8.86,14.88,2.24,0.43,8.9,19.26,1.3820308349086925
1990-05-31,25.63,10.01,17.66,0.13,0.42,7.52,25.52,2.250416326612832
1990-06-01,27.25,7.37,18.19,0.14,0.41,1.84,26.68,2.920365347175648
1990-06-02,25.53,7.37,15.57,0.0,0.4,-2.51,30.97,2.7613406768421176
1990-06-03,24.23,7.93,16.54,0.01,0.39,1.55,30.85,2.3421224923182598
1990-06-04,34.1,10.87,23.01,0.0,0.38,2.95,30.29,4.593867330455189
1990-06-05,29.72,13.78,21.55,0.01,0.38,6.24,30.68,3.224633596294514
1990-06-06,30.11,13.1,21.33,3.03,0.38,9.83,24.88,3.0558657766187594
1990-06-07,30.72,13.47,22.0,2.86,0.38,9.18,30.67,3.2593756275050225
1990-06-08,30.3,15.03,22.32,1.6,0.38,7.52,31.13,3.2784265762567415
1990-06-09,24.67,16.71,20.42,11.85,0.39,15.08,27.93,1.391891799849706
1990-06-10,32.48,15.57,23.22,0.19,0.39,11.77,27.23,3.503841013577664
1990-06-11,33.62,16.9,25.37,0.0,0.39,7.24,30.68,4.189253876215234
1990-06-12,32.37,13.61,22.77,0.4,0.38,5.04,30.58,3.9803474360433393
1990-06-13,28.82,11.04,20.58,0.0,0.37,4.59,31.49,3.1165399748444513
1990-06-14,33.13,12.63,22.56,1.15,0.37,7.25,29.51,4.047756014148813
1990-06-15,33.53,13.38,23.1,0.17,0.37,5.44,26.3,4.2821616550177914
1990-06-16,32.44,14.19,22.99,0.02,0.36,1.53,30.48,4.192026024325651
1990-06-17,30.69,11.07,21.67,0.0,0.36,0.98,31.07,3.758147802805128
1990-06-18,38.47,12.11,26.68,0.06,0.36,0.52,29.79,6.1606778565997375
1990-06-19,30.98,17.19,23.51,2.9,0.35,3.94,28.74,3.6776463858437864
1990-06-20,31.09,13.53,23.1,0.11,0.36,5.95,31.23,3.5837852913698387
1990-06-21,29.21,11.73,21.44,0.38,0.35,6.65,30.24,3.076513054614744
1990-06-22,29.23,9.53,19.5,0.0,0.35,1.89,31.17,3.3591223631520326
1990-06-23,33.88,11.57,23.46,0.29,0.35,4.96,30.96,4.413944292555519
1990-06-24,37.12,17.25,27.25,0.0,0.35,5.31,30.95,5.424575907806204
1990-06-25,38.24,18.99,28.92,1.17,0.35,7.48,24.91,5.675851643655272
1990-06-26,38.08,19.43,29.26,0.18,0.34,6.72,24.59,5.670710325091486
1990-06-27,38.68,19.72,29.16,2.77,0.35,9.28,27.91,5.702298806340722
1990-06-28,38.56,21.15,29.98,0.22,0.34,4.32,26.75,5.99624699267376
1990-06-29,41.32,19.77,31.28,0.23,0.34,7.75,24.8,6.855899064924524
1990-06-30,38.16,20.95,29.8,1.68,0.34,9.07,28.21,5.528786765697532
1990-07-01,40.05,20.81,31.25,0.0,0.34,4.38,28.92,6.560019638995291
1990-07-02,38.12,22.29,30.68,0.08,0.34,2.09,29.78,5.957665364374418
1990-07-03,38.48,20.19,29.4,1.85,0.34,8.28,27.99,5.7052468805386845
1990-07-04,27.91,18.02,22.91,6.46,0.34,11.93,28.19,2.36406435175105
1990-07-05,26.01,16.25,20.83,17.49,0.37,15.03,23.03,1.6547846497364465
1990-07-06,32.53,16.97,24.57,0.62,0.38,13.83,27.56,3.3179912987427267
1990-07-07,35.8,19.92,27.73,3.24,0.38,12.37,29.63,4.43896202267314
1990-07-08,24.11,18.09,21.21,14.27,0.39,16.08,24.52,1.1760767097762452
1990-07-09,28.92,17.0,23.29,5.49,0.4,16.45,25.41,2.1159832934490868
1990-07-10,30.07,17.81,23.5,2.09,0.4,14.83,29.95,2.573359893602335
1990-07-11,30.05,15.88,22.24,1.28,0.4,10.77,25.23,2.962469837713469
1990-07-12,22.97,11.37,17.3,0.05,0.39,6.76,27.32,1.818876625225741
1990-07-13,23.89,8.61,16.26,0.0,0.38,2.16,28.14,2.2505106557597045
1990-07-14,25.5,8.26,17.73,0.05,0.38,1.75,27.09,2.570240809503514
1990-07-15,29.42,13.61,22.03,0.34,0.38,4.76,27.55,3.246129576684296
1990-07-16,33.52,13.86,24.55,0.05,0.37,6.4,28.13,4.217412627075089
1990-07-17,35.42,16.76,26.56,0.53,0.37,8.24,27.93,4.664094644774792
1990-07-18,35.7,18.44,27.31,0.1,0.36,8.07,28.33,4.766009059529431
1990-07-19,28.52,17.2,22.94,4.61,0.36,13.59,20.11,2.3393317239599623
1990-07-20,25.46,15.26,19.69,9.04,0.38,14.72,11.29,1.5807723365806197
1990-07-21,24.2,12.94,17.69,1.52,0.38,11.33,15.74,1.6781373597189602
1990-07-22,25.2,11.97,17.75,0.97,0.38,8.95,25.81,2.061523902501245
1990-07-23,30.35,12.63,21.79,0.97,0.38,8.96,25.02,3.18403076650948
1990-07-24,30.99,15.19,22.59,1.89,0.38,10.36,25.79,3.2321334677025773
1990-07-25,32.4,15.49,24.57,1.54,0.37,10.47,27.42,3.596134305206396
1990-07-26,34.5,17.63,25.92,4.92,0.37,12.48,22.34,4.021567596145093
1990-07-27,30.48,16.5,23.63,7.49,0.38,13.85,26.12,2.7781815376493095
1990-07-28,28.6,17.77,22.72,7.33,0.39,12.61,29.16,2.4540233625801777
1990-07-29,24.04,16.04,19.77,4.63,0.39,13.54,28.08,1.4395842772947436
1990-07-30,21.67,14.85,17.82,2.85,0.4,13.27,21.27,1.0667859095255083
1990-07-31,28.11,13.68,20.93,0.0,0.39,11.72,26.48,2.4273305421949134
1990-08-01,32.44,13.87,23.5,0.78,0.39,10.66,28.08,3.590942889424048
1990-08-02,29.18,17.41,23.01,3.57,0.39,12.01,22.74,2.6440450280733625
1990-08-03,31.49,15.22,23.11,4.11,0.39,9.58,27.95,3.4256208782708115
1990-08-04,26.23,15.54,20.58,10.54,0.4,12.35,20.41,1.9721507992270046
1990-08-05,21.16,14.25,17.34,4.8,0.4,11.19,8.47,1.182167171891409
1990-08-06,22.86,12.37,16.93,0.33,0.4,9.42,25.97,1.6046913862647056
1990-08-07,30.15,10.66,20.67,0.0,0.4,8.36,28.46,3.1803504730615746
1990-08-08,31.89,15.32,23.34,0.0,0.39,4.91,28.54,3.8584535365677115
1990-08-09,32.01,14.91,23.48,0.0,0.38,6.88,27.73,3.7638298694302903
1990-08-10,34.37,15.08,25.03,0.73,0.38,8.57,24.93,4.314693826201931
1990-08-11,23.63,15.66,19.63,13.77,0.39,15.08,24.21,1.204139218833127
1990-08-12,24.51,15.39,19.23,0.7,0.4,13.13,21.34,1.5659327078691405
1990-08-13,24.88,13.74,19.21,0.77,0.39,11.97,22.68,1.7454136423939421
1990-08-14,26.37,14.86,20.71,3.73,0.39,12.99,20.53,1.938874551039643
1990-08-15,24.63,14.04,19.6,0.56,0.39,13.1,23.86,1.5910332281809554
1990-08-16,30.3,13.79,22.55,2.29,0.39,11.86,27.11,2.926956944203371
1990-08-17,28.86,15.72,21.78,9.28,0.4,13.95,25.24,2.3799582340582814
1990-08-18,21.76,15.19,18.19,1.86,0.4,12.59,18.06,1.1474299463846085
1990-08-19,27.91,13.45,20.81,3.79,0.4,11.44,26.12,2.4085625889360953
1990-08-20,31.23,13.59,22.58,1.08,0.4,12.48,25.8,3.1041762987160304
1990-08-21,32.12,18.07,24.59,0.65,0.39,12.82,23.13,3.306886659531939
1990-08-22,27.95,17.78,22.77,1.65,0.39,14.0,14.81,2.170334963027323
1990-08-23,29.23,17.22,22.1,0.1,0.39,11.27,11.83,2.7227675871189545
1990-08-24,32.44,14.04,23.03,0.02,0.38,6.84,24.52,3.8833776507818745
1990-08-25,33.9,14.76,24.18,0.2,0.38,2.44,26.13,4.561541847799654
1990-08-26,34.81,15.47,24.8,0.0,0.37,1.2,25.72,4.897654751759096
1990-08-27,35.22,16.09,25.01,0.0,0.37,2.75,25.75,4.9469857603003975
1990-08-28,34.26,15.81,24.65,0.0,0.36,2.07,25.99,4.68756555896202
1990-08-29,34.02,15.89,24.79,0.0,0.36,9.33,24.42,4.151279493782962
1990-08-30,38.29,17.08,27.55,0.0,0.36,7.38,24.3,5.70104617708352
1990-08-31,35.58,18.27,26.36,0.04,0.36,8.59,24.01,4.6888056064119965
1990-09-01,34.48,16.78,25.24,0.63,0.35,9.76,25.21,4.254727879883892
1990-09-02,33.98,15.2,24.46,0.08,0.35,10.09,25.12,4.07795161820691
1990-09-03,32.91,15.71,24.28,0.03,0.35,6.21,24.94,4.056017867602549
1990-09-04,31.96,15.82,24.36,0.0,0.35,9.89,23.79,3.525098025463153
1990-09-05,33.47,16.78,24.88,0.55,0.35,10.92,23.97,3.8585352667486514
1990-09-06,32.55,18.43,24.69,0.15,0.35,10.98,23.22,3.593593248534856
1990-09-07,30.51,16.67,23.17,0.0,0.35,9.48,21.61,3.1829513590951377
1990-09-08,32.91,15.68,24.14,0.12,0.35,5.61,22.7,4.09465053180287
1990-09-09,32.17,15.08,23.2,0.15,0.35,6.0,19.23,3.865533866809666
1990-09-10,30.86,13.83,21.86,1.4,0.35,4.76,11.89,3.5991039896355663
1990-09-11,30.0,13.45,21.6,0.68,0.35,6.27,22.82,3.290331382255277
1990-09-12,31.58,14.72,22.96,0.0,0.35,5.61,22.52,3.7329237491080667
1990-09-13,35.66,15.09,24.46,0.0,0.34,3.61,22.51,5.039855993426604
1990-09-14,28.27,11.26,19.2,0.0,0.34,2.51,21.54,3.1079474746409805
1990-09-15,32.89,12.34,22.31,0.0,0.34,3.03,21.99,4.239813148274328
1990-09-16,24.14,11.31,17.68,1.14,0.34,4.03,18.6,2.1941038067054857
1990-09-17,22.42,12.88,16.85,9.26,0.35,11.52,5.21,1.3535928403835276
1990-09-18,26.31,10.68,18.05,0.0,0.36,6.08,22.19,2.483231962350373
1990-09-19,25.58,12.27,18.08,4.04,0.37,9.17,10.81,2.117568103012683
1990-09-20,24.24,10.65,16.83,1.14,0.37,5.11,20.79,2.148141087379684
1990-09-21,22.18,8.96,15.21,1.1,0.37,5.71,15.51,1.756577632340532
1990-09-22,21.14,6.55,13.18,0.0,0.37,-0.82,20.7,1.933176313232094
1990-09-23,25.04,5.27,14.41,0.0,0.36,1.35,22.12,2.5018500874456837
1990-09-24,28.67,10.26,18.71,0.0,0.36,3.25,21.06,3.1586011977294532
1990-09-25,29.34,10.17,19.61,0.22,0.36,2.48,19.13,3.3548063972707713
1990-09-26,28.53,12.91,20.04,1.08,0.36,7.8,19.16,2.8399130596820243
1990-09-27,19.66,12.5,15.05,3.17,0.36,8.2,8.11,1.202048620881991
1990-09-28,18.54,10.26,13.78,9.43,0.38,9.67,7.54,0.9340480323423987
1990-09-29,16.92,8.44,11.7,4.01,0.39,8.0,1.58,0.8551584889166806
1990-09-30,24.51,8.01,15.52,0.01,0.39,5.83,18.95,2.1523273352943755
1990-10-01,25.95,10.31,17.55,0.15,0.38,5.39,20.42,2.4551717347164588
1990-10-02,22.81,11.06,16.09,9.03,0.39,9.0,11.16,1.6292526005830668
1990-10-03,18.77,4.38,11.35,0.27,0.4,-0.77,20.39,1.5886524014537717
1990-10-04,26.47,7.45,15.96,0.0,0.39,0.81,18.58,2.8082117753764364
1990-10-05,29.88,9.71,19.07,0.0,0.39,-1.1,19.44,3.6503491694135533
1990-10-06,19.74,3.87,12.26,0.0,0.38,-0.43,19.37,1.7089631306343778
1990-10-07,11.97,0.97,5.59,1.82,0.38,-2.49,10.28,0.8912064293119729
1990-10-08,3.94,-1.4,1.46,5.96,0.39,-2.86,5.74,0.31506554412837445
1990-10-09,11.32,-3.73,3.69,0.0,0.39,-6.98,18.48,0.9789908992400864
1990-10-10,20.8,1.69,10.25,0.13,0.39,-2.58,18.99,1.9514231711003824
1990-10-11,13.39,0.11,6.76,0.0,0.39,-0.49,12.61,0.9470528955740924
1990-10-12,17.75,-1.65,7.42,0.0,0.38,-1.77,18.22,1.4953106148674777
1990-10-13,24.2,5.0,13.15,0.0,0.38,-6.04,14.71,2.630872908696032
1990-10-14,16.27,2.37,8.39,0.0,0.38,-3.4,17.65,1.3746849072066039
1990-10-15,25.71,3.87,13.99,0.0,0.38,-1.42,16.3,2.7537560310221414
1990-10-16,26.26,7.22,16.32,0.0,0.37,-0.85,17.19,2.8394181425409837
1990-10-17,9.66,-0.18,5.43,0.05,0.37,-8.03,15.37,0.8666776967421402
1990-10-18,20.59,-1.43,8.74,0.0,0.37,-6.82,17.52,2.0586512204953107
1990-10-19,24.14,4.83,13.83,1.0,0.37,2.24,15.55,2.2912300354698116
1990-10-20,3.79,-4.81,0.29,12.51,0.38,-2.55,1.35,0.2949969735184921
1990-10-21,9.67,-5.61,1.54,0.0,0.39,-6.13,15.47,0.8146927403483747
1990-10-22,18.58,0.34,9.25,0.55,0.39,-2.76,16.11,1.642003063729198
1990-10-23,16.86,1.77,8.77,0.01,0.39,1.16,14.65,1.2562734559482829
1990-10-24,16.56,-1.41,7.1,0.0,0.39,-0.13,15.15,1.279308279368008
1990-10-25,21.23,4.89,12.16,0.0,0.39,-1.33,15.49,1.9682112499723439
1990-10-26,24.58,7.51,14.54,0.0,0.38,-0.36,15.13,2.4944058577745416
1990-10-27,16.93,3.29,9.34,0.0,0.38,-3.89,15.07,1.4711138284380139
1990-10-28,24.98,3.55,13.05,0.0,0.38,-1.66,15.28,2.6231739531236977
1990-10-29,24.04,6.96,14.49,0.0,0.38,-1.65,15.4,2.449857798724628
1990-10-30,24.09,6.97,13.64,0.0,0.38,-1.49,15.02,2.4524190444209513
1990-10-31,23.85,5.74,13.63,0.06,0.37,-0.59,14.91,2.3720919502014066
1990-11-01,21.6,9.14,14.09,0.09,0.37,1.09,15.12,1.9191659223153241
1990-11-02,9.89,-1.13,4.74,10.54,0.38,0.79,8.38,0.5721174127070968
1990-11-03,0.42,-6.64,-2.88,5.24,0.38,-5.21,6.76,0.21521740381073168
1990-11-04,5.73,-8.97,-1.51,0.46,0.39,-6.67,9.49,0.5471047512836911
1990-11-05,11.37,-1.21,3.61,0.8,0.39,-2.73,11.07,0.8457667356680654
1990-11-06,-0.31,-7.38,-3.62,1.02,0.39,-6.94,3.36,0.23412828803886176
1990-11-07,2.16,-6.71,-3.25,0.04,0.39,-8.39,8.35,0.3894230461375382
1990-11-08,9.02,-4.5,1.32,0.0,0.39,-5.53,9.42,0.7450890818295621
1990-11-09,14.87,-3.63,4.67,0.0,0.39,-3.63,13.29,1.2240529715836344
1990-11-10,17.48,2.26,8.07,0.0,0.39,-3.46,12.4,1.5243973954040055
1990-11-11,18.49,2.32,8.98,0.0,0.39,-6.27,13.6,1.7461943595018652
1990-11-12,21.5,2.21,9.8,0.0,0.39,-5.42,13.67,2.1564888005552043
1990-11-13,21.53,2.84,9.82,0.0,0.39,-4.8,13.32,2.141513924411066
1990-11-14,22.48,5.04,11.3,0.0,0.38,-4.45,13.2,2.2831816869989767
1990-11-15,20.96,3.84,10.36,0.0,0.38,-2.04,11.96,1.9550509324809313
1990-11-16,10.18,-0.28,4.42,0.0,0.38,-4.0,9.61,0.788592732755292
1990-11-17,19.03,2.62,8.82,0.0,0.38,-1.78,9.16,1.6654486851325743
1990-11-18,16.03,2.5,8.27,0.0,0.38,-0.25,10.89,1.2219978908091098
1990-11-19,17.67,2.55,8.98,0.0,0.38,-0.15,10.25,1.4173856800643359
1990-11-20,17.21,7.04,11.29,0.0,0.38,-0.24,6.48,1.3634541959160025
1990-11-21,8.55,-1.62,3.51,0.0,0.38,-9.6,11.16,0.8187175117414769
1990-11-22,12.36,-2.85,3.64,0.0,0.38,-9.12,10.16,1.1299228594927642
1990-11-23,15.3,-0.83,5.71,0.0,0.38,-7.95,11.0,1.4028912284412378
1990-11-24,18.66,2.86,8.36,0.0,0.37,-9.71,10.85,1.8588626485263822
1990-11-25,21.15,3.51,9.07,0.0,0.37,-8.03,10.84,2.1764260327081586
1990-11-26,14.71,-5.61,4.78,1.09,0.37,-4.57,9.37,1.2386350435724465
1990-11-27,-0.14,-7.51,-4.97,4.54,0.37,-10.46,2.42,0.3291511437610211
1990-11-28,2.91,-7.07,-3.54,0.0,0.37,-12.96,4.52,0.527716780244518
1990-11-29,9.58,-6.38,0.34,0.0,0.38,-10.69,6.32,0.9233784171942657
1990-11-30,10.96,-2.34,3.72,0.01,0.38,-7.89,7.14,0.9719828206938868
1990-12-01,3.49,-5.43,-2.3,0.0,0.38,-8.48,9.93,0.4624629386335912
1990-12-02,4.32,-5.62,-2.21,0.0,0.38,-10.92,3.01,0.566236336277417
1990-12-03,1.86,-5.94,-2.75,0.0,0.38,-13.18,10.74,0.4773823463288204
1990-12-04,10.32,-2.8,2.34,0.0,0.38,-9.07,10.84,0.9470517456202953
1990-12-05,9.92,-2.1,3.25,0.02,0.38,-7.25,6.95,0.8669664263701604
1990-12-06,2.49,-5.23,-2.24,0.0,0.38,-11.48,9.51,0.47690464424221846
1990-12-07,9.55,-3.29,1.56,0.0,0.38,-10.05,9.79,0.9068412348526382
1990-12-08,11.63,-1.72,3.77,0.0,0.38,-9.54,10.66,1.0724024228728604
1990-12-09,13.32,-0.97,4.07,0.0,0.38,-8.68,10.2,1.2123556417775283
1990-12-10,15.3,-1.06,5.3,0.0,0.38,-5.81,10.16,1.342600274726673
1990-12-11,17.3,0.21,6.59,0.0,0.37,-6.88,10.13,1.6101630545886572
1990-12-12,6.84,-2.03,1.91,0.16,0.37,-4.84,4.61,0.5645826657066604
1990-12-13,3.43,-4.66,-1.68,0.1,0.37,-4.7,2.65,0.35033578369265506
1990-12-14,10.34,-3.81,0.84,0.0,0.37,-8.68,7.56,0.9391650638153146
1990-12-15,6.03,-5.89,-1.63,0.0,0.37,-14.26,8.94,0.73457825413093
1990-12-16,8.41,-2.48,1.1,0.0,0.37,-6.06,9.41,0.7146386084644608
1990-12-17,1.23,-4.26,-2.26,0.12,0.37,-7.66,9.8,0.32435651630081375
1990-12-18,9.35,-4.78,0.76,0.05,0.37,-10.02,5.57,0.8902317219517644
1990-12-19,-1.49,-7.15,-5.42,0.1,0.37,-9.32,4.71,0.24615902690987762
1990-12-20,-3.61,-19.61,-10.89,0.22,0.37,-14.63,6.16,0.27138757836598637
1990-12-21,-17.83,-22.05,-19.77,0.33,0.37,-24.97,6.61,0.07002152108464231
1990-12-22,-9.18,-17.54,-14.52,0.0,0.37,-21.98,6.99,0.2000637820365348
1990-12-23,-6.72,-16.56,-11.97,0.0,0.37,-20.52,8.14,0.25013574338716055
1990-12-24,-0.5,-14.14,-7.76,0.0,0.37,-17.12,8.87,0.42944341675894804
1990-12-25,-7.25,-11.77,-9.49,0.0,0.37,-11.93,5.87,0.1095951098242085
1990-12-26,-2.13,-12.39,-8.34,0.15,0.37,-13.33,7.12,0.3038288566108357
1990-12-27,4.82,-11.63,-4.84,0.0,0.37,-14.31,9.86,0.6597684303133614
1990-12-28,1.21,-11.65,-4.86,0.01,0.37,-11.94,3.73,0.42209240949057203
1990-12-29,-12.47,-19.65,-16.14,0.16,0.37,-20.35,5.6,0.11348610134300516
1990-12-30,-0.59,-19.35,-10.31,0.01,0.37,-19.66,9.56,0.45672032375072447
1990-12-31,6.54,-9.5,-1.65,0.0,0.37,-13.1,10.22,0.7479815226996669
1991-01-01,10.04,-3.35,1.02,0.0,0.37,-9.54,10.17,0.934951277700288
1991-01-02,0.12,-9.24,-3.95,0.03,0.37,-9.33,4.07,0.31489601955100927
1991-01-03,-1.76,-10.37,-6.88,0.02,0.37,-10.01,3.03,0.25136884270230575
1991-01-04,-3.84,-9.16,-6.49,0.0,0.37,-9.21,3.49,0.15564034547757044
1991-01-05,1.13,-7.43,-4.23,0.0,0.37,-8.18,8.63,0.3331905696771872
1991-01-06,0.97,-8.59,-4.86,0.0,0.37,-7.71,6.27,0.31328716758542646
1991-01-07,6.53,-8.11,-2.34,0.0,0.37,-8.26,9.79,0.6423292722490945
1991-01-08,6.22,-3.5,-0.61,0.0,0.37,-6.59,10.54,0.5764887015899305
1991-01-09,4.46,-5.79,-1.86,0.0,0.37,-6.11,9.07,0.45299999423229126
1991-01-10,4.55,-5.08,-1.46,0.0,0.37,-6.99,9.23,0.48365762305125165
1991-01-11,5.13,-6.01,-1.43,0.0,0.37,-8.72,11.16,0.5641948579321929
1991-01-12,8.94,-4.66,0.83,0.0,0.37,-6.77,11.32,0.7755931283482311
1991-01-13,10.53,-0.01,3.81,0.07,0.37,-4.41,10.66,0.8318341369111144
1991-01-14,6.33,-3.08,0.67,0.57,0.37,-4.78,10.8,0.528424007721922
1991-01-15,6.64,-3.37,0.46,0.03,0.37,-7.84,11.0,0.6388002048050445
1991-01-16,3.61,-4.17,-1.16,0.01,0.37,-6.47,7.79,0.4147862984292938
1991-01-17,5.43,-3.99,-0.36,0.08,0.37,-8.59,9.08,0.5795421767161526
1991-01-18,8.44,-3.11,0.79,0.0,0.37,-7.17,11.67,0.7487135492889689
1991-01-19,7.01,-5.37,0.0,2.54,0.37,-6.4,11.61,0.6240957409546211
1991-01-20,-1.13,-9.07,-5.18,0.01,0.37,-13.72,4.57,0.3506947097585278
1991-01-21,0.15,-9.91,-5.85,0.02,0.37,-13.47,8.99,0.4014591770088415
1991-01-22,3.26,-7.69,-3.3,0.13,0.37,-11.18,10.65,0.5118085180355756
1991-01-23,-0.06,-10.59,-6.1,1.05,0.37,-11.17,9.09,0.34787456825618446
1991-01-24,3.15,-11.72,-4.97,0.04,0.37,-11.42,4.49,0.5107762740396632
1991-01-25,-4.26,-11.0,-8.04,0.19,0.37,-13.07,9.72,0.22223045490176976
1991-01-26,3.67,-13.13,-5.72,0.0,0.37,-13.38,9.89,0.576927404417361
1991-01-27,3.08,-10.43,-4.03,0.0,0.37,-11.38,11.02,0.5061637288865444
1991-01-28,7.23,-7.67,-2.21,0.15,0.37,-11.07,13.36,0.7554347328203395
1991-01-29,-5.79,-15.37,-10.87,0.3,0.37,-17.45,6.96,0.2414789887369368
1991-01-30,5.35,-9.3,-3.18,0.0,0.37,-14.67,11.56,0.6981155233471078
1991-01-31,10.68,-6.14,0.81,0.04,0.37,-12.77,11.77,1.0563194559396738
1991-02-01,13.8,-1.57,3.35,0.0,0.37,-11.71,11.09,1.3287604194850757
1991-02-02,13.1,-0.67,4.97,0.0,0.37,-9.58,11.8,1.2122249063621937
1991-02-03,11.58,-1.16,2.92,0.0,0.37,-7.68,12.92,1.0213895613587782
1991-02-04,11.63,-1.73,3.6,0.0,0.37,-4.42,12.68,0.928614539141261
1991-02-05,13.38,-1.78,3.69,0.0,0.37,-5.43,13.77,1.127789892571385
1991-02-06,11.52,-2.41,2.7,0.0,0.37,-4.05,13.37,0.9062307231162381
1991-02-07,12.32,-3.0,3.36,0.0,0.37,-3.58,14.13,0.9636061641872726
1991-02-08,13.49,-1.57,4.94,0.0,0.37,-5.16,11.87,1.130373044930438
1991-02-09,12.6,-1.07,4.08,0.0,0.37,-7.25,14.21,1.1045994070613692
1991-02-10,13.48,-2.62,4.0,0.0,0.37,-7.48,14.47,1.1972859972242278
1991-02-11,14.77,-1.66,5.07,0.0,0.37,-9.27,15.02,1.3775703049500316
1991-02-12,14.16,-1.43,5.35,0.0,0.37,-7.48,15.09,1.267113104624338
1991-02-13,8.45,-2.1,2.55,0.0,0.37,-6.6,14.44,0.7334221464337759
1991-02-14,6.54,-6.08,-0.16,0.0,0.37,-8.96,12.84,0.6604865271051983
1991-02-15,12.12,-6.42,1.65,0.0,0.37,-7.74,14.41,1.0724959356683772
1991-02-16,16.67,1.22,7.7,0.26,0.37,-3.04,11.35,1.4094089790084707
1991-02-17,11.31,-2.7,3.52,0.6,0.37,-1.13,9.0,0.7776527810873225
1991-02-18,3.6,-4.71,-1.14,0.03,0.37,-6.31,12.45,0.40957010310068204
1991-02-19,7.49,-5.42,0.26,0.0,0.37,-9.95,16.34,0.7492249947255993
1991-02-20,16.44,-0.18,6.18,0.0,0.37,-6.82,16.9,1.503615662006359
1991-02-21,14.76,-0.79,5.25,0.0,0.37,-6.65,16.55,1.3079342308659088
1991-02-22,14.23,-2.14,5.37,0.0,0.37,-4.95,14.34,1.1998433948168354
1991-02-23,7.89,-4.23,2.61,0.27,0.37,-7.7,13.62,0.7224907299429042
1991-02-24,0.95,-6.11,-2.9,0.71,0.37,-8.55,7.62,0.3340401201698972
1991-02-25,6.15,-6.47,-0.98,0.0,0.37,-10.42,11.14,0.6685325854069863
1991-02-26,5.77,-5.54,-0.27,0.0,0.37,-11.02,17.4,0.6569143845857596
1991-02-27,10.27,-2.79,2.08,0.0,0.37,-11.47,18.42,0.9962850758371671
1991-02-28,16.02,-1.78,6.33,0.0,0.36,-7.03,8.63,1.460098074910197
1991-03-01,14.51,-3.57,6.18,0.01,0.36,-3.6,15.17,1.1841613557484647
1991-03-02,4.04,-7.04,-2.48,0.16,0.36,-8.29,8.96,0.4886687802236008
1991-03-03,14.73,-0.71,6.83,0.0,0.36,-7.86,17.41,1.337893806788223
1991-03-04,18.35,2.25,9.94,0.2,0.36,-4.23,15.9,1.663397298212506
1991-03-05,18.01,2.16,10.57,0.02,0.36,-3.35,10.04,1.5883069816452096
1991-03-06,5.18,-5.42,0.42,1.01,0.36,-9.81,12.87,0.5932863653633613
1991-03-07,2.16,-4.48,-1.89,1.43,0.36,-8.73,5.4,0.3979464803326088
1991-03-08,5.77,-4.06,0.21,0.0,0.36,-11.31,14.97,0.6629656529551983
1991-03-09,13.15,-5.54,3.1,0.0,0.36,-13.93,19.43,1.304483892747951
1991-03-10,20.08,0.47,9.63,0.23,0.36,-6.28,16.46,1.967930057184395
1991-03-11,20.62,2.92,10.76,0.21,0.36,-3.77,19.97,1.9673566464928312
1991-03-12,8.06,-1.9,2.28,1.83,0.36,-9.75,16.46,0.7857335926270794
1991-03-13,8.91,-5.73,0.67,0.0,0.36,-10.75,20.44,0.8719425045565896
1991-03-14,4.41,-5.85,-1.23,0.71,0.36,-8.45,14.21,0.5142102470272578
1991-03-15,4.43,-4.42,-1.48,3.01,0.36,-6.21,4.93,0.45419176973247466
1991-03-16,1.6,-3.48,-1.33,3.56,0.37,-2.97,2.6,0.1949709490414811
1991-03-17,12.06,-4.44,2.83,0.16,0.37,-5.05,13.82,0.9885426871989008
1991-03-18,14.69,-1.68,5.48,0.0,0.37,-6.58,21.95,1.2983606951002893
1991-03-19,13.83,-2.62,6.04,0.22,0.37,-2.69,22.39,1.079979786693071
1991-03-20,16.14,1.05,7.93,1.12,0.37,-7.06,19.19,1.474932481157054
1991-03-21,14.6,-1.58,5.52,2.6,0.37,-4.22,18.13,1.2151318798634063
1991-03-22,9.32,0.72,3.56,3.39,0.38,-2.1,10.15,0.6495973964137164
1991-03-23,14.43,-1.28,6.2,0.0,0.38,-7.35,21.54,1.2920692832412968
1991-03-24,20.74,1.09,11.11,0.15,0.38,-6.05,22.03,2.0588082389302977
1991-03-25,21.67,5.19,13.32,0.51,0.37,-5.98,14.83,2.200370634571708
1991-03-26,20.15,1.56,12.05,5.64,0.37,-3.19,19.76,1.8773564767990933
1991-03-27,11.54,-2.26,4.4,1.29,0.38,-5.89,15.9,0.9670358768789289
1991-03-28,11.81,-3.32,3.86,0.04,0.38,-8.4,22.12,1.0610024932321842
1991-03-29,9.93,-2.34,3.36,6.1,0.38,-4.51,12.34,0.7851039420301655
1991-03-30,12.7,-3.84,3.74,0.19,0.39,-5.67,19.62,1.0684071905597825
1991-03-31,18.41,-1.75,8.37,0.02,0.39,-5.17,24.04,1.7020318325538248
1991-04-01,22.29,1.79,11.72,0.41,0.38,-5.08,23.63,2.2724030392214103
1991-04-02,9.12,2.93,6.18,8.07,0.39,2.8,3.91,0.41032313624640715
1991-04-03,18.25,2.43,9.34,0.12,0.39,1.71,21.51,1.405527365999263
1991-04-04,22.38,2.24,12.39,0.0,0.39,-0.37,23.67,2.111244720694811
1991-04-05,26.11,6.09,15.95,0.0,0.39,-1.63,24.07,2.8413290534470823
1991-04-06,27.63,8.29,17.9,0.0,0.38,-1.57,24.83,3.154821841634567
1991-04-07,22.7,7.25,14.32,0.46,0.38,-0.92,19.67,2.187767481939769
1991-04-08,13.63,1.3,6.88,0.61,0.38,-4.78,20.38,1.1323572661527683
1991-04-09,13.2,-1.52,6.04,0.0,0.37,-10.84,25.93,1.25025038353097
1991-04-10,21.72,0.96,10.74,0.24,0.37,-7.29,20.02,2.245811121648743
1991-04-11,19.26,0.66,9.13,0.76,0.37,-3.16,24.69,1.749481228294621
1991-04-12,16.66,0.92,6.65,1.22,0.37,-2.84,14.56,1.400864172747461
1991-04-13,11.54,-4.26,4.27,0.76,0.37,-5.5,26.61,0.9551332547087192
1991-04-14,13.74,0.53,6.74,0.07,0.37,-5.12,21.95,1.1544775844284596
1991-04-15,21.02,0.43,11.22,0.0,0.37,-5.68,22.96,2.090144646812082
1991-04-16,16.91,1.78,8.62,0.0,0.37,-1.67,14.94,1.3862722257514317
1991-04-17,15.79,1.0,7.3,0.51,0.37,1.84,22.46,1.0964379215830666
1991-04-18,16.98,5.11,8.99,2.5,0.37,3.4,12.19,1.1557250984256924
1991-04-19,14.73,2.22,7.96,0.46,0.37,-0.5,22.3,1.0869993581167785
1991-04-20,16.23,0.45,7.71,1.17,0.37,0.1,4.3,1.229911927977767
1991-04-21,14.69,2.99,7.25,2.66,0.37,1.63,6.89,0.9844336790115941
1991-04-22,17.44,1.01,9.5,0.01,0.37,-2.78,24.2,1.4946981160956476
1991-04-23,17.97,2.74,10.64,0.07,0.37,-3.4,27.84,1.5849015459376314
1991-04-24,18.67,5.24,11.71,0.94,0.37,2.38,20.2,1.4274961563792474
1991-04-25,24.25,5.84,15.44,0.0,0.37,-1.88,24.39,2.496873814725788
1991-04-26,15.31,1.55,9.1,0.01,0.37,-5.86,19.16,1.3452287533612586
1991-04-27,14.68,-1.06,7.01,0.09,0.37,-8.59,23.64,1.351227599472198
1991-04-28,11.87,2.62,6.91,0.27,0.36,-7.32,18.75,1.0380738673423062
1991-04-29,14.28,2.64,8.07,0.18,0.36,-5.13,21.99,1.210848136785914
1991-04-30,11.69,0.12,4.43,2.07,0.36,-4.93,16.42,0.9507290231952836
1991-05-01,20.38,-1.75,10.23,0.21,0.36,-5.77,27.36,1.9966772885444541
1991-05-02,26.07,5.65,14.57,15.19,0.37,4.41,21.23,2.538343699820224
1991-05-03,19.89,0.28,10.1,5.74,0.39,-2.24,22.2,1.8042924429161222
1991-05-04,9.12,1.98,5.19,6.97,0.4,1.95,4.97,0.4542802469185322
1991-05-05,13.2,-0.68,6.68,0.21,0.41,-3.11,21.78,1.0318583661571366
1991-05-06,21.43,1.19,12.79,0.2,0.4,-1.94,26.83,2.023699618333332
1991-05-07,17.52,6.56,12.15,0.32,0.4,3.66,21.07,1.208509850115974
1991-05-08,25.1,5.91,16.08,0.0,0.39,3.06,28.33,2.4256965830010078
1991-05-09,30.13,8.86,19.91,0.0,0.39,5.23,25.63,3.388390793333572
1991-05-10,28.73,13.51,20.49,0.0,0.38,10.76,26.74,2.6516807869069794
1991-05-11,28.48,14.44,21.87,0.01,0.38,11.36,25.23,2.542407846278097
1991-05-12,25.34,9.48,17.32,0.0,0.37,-3.32,28.38,2.7544486654882996
1991-05-13,26.02,6.12,16.91,0.0,0.37,-4.39,27.34,2.9243227800145517
1991-05-14,31.37,10.35,21.5,0.12,0.36,0.37,29.04,3.9606524844679805
1991-05-15,28.26,11.62,19.63,1.16,0.36,3.59,25.53,3.0474431329237377
1991-05-16,20.93,8.77,14.35,2.21,0.36,6.51,9.16,1.5076873299970077
1991-05-17,23.25,7.91,15.29,0.11,0.36,4.98,22.5,1.9811067899743249
1991-05-18,26.69,9.44,18.53,0.23,0.36,9.14,11.03,2.3420453193504787
1991-05-19,29.53,14.08,21.17,0.98,0.36,9.86,27.73,2.9135218637428766
1991-05-20,26.6,13.18,20.25,0.7,0.36,10.22,23.29,2.2363395403242055
1991-05-21,23.61,15.1,19.1,0.46,0.36,10.43,23.25,1.650980107406442
1991-05-22,28.06,13.64,20.25,6.06,0.36,9.32,23.1,2.6200395302770074
1991-05-23,24.29,12.05,17.95,12.21,0.37,9.75,24.76,1.8287109015071898
1991-05-24,18.36,11.62,14.91,8.0,0.4,10.62,15.08,0.8312525060598239
1991-05-25,25.3,11.53,17.68,2.09,0.4,8.81,28.56,2.091420175116233
1991-05-26,28.07,11.14,19.97,2.0,0.4,8.65,27.79,2.6741680979245777
1991-05-27,27.52,10.66,18.36,6.18,0.4,7.23,17.25,2.657772315227322
1991-05-28,26.72,8.95,18.36,7.41,0.4,9.38,13.12,2.3293228046936427
1991-05-29,25.86,8.8,17.88,1.42,0.4,7.93,26.59,2.2660558414510685
1991-05-30,29.46,11.07,20.56,0.83,0.4,1.64,28.13,3.425733265210769
1991-05-31,28.4,11.01,19.82,1.33,0.39,6.59,29.5,2.894863523247889
1991-06-01,25.5,11.04,17.65,2.03,0.39,7.27,23.35,2.2427714960768537
1991-06-02,22.38,7.72,15.75,5.55,0.39,7.19,25.86,1.6907872596588243
1991-06-03,24.38,8.9,16.84,2.8,0.39,6.35,18.2,2.094645260922329
1991-06-04,27.86,9.94,19.59,0.12,0.39,6.08,29.98,2.8089257314754854
1991-06-05,29.1,12.67,21.09,6.36,0.39,10.46,24.47,2.7625532033837272
1991-06-06,21.44,15.32,18.08,9.9,0.4,13.29,18.21,1.0285989561932958
1991-06-07,24.13,14.38,18.04,1.38,0.4,10.46,24.72,1.7409487960201238
1991-06-08,30.04,12.49,21.74,0.73,0.4,10.48,29.91,2.984786620359844
1991-06-09,31.19,15.16,22.57,2.1,0.39,11.33,30.37,3.19962867457844
1991-06-10,21.78,14.14,18.06,3.13,0.39,12.92,29.94,1.118733824189303
1991-06-11,28.37,12.23,21.16,0.08,0.39,10.34,30.55,2.605909345872743
1991-06-12,31.66,13.86,23.25,0.01,0.38,8.95,30.88,3.519992038551488
1991-06-13,32.06,13.61,23.44,1.89,0.38,9.02,28.91,3.621307842454007
1991-06-14,23.3,15.82,19.25,0.99,0.38,11.59,17.06,1.4957286495440962
1991-06-15,26.0,14.53,19.94,0.29,0.38,7.93,29.56,2.293774736059782
1991-06-16,30.74,13.61,22.15,0.83,0.37,9.47,26.36,3.241492935629462
1991-06-17,33.28,14.16,24.39,0.0,0.37,5.45,28.38,4.209595665332663
1991-06-18,31.69,14.0,23.4,3.19,0.37,9.73,30.85,3.4661919992467394
1991-06-19,30.16,17.41,23.59,2.33,0.37,13.65,12.7,2.7195048113312197
1991-06-20,35.12,18.72,26.53,0.09,0.37,6.45,30.41,4.695435796833796
1991-06-21,27.95,16.41,21.44,3.35,0.37,14.2,27.26,2.149468452027242
1991-06-22,26.55,14.96,20.05,7.51,0.38,13.62,22.09,1.9126820175539283
1991-06-23,30.64,14.82,21.84,1.35,0.38,12.21,15.51,2.9792277164447425
1991-06-24,34.46,16.19,24.96,0.08,0.37,7.25,17.78,4.437834246501863
1991-06-25,37.29,15.47,27.94,0.0,0.37,0.74,26.05,5.730121515360251
1991-06-26,37.48,18.46,28.0,0.21,0.36,5.04,24.43,5.565986248428671
1991-06-27,34.42,15.81,26.03,0.13,0.36,4.62,29.63,4.5954797427348195
1991-06-28,36.68,19.49,28.84,0.01,0.36,7.37,28.46,5.138670566563963
1991-06-29,33.86,19.51,26.5,0.51,0.35,9.52,23.05,4.0889169663792515
1991-06-30,35.75,20.22,27.78,0.58,0.35,7.69,28.96,4.809660873678177
1991-07-01,31.14,17.55,24.05,2.21,0.35,7.63,30.91,3.4824907408916377
1991-07-02,29.2,16.92,22.93,9.72,0.36,12.32,27.79,2.6197735712887775
1991-07-03,28.62,14.26,21.74,0.96,0.37,7.57,30.3,2.8767954820535464
1991-07-04,32.93,13.94,24.78,0.0,0.36,3.85,30.29,4.205716121363649
1991-07-05,37.58,18.36,28.65,0.01,0.36,4.99,27.76,5.604074584367922
1991-07-06,38.92,17.74,28.52,0.6,0.36,6.61,24.42,5.986156626173751
1991-07-07,32.79,20.54,26.25,1.87,0.35,9.84,18.99,3.756339825448495
1991-07-08,29.02,16.44,22.81,5.01,0.36,13.49,22.12,2.463850329632375
1991-07-09,31.11,17.34,24.42,5.07,0.36,13.67,24.45,2.956112815485289
1991-07-10,31.78,18.1,24.56,8.72,0.38,14.43,27.82,3.052219424718266
1991-07-11,30.17,16.92,23.31,3.51,0.38,12.03,29.19,2.8792734174915857
1991-07-12,28.86,16.02,22.72,2.34,0.38,12.34,21.58,2.5390635867092035
1991-07-13,28.27,17.13,22.53,1.5,0.38,11.14,27.46,2.514782351013654
1991-07-14,30.5,14.23,22.73,0.01,0.38,10.94,17.99,3.05879151390858
1991-07-15,33.59,16.28,24.67,0.0,0.37,13.29,30.42,3.672604974142362
1991-07-16,35.29,16.36,26.47,0.02,0.37,12.22,27.55,4.290392560454158
1991-07-17,36.3,18.2,27.81,0.06,0.36,11.28,27.51,4.702140053840992
1991-07-18,35.23,18.3,27.02,4.6,0.36,12.05,27.57,4.287358564980832
1991-07-19,28.47,18.47,23.73,5.81,0.37,15.54,25.36,2.1190677510349154
1991-07-20,33.52,18.1,26.0,2.65,0.37,14.48,29.05,3.529650184421089
1991-07-21,31.88,18.34,25.27,5.89,0.37,15.06,25.48,3.0106828182545686
1991-07-22,23.56,16.49,20.22,33.33,0.42,17.12,8.79,0.9535008216126715
1991-07-23,18.15,11.46,15.24,26.02,0.48,13.36,6.35,0.5501277256695187
1991-07-24,20.71,10.88,15.77,0.15,0.48,11.09,22.06,1.1224594083624617
1991-07-25,22.08,12.71,17.05,4.43,0.47,10.79,22.72,1.3623489247255887
1991-07-26,25.8,13.88,19.79,1.52,0.46,13.18,26.43,1.8064047774402632
1991-07-27,26.92,13.31,20.78,0.14,0.45,11.99,29.19,2.1470015455010083
1991-07-28,29.2,15.0,22.24,0.4,0.43,11.71,28.64,2.6762405444927904
1991-07-29,32.38,15.56,24.34,0.05,0.42,11.13,25.79,3.5337328711175418
1991-07-30,34.17,15.85,25.87,1.38,0.41,9.41,26.09,4.189567038836214
1991-07-31,31.88,16.97,24.54,0.0,0.4,10.63,27.97,3.4418523557142313
1991-08-01,32.16,18.32,25.44,2.79,0.39,13.79,27.5,3.2209853042375016
1991-08-02,29.47,18.86,23.19,10.68,0.4,14.64,25.06,2.4495491378404597
1991-08-03,20.59,13.37,17.41,3.51,0.41,13.93,8.27,0.833700076996774
1991-08-04,26.71,13.17,19.36,1.27,0.41,13.59,7.62,1.9485642109382324
1991-08-05,30.68,15.18,22.47,0.43,0.4,13.7,20.22,2.8436442650921743
1991-08-06,28.78,18.08,23.57,1.69,0.4,13.96,27.14,2.360571605363525
1991-08-07,30.46,16.01,23.32,0.01,0.4,9.83,27.66,3.1422651748943364
1991-08-08,29.88,15.67,22.84,0.61,0.39,10.67,25.95,2.9297526531233244
1991-08-09,27.54,12.68,20.42,0.14,0.39,10.79,21.86,2.385359879651838
1991-08-10,27.42,14.04,20.79,1.36,0.38,11.76,27.28,2.273618165546001
1991-08-11,27.25,15.68,20.9,11.66,0.39,14.75,24.75,1.9398762570106034
1991-08-12,25.18,16.03,19.74,7.45,0.41,16.3,10.22,1.348478402016855
1991-08-13,23.65,13.99,18.81,3.62,0.41,13.87,9.31,1.3366351784747916
1991-08-14,28.09,12.55,20.0,0.7,0.41,11.99,26.24,2.3981443622529848
1991-08-15,32.7,14.39,23.67,2.81,0.4,12.17,25.15,3.5277549488384405
1991-08-16,29.59,17.14,22.86,2.08,0.4,11.88,27.1,2.7527924255431877
1991-08-17,27.39,16.27,21.98,5.32,0.4,12.7,21.85,2.1791029512399147
1991-08-18,27.27,17.33,22.15,4.01,0.41,13.67,21.76,2.0575162742922215
1991-08-19,23.08,16.46,19.69,5.49,0.41,14.29,20.7,1.19412149655794
1991-08-20,29.23,14.6,22.29,0.18,0.41,11.55,24.67,2.697743839191638
1991-08-21,31.09,15.69,23.32,0.0,0.4,9.66,25.92,3.3153986934948447
1991-08-22,33.86,16.35,25.13,0.49,0.39,9.16,22.18,4.11740738733652
1991-08-23,33.06,17.22,24.82,0.04,0.39,8.97,25.43,3.9013656790758917
1991-08-24,33.51,16.58,25.48,0.02,0.38,11.33,24.62,3.8340545157921264
1991-08-25,33.1,17.18,25.18,0.0,0.38,11.09,25.51,3.737843433303188
1991-08-26,33.06,16.27,24.71,0.0,0.38,11.66,25.42,3.6756744179905647
1991-08-27,33.01,17.29,25.01,2.08,0.37,11.09,24.82,3.712381911789854
1991-08-28,30.89,16.78,23.65,5.74,0.38,13.68,24.62,2.898825329737511
1991-08-29,28.48,17.11,22.69,0.78,0.38,11.49,20.9,2.530779615272049
1991-08-30,29.43,15.72,22.36,0.0,0.38,10.7,24.0,2.8195340093730046
1991-08-31,28.55,14.22,21.09,0.0,0.38,8.37,23.65,2.80257603341874
1991-09-01,27.45,14.02,20.95,0.0,0.37,11.14,23.25,2.3355749406360182
1991-09-02,31.27,14.16,23.11,0.23,0.37,11.9,24.31,3.168770340533495
1991-09-03,27.86,18.14,22.07,0.08,0.37,13.1,23.49,2.2416303946119767
1991-09-04,22.2,15.66,18.63,0.25,0.37,13.5,21.44,1.1288664166369136
1991-09-05,31.32,13.58,22.27,0.02,0.37,9.6,23.44,3.3796552718696193
1991-09-06,26.69,14.99,20.85,0.26,0.37,13.47,17.2,1.9565640172609584
1991-09-07,30.45,16.04,22.68,0.07,0.37,10.37,21.4,3.095077057179588
1991-09-08,30.42,15.62,22.64,0.42,0.36,7.54,22.53,3.3067390884211436
1991-09-09,28.65,13.08,21.0,1.36,0.36,9.12,23.46,2.767966383211825
1991-09-10,23.35,16.3,19.29,2.96,0.37,14.23,13.34,1.2468424495987067
1991-09-11,29.0,15.07,21.8,0.25,0.37,12.11,21.61,2.5929079854384263
1991-09-12,27.26,15.73,20.7,2.82,0.37,13.63,19.13,2.059463708065018
1991-09-13,27.0,13.98,19.93,1.75,0.37,10.71,20.89,2.277717631711615
1991-09-14,26.61,11.27,18.8,0.04,0.37,4.58,23.05,2.6375079296595567
1991-09-15,20.45,8.61,13.24,0.56,0.37,1.5,20.44,1.7234288542423029
1991-09-16,24.45,7.65,15.5,0.0,0.37,1.57,21.44,2.381249514689751
1991-09-17,23.4,8.39,15.0,0.0,0.37,1.8,21.41,2.1825251804854084
1991-09-18,16.92,5.74,10.37,0.0,0.37,0.81,10.89,1.2801684719973614
1991-09-19,18.99,4.58,11.56,0.0,0.37,1.12,17.16,1.5336046690829779
1991-09-20,24.42,4.46,13.67,0.0,0.37,4.36,21.07,2.2258727075787466
1991-09-21,29.51,9.21,18.53,0.0,0.37,2.54,21.3,3.391878493987341
1991-09-22,17.52,4.63,10.35,0.0,0.36,-0.9,20.82,1.4305808726752036
1991-09-23,22.12,5.41,12.02,0.0,0.36,-3.04,17.41,2.175164959587455
1991-09-24,18.41,3.39,10.61,0.0,0.36,-2.63,20.49,1.6144844887781091
1991-09-25,23.42,7.83,14.54,0.0,0.36,-0.39,21.01,2.2879234568367766
1991-09-26,25.82,6.68,16.03,0.0,0.36,2.48,20.23,2.5955857171316383
1991-09-27,27.01,9.87,17.62,0.0,0.36,0.87,19.15,2.916858856353291
1991-09-28,27.32,12.82,18.8,0.09,0.36,4.86,18.97,2.76900110196615
1991-09-29,28.5,11.06,19.39,0.14,0.36,7.07,18.63,2.884695331183015
1991-09-30,16.03,8.89,12.39,0.56,0.36,7.63,11.2,0.7757405634870833
1991-10-01,27.11,8.98,17.69,0.0,0.36,3.36,20.14,2.8110667648108545
1991-10-02,26.16,11.51,17.65,0.0,0.36,1.74,19.41,2.70074542792038
1991-10-03,24.25,8.21,15.63,0.01,0.36,1.37,18.19,2.354534009861945
1991-10-04,9.21,0.88,4.85,0.85,0.36,-3.81,9.72,0.7036495275965158
1991-10-05,14.15,-1.82,5.61,0.01,0.36,-6.87,18.5,1.2492370525966265
1991-10-06,19.91,-0.43,9.0,0.02,0.36,-4.9,18.47,1.900899947970957
1991-10-07,26.6,6.14,15.78,0.0,0.36,-4.12,18.25,3.0323506825396307
1991-10-08,27.24,9.08,16.95,0.0,0.36,-2.0,15.88,3.088439552676543
1991-10-09,25.9,6.85,15.85,0.0,0.35,0.47,18.13,2.7096089710249265
1991-10-10,25.73,8.32,16.61,0.0,0.35,-0.86,16.26,2.7345483122495926
1991-10-11,24.98,9.7,16.06,0.0,0.35,-0.69,18.32,2.5832055997464645
1991-10-12,28.56,9.04,17.86,0.0,0.35,-0.58,17.33,3.3194499723510584
1991-10-13,18.49,5.34,13.22,0.0,0.35,-2.47,15.63,1.619101897993466
1991-10-14,21.04,3.04,11.7,0.0,0.35,-2.91,15.18,2.0001965213036104
1991-10-15,22.67,6.72,14.39,0.0,0.35,0.7,16.28,2.111221521645522
1991-10-16,29.38,9.62,18.18,0.0,0.35,-3.04,16.04,3.6063205775766822
1991-10-17,27.56,10.1,17.83,0.0,0.35,-2.61,16.09,3.1800972331245614
1991-10-18,11.46,1.73,6.05,0.0,0.35,-5.18,17.02,0.9379425644966894
1991-10-19,19.36,2.52,9.4,0.0,0.35,-5.58,15.12,1.8442497235153037
1991-10-20,19.4,3.67,10.78,0.0,0.35,-2.44,14.26,1.7423524405454667
1991-10-21,24.02,5.39,14.02,0.0,0.35,-2.76,16.87,2.4890325109445435
1991-10-22,24.45,7.27,14.58,0.0,0.35,-4.24,16.63,2.6193520257074163
1991-10-23,22.38,1.73,10.67,0.34,0.35,-0.34,15.83,2.109941319433407
1991-10-24,12.18,2.45,6.91,0.18,0.35,1.89,10.94,0.7191923433930002
1991-10-25,12.75,-0.53,5.31,0.0,0.35,-1.74,11.24,0.935805409884371
1991-10-26,17.99,1.2,8.84,0.0,0.35,-2.2,15.8,1.543038553304368
1991-10-27,20.51,4.99,12.0,0.99,0.35,-1.39,15.3,1.8614238188675678
1991-10-28,9.34,-9.14,-0.37,3.78,0.36,-4.73,4.6,0.7448065953683237
1991-10-29,-1.14,-9.98,-6.38,0.42,0.36,-13.73,11.41,0.3504551151951071
1991-10-30,-7.0,-10.46,-8.7,10.26,0.36,-12.28,2.52,0.12334365380376736
1991-10-31,-3.04,-10.6,-6.82,6.27,0.36,-10.17,1.61,0.20628505294097166
1991-11-01,-3.92,-12.9,-8.47,0.31,0.36,-12.33,5.37,0.21995936903665256
1991-11-02,-6.47,-17.83,-13.31,0.11,0.36,-18.49,6.0,0.23447844926087652
1991-11-03,1.64,-17.85,-8.12,0.04,0.36,-15.44,5.98,0.504042909501952
1991-11-04,6.47,-9.03,-1.1,0.05,0.37,-8.15,6.76,0.6354984750162866
1991-11-05,8.13,-0.81,2.8,0.99,0.38,-1.76,12.9,0.5454509180471409
1991-11-06,6.64,-4.92,0.67,1.28,0.39,-2.51,5.28,0.4695308173997722
1991-11-07,6.91,-4.99,-0.19,0.76,0.39,-4.85,10.26,0.5696851593538708
1991-11-08,13.32,-3.3,3.54,0.0,0.39,-4.32,12.78,1.0859810267706624
1991-11-09,19.06,2.55,8.78,0.09,0.39,0.29,12.88,1.5818200315617892
1991-11-10,6.32,0.23,2.68,0.5,0.39,0.12,6.06,0.3398744462562461
1991-11-11,9.24,-0.51,3.51,0.17,0.39,-2.54,9.83,0.6601093684480834
1991-11-12,19.19,-0.62,7.15,0.0,0.39,-7.9,13.32,1.8865930350408289
1991-11-13,19.71,1.84,8.41,0.0,0.38,-6.78,13.33,1.929094257161174
1991-11-14,11.93,0.09,4.38,0.06,0.38,-3.45,10.62,0.9226823625859223
1991-11-15,2.81,-2.63,-0.4,5.31,0.38,-2.49,3.7,0.23902348423640962
1991-11-16,-1.14,-8.32,-3.57,17.56,0.38,-4.62,3.28,0.12845686189982725
1991-11-17,1.79,-8.39,-3.14,2.39,0.39,-4.71,5.39,0.26456319589712757
1991-11-18,4.74,-3.1,1.09,2.43,0.4,-1.98,4.4,0.3284140584371037
1991-11-19,3.83,-5.6,-1.02,0.54,0.41,-3.99,9.26,0.348979041447056
1991-11-20,11.8,-6.52,1.1,0.0,0.41,-6.64,11.75,1.012647805331032
1991-11-21,11.23,-0.41,4.32,1.51,0.42,-1.07,10.88,0.7680772650647151
1991-11-22,-0.02,-6.96,-3.59,0.24,0.42,-7.63,5.54,0.2657769106832927
1991-11-23,1.23,-7.0,-4.0,0.0,0.41,-12.11,8.81,0.4263891141639843
1991-11-24,4.78,-6.4,-1.33,0.0,0.41,-9.28,7.98,0.5565564669314558
1991-11-25,8.84,-0.45,2.41,0.0,0.41,-4.73,11.7,0.7058185139185301
1991-11-26,8.39,-2.47,2.39,0.0,0.41,-3.11,10.33,0.6159786404800762
1991-11-27,12.76,-1.62,4.28,0.0,0.41,-2.62,9.61,0.9707264154382034
1991-11-28,2.39,-3.03,-0.85,1.09,0.4,-3.15,2.3,0.24140998737131547
1991-11-29,-1.26,-6.12,-3.75,1.91,0.4,-6.65,2.45,0.18576885817161637
1991-11-30,-4.76,-8.86,-7.02,0.13,0.4,-13.68,5.56,0.21655733250382042
1991-12-01,-2.43,-10.39,-6.98,1.2,0.4,-12.99,4.28,0.28618454040393093
1991-12-02,-2.09,-10.77,-6.04,0.0,0.4,-10.19,3.86,0.24247312731707676
1991-12-03,3.18,-8.32,-2.92,0.0,0.4,-10.28,7.61,0.4880737951187395
1991-12-04,8.7,-3.87,1.26,0.11,0.4,-5.73,10.83,0.7266067512626803
1991-12-05,6.57,-2.38,1.31,0.0,0.4,-5.65,10.73,0.5718238122110024
1991-12-06,13.29,-0.65,4.12,0.0,0.4,-5.7,10.65,1.1271141820646975
1991-12-07,11.89,-1.23,3.32,0.0,0.4,-6.7,10.5,1.0226105111866224
1991-12-08,9.1,-2.68,1.64,0.0,0.4,-4.2,10.53,0.7083743193256704
1991-12-09,8.47,-3.85,0.87,0.0,0.4,-7.26,7.35,0.7534420201099925
1991-12-10,8.68,-3.62,1.59,0.44,0.39,-6.71,9.38,0.7539491683072331
1991-12-11,2.05,-3.8,-1.37,6.91,0.39,-5.36,5.7,0.29837017873623056
1991-12-12,4.78,-4.04,-0.39,3.66,0.4,-5.74,7.93,0.46091686088776324
1991-12-13,4.84,-8.72,-1.37,0.0,0.4,-9.14,8.78,0.5568134953891581
1991-12-14,5.66,-8.56,-3.06,0.0,0.4,-11.0,10.18,0.6494939988640476
1991-12-15,5.77,-5.31,-0.93,0.0,0.4,-8.75,10.3,0.6050026526918255
1991-12-16,8.35,-2.28,2.01,0.0,0.4,-8.74,9.36,0.7830427699535571
1991-12-17,3.99,-3.78,-1.14,0.0,0.4,-7.19,9.67,0.45660993089609436
1991-12-18,2.11,-5.83,-2.04,0.21,0.4,-7.0,8.98,0.3498662768683979
1991-12-19,6.3,-4.38,-0.08,0.07,0.4,-3.68,2.92,0.48938714473537576
1991-12-20,4.11,-2.88,-0.31,0.0,0.4,-3.66,8.01,0.35355712300426617
1991-12-21,7.62,-4.04,0.7,0.0,0.4,-2.29,9.76,0.5291231077526309
1991-12-22,2.06,-0.86,0.28,6.39,0.4,-3.82,1.51,0.24822332885724674
1991-12-23,3.0,-5.09,-1.59,0.03,0.4,-6.18,7.29,0.37286735706724256
1991-12-24,6.0,-5.33,-1.44,0.99,0.4,-6.18,7.84,0.5502104303632189
1991-12-25,3.83,-6.09,-2.19,0.0,0.4,-7.23,8.43,0.4486032886609895
1991-12-26,3.02,-6.12,-1.99,0.0,0.4,-6.06,9.0,0.37038553116456263
1991-12-27,3.96,-6.01,-1.85,0.0,0.4,-5.51,8.0,0.4058331793066826
1991-12-28,5.39,-7.19,-2.02,0.0,0.4,-6.93,6.36,0.5330368829440375
1991-12-29,5.68,-4.57,-0.68,0.0,0.4,-7.3,9.85,0.5615350610989565
1991-12-30,5.23,-4.98,-0.48,0.01,0.4,-5.38,10.5,0.4772391838319985
1991-12-31,-0.07,-4.04,-2.61,9.62,0.4,-4.24,1.98,0.16157847495430777
1992-01-01,0.97,-7.38,-3.38,1.28,0.41,-6.36,6.73,0.27567268925440724
1992-01-02,5.09,-7.67,-2.19,0.0,0.41,-9.44,9.51,0.579150599112737
1992-01-03,4.41,-4.04,-1.03,0.0,0.41,-7.89,10.59,0.4997856806223516
1992-01-04,4.34,-2.21,-0.09,0.12,0.41,-4.3,8.41,0.38882828080708143
1992-01-05,7.24,-3.61,0.4,0.0,0.41,-5.55,10.66,0.6145826081256
1992-01-06,6.88,-2.64,1.13,0.01,0.41,-1.78,9.26,0.45757240163615
1992-01-07,0.54,-5.81,-1.5,5.58,0.42,-3.45,3.18,0.16180472938594637
1992-01-08,-0.21,-8.19,-5.16,0.49,0.42,-10.94,8.94,0.3364273972517877
1992-01-09,2.73,-7.56,-3.3,0.08,0.41,-9.32,9.25,0.4418715101313508
1992-01-10,8.64,-5.15,0.32,0.0,0.42,-6.23,10.54,0.7370115414516731
1992-01-11,5.92,-1.29,1.65,0.3,0.42,-4.68,11.03,0.498420005987781
1992-01-12,-1.18,-4.16,-2.41,4.74,0.42,-4.89,3.5,0.13558703890099455
1992-01-13,0.28,-10.5,-6.14,0.01,0.41,-10.34,8.56,0.3452620470798154
1992-01-14,2.71,-11.01,-4.22,1.28,0.41,-10.17,7.22,0.46042989681265795
1992-01-15,-2.66,-18.37,-10.1,0.01,0.41,-18.27,6.21,0.35755831925727105
1992-01-16,8.44,-6.63,-0.6,0.0,0.41,-8.78,9.35,0.7907646786007785
1992-01-17,0.75,-6.28,-3.28,0.24,0.42,-9.12,7.95,0.3386703810581474
1992-01-18,0.29,-10.79,-5.74,0.0,0.41,-11.56,10.37,0.371571324798442
1992-01-19,7.14,-7.17,-1.05,0.06,0.41,-10.42,11.2,0.7351981637012923
1992-01-20,9.88,-3.55,0.97,0.26,0.42,-8.19,11.79,0.8886751175870684
1992-01-21,7.07,-2.88,0.75,0.0,0.42,-7.55,11.03,0.6604047256540297
1992-01-22,3.5,-4.37,-0.89,0.0,0.41,-11.21,11.41,0.5256508105711939
1992-01-23,5.17,-5.98,-1.39,0.0,0.41,-9.4,10.43,0.5831167458456379
1992-01-24,12.28,-1.74,2.88,0.0,0.41,-7.25,10.38,1.0742416355308408
1992-01-25,8.07,-2.46,1.53,0.0,0.41,-5.28,11.08,0.6655895565542347
1992-01-26,9.25,-1.53,1.94,0.0,0.41,-4.96,12.56,0.7451369714334295
1992-01-27,7.83,-1.35,1.67,0.0,0.41,-5.66,12.03,0.65988206646366
1992-01-28,12.81,-2.25,3.2,0.0,0.41,-7.33,12.76,1.1270177910382628
1992-01-29,11.98,-0.75,3.78,0.0,0.41,-5.35,12.88,0.9906027338833152
1992-01-30,12.46,-1.45,4.02,0.0,0.41,-7.74,13.11,1.1044729823004247
1992-01-31,16.21,0.33,6.64,0.02,0.4,-5.62,12.76,1.441065555039751
1992-02-01,14.64,0.2,5.76,0.0,0.4,-4.39,12.9,1.225127437364856
1992-02-02,9.64,-1.48,3.35,0.04,0.4,-3.55,8.88,0.7287672445434713
1992-02-03,1.82,-3.22,-0.01,2.53,0.4,-2.73,5.29,0.19701898711353888
1992-02-04,4.12,-4.02,-1.13,0.09,0.41,-7.12,11.15,0.4621429151163299
1992-02-05,6.43,-4.24,0.67,0.0,0.41,-8.98,12.83,0.6536390161605365
1992-02-06,6.03,-3.95,0.48,0.0,0.41,-9.39,12.88,0.6372168429797289
1992-02-07,7.09,-4.33,-0.18,0.0,0.4,-8.94,14.07,0.6974153710116322
1992-02-08,5.15,-5.8,-1.18,0.0,0.4,-7.11,5.44,0.5231971828348205
1992-02-09,12.16,-1.33,3.69,0.0,0.4,-4.39,14.15,0.9763368676579172
1992-02-10,9.41,-2.98,1.72,0.0,0.4,-5.66,14.82,0.7797202984182834
1992-02-11,6.83,-2.76,0.83,0.05,0.4,-1.65,4.14,0.4489921925926619
1992-02-12,10.58,-3.05,2.48,0.0,0.4,-4.86,10.82,0.8508364610639592
1992-02-13,12.0,-2.1,3.6,0.0,0.4,-4.94,12.74,0.9794643581493204
1992-02-14,9.05,-2.04,2.55,0.04,0.4,-2.23,9.54,0.6334456588365237
1992-02-15,10.3,-2.15,2.84,0.0,0.4,-6.52,15.75,0.8778935438784758
1992-02-16,8.84,-1.71,2.23,0.67,0.4,-6.23,11.19,0.752285070316353
1992-02-17,4.64,-2.14,0.9,0.31,0.4,-6.04,8.39,0.461578547300998
1992-02-18,6.22,-3.85,0.16,0.0,0.4,-9.89,16.99,0.6612344044003892
1992-02-19,11.83,-3.77,2.54,0.0,0.4,-9.73,16.45,1.095030139794407
1992-02-20,14.46,-0.65,5.69,0.0,0.4,-3.97,13.56,1.191667518322838
1992-02-21,14.09,1.77,6.03,0.0,0.4,-0.46,11.73,1.0173133643695156
1992-02-22,14.25,-0.47,6.78,0.44,0.4,-1.57,14.91,1.0802901745121791
1992-02-23,5.39,-2.43,2.0,3.43,0.4,-1.03,6.64,0.32984250407424054
1992-02-24,8.99,-6.27,0.36,0.07,0.4,-7.69,17.22,0.8047514067305095
1992-02-25,6.36,-2.45,1.3,0.0,0.4,-4.94,12.1,0.5355736123259817
1992-02-26,11.72,-2.69,4.65,0.0,0.4,-4.01,12.66,0.9229589980987856
1992-02-27,14.81,-0.04,6.9,0.0,0.4,-1.5,16.13,1.1373453397203004
1992-02-28,17.56,2.38,8.86,0.0,0.4,-4.78,18.35,1.5793086328837356
1992-02-29,20.18,1.09,9.49,0.0,0.4,-5.36,18.42,1.9546626359316766
1992-03-01,20.28,1.77,10.09,0.0,0.39,-3.67,14.53,1.9134464130160493
1992-03-02,18.58,3.15,9.62,0.01,0.39,-2.58,17.9,1.6352787718099737
1992-03-03,18.16,3.83,10.45,1.68,0.39,0.51,12.85,1.450998929591706
1992-03-04,11.69,1.02,7.5,12.77,0.42,3.86,8.33,0.5688676620909989
1992-03-05,8.14,0.28,3.78,2.57,0.42,1.58,6.63,0.39832979760054676
1992-03-06,15.17,-0.77,6.92,0.28,0.42,-2.13,18.6,1.2017440259865249
1992-03-07,17.08,2.09,8.99,0.05,0.42,-2.67,15.35,1.4457539767039866
1992-03-08,17.4,-0.99,7.68,5.92,0.42,2.34,10.07,1.2644002223395283
1992-03-09,-0.8,-7.72,-4.45,4.39,0.42,-10.17,5.13,0.2942588819308735
1992-03-10,6.27,-8.26,-1.55,0.87,0.42,-7.86,11.09,0.6146999681493421
1992-03-11,10.69,-3.06,2.97,0.05,0.42,-4.24,15.03,0.8397908669206607
1992-03-12,11.8,-1.16,4.85,0.04,0.42,-1.98,15.13,0.855982494346015
1992-03-13,17.13,0.17,7.64,0.0,0.42,-2.49,20.46,1.4451654530474887
1992-03-14,16.56,-0.08,7.43,0.0,0.41,-2.68,19.24,1.3829060124200687
1992-03-15,17.73,1.07,9.02,0.0,0.41,-0.6,19.44,1.4445709671579166
1992-03-16,19.27,3.63,10.74,0.0,0.41,-2.78,20.33,1.73695443790065
1992-03-17,8.98,0.35,3.93,0.02,0.41,-0.27,6.52,0.547608600288149
1992-03-18,5.9,-1.21,1.77,0.23,0.41,-1.77,11.12,0.3921983468576373
1992-03-19,9.3,-3.18,2.82,0.2,0.4,-3.44,15.04,0.6977607228943976
1992-03-20,15.1,-2.66,5.99,0.01,0.4,-5.27,19.91,1.3037379593460692
1992-03-21,8.22,-2.79,1.81,1.23,0.4,-5.21,13.49,0.6744424336227113
1992-03-22,8.37,-4.93,0.9,0.11,0.4,-8.16,20.38,0.769883674731908
1992-03-23,15.1,-1.97,6.5,0.01,0.4,-2.53,21.97,1.2092811966826655
1992-03-24,11.03,0.31,5.17,0.02,0.4,-0.96,19.22,0.7459133348153629
1992-03-25,15.41,-3.8,5.95,0.0,0.4,-4.75,20.79,1.3216445211044883
1992-03-26,16.83,-0.31,8.61,0.02,0.4,-5.26,21.63,1.504019320828924
1992-03-27,15.69,1.71,8.25,4.18,0.4,3.19,13.15,1.0145486340861036
1992-03-28,9.81,3.6,6.56,7.16,0.41,4.1,8.89,0.3934125041664952
1992-03-29,11.68,-2.15,4.13,0.0,0.42,-5.62,24.25,0.9714873277766255
1992-03-30,17.0,-3.54,6.69,0.0,0.41,-4.79,24.73,1.5097881804894941
1992-03-31,10.76,-4.59,4.56,0.04,0.41,-4.59,15.46,0.8574452712062411
1992-04-01,13.26,-5.98,4.23,0.0,0.41,-10.69,23.54,1.2529866373790637
1992-04-02,11.61,-0.23,5.58,0.06,0.4,-5.46,22.48,0.9602108202290114
1992-04-03,21.27,2.54,11.93,0.0,0.4,-1.5,23.68,1.9812994512421336
1992-04-04,23.84,6.95,15.22,0.0,0.4,-1.11,22.19,2.392196533905659
1992-04-05,22.77,8.01,14.89,0.03,0.4,-0.38,23.6,2.1764778000193887
1992-04-06,19.62,5.73,12.33,0.11,0.39,4.02,23.78,1.4694335049340408
1992-04-07,17.2,3.16,10.12,0.0,0.39,-1.49,22.31,1.4147700968208903
1992-04-08,23.41,3.69,13.67,0.0,0.39,-0.9,22.21,2.3079337941294558
1992-04-09,23.6,3.19,13.67,0.0,0.39,1.79,21.14,2.2179163857653137
1992-04-10,26.39,8.11,17.1,0.01,0.38,0.37,20.9,2.8122741094767583
1992-04-11,20.16,5.39,12.53,4.43,0.38,4.27,18.92,1.5326949183262242
1992-04-12,17.18,3.35,9.84,0.06,0.39,2.62,12.15,1.222372008565647
1992-04-13,27.99,5.27,17.08,0.05,0.39,1.95,23.45,3.0746095906645836
1992-04-14,27.19,8.31,17.44,4.56,0.39,5.66,21.45,2.6919507037378874
1992-04-15,19.65,5.75,12.31,0.63,0.39,3.73,22.36,1.4901624057193148
1992-04-16,12.91,6.58,9.5,1.73,0.39,4.12,12.37,0.6688203013756251
1992-04-17,23.28,5.35,14.41,0.1,0.39,2.91,21.54,2.104430436630887
1992-04-18,16.86,4.03,11.29,0.29,0.39,-4.1,10.76,1.4697530502520753
1992-04-19,12.59,2.11,7.05,0.23,0.39,-2.7,17.34,0.9573695797066208
1992-04-20,11.5,0.4,4.96,0.04,0.39,-4.98,15.07,0.9351691435573376
1992-04-21,18.82,-0.27,8.83,0.0,0.38,-7.87,27.36,1.8350676552523728
1992-04-22,22.01,0.29,11.18,0.0,0.38,-2.66,21.61,2.143348410569935
1992-04-23,21.64,3.99,12.4,0.04,0.38,-2.54,22.43,2.079771196534188
1992-04-24,17.7,-0.19,8.33,0.0,0.38,-7.44,28.3,1.6761281875579657
1992-04-25,17.37,-1.2,8.04,0.0,0.38,-7.16,28.37,1.6267272505302472
1992-04-26,20.29,3.53,11.56,0.0,0.38,-4.14,28.5,1.9310945463664573
1992-04-27,28.24,5.66,17.19,0.0,0.37,2.11,25.31,3.121858481162586
1992-04-28,25.24,11.67,18.77,0.0,0.37,2.52,27.46,2.481009577176951
1992-04-29,28.27,8.86,19.42,0.0,0.37,1.72,27.86,3.148136710794198
1992-04-30,32.82,12.81,23.34,0.0,0.37,-0.31,21.03,4.3824265040133845
1992-05-01,32.75,10.39,22.13,0.02,0.36,0.19,28.52,4.34074064760292
1992-05-02,20.74,8.12,13.88,0.06,0.36,-2.33,26.96,1.9328974587671697
1992-05-03,25.05,8.75,17.32,0.0,0.36,-0.7,27.09,2.596849199648414
1992-05-04,24.71,6.52,15.93,0.0,0.36,-0.91,28.54,2.541954934487551
1992-05-05,24.66,8.06,16.43,0.0,0.36,0.18,27.8,2.4853389986507977
1992-05-06,26.37,7.72,17.26,0.0,0.36,2.36,28.21,2.7116364706390863
1992-05-07,29.95,12.17,20.77,0.02,0.36,1.59,28.31,3.545708722800908
1992-05-08,28.5,11.45,20.3,0.08,0.36,2.72,26.57,3.1485400864654585
1992-05-09,27.2,12.68,20.6,0.58,0.35,4.28,26.87,2.7779597649202414
1992-05-10,17.5,8.12,12.73,0.53,0.36,4.01,17.73,1.1861532936715662
1992-05-11,26.37,10.1,18.07,0.0,0.35,-1.23,28.57,2.8774268887569727
1992-05-12,17.18,8.56,12.67,0.39,0.35,4.15,24.53,1.1380563801810852
1992-05-13,27.81,7.67,17.17,0.22,0.36,3.91,24.24,2.9301903731523775
1992-05-14,26.75,9.1,18.8,0.03,0.35,3.26,28.55,2.7415173749125965
1992-05-15,30.0,13.16,21.65,0.15,0.35,7.75,25.99,3.1884258285959586
1992-05-16,28.88,13.11,20.92,0.1,0.35,3.7,28.03,3.181735036419473
1992-05-17,26.73,9.23,17.8,0.01,0.35,4.95,30.42,2.6399816367408837
1992-05-18,30.66,11.44,21.22,0.0,0.35,5.57,30.24,3.4987253023226255
1992-05-19,29.6,12.22,20.96,0.0,0.35,3.61,30.47,3.3554760031228126
1992-05-20,29.96,12.1,21.16,0.03,0.35,7.75,28.64,3.1787006261040034
1992-05-21,28.02,13.5,20.14,0.99,0.35,8.95,24.25,2.6401460458760617
1992-05-22,21.2,8.49,14.23,0.03,0.35,4.65,23.6,1.6664953041681032
1992-05-23,21.65,6.46,13.71,0.0,0.35,2.57,28.67,1.8531006222535575
1992-05-24,19.51,7.12,14.01,0.33,0.35,5.7,16.08,1.3524247982636493
1992-05-25,18.8,4.79,11.93,0.14,0.35,1.72,15.76,1.4784988283189957
1992-05-26,20.96,3.39,11.58,2.18,0.35,-0.59,22.68,1.8958357796627892
1992-05-27,8.81,2.52,5.32,6.0,0.36,0.59,7.09,0.49587727548912397
1992-05-28,16.2,2.1,8.75,0.28,0.37,1.16,10.09,1.1773142701583965
1992-05-29,22.26,2.85,13.28,0.27,0.36,0.95,26.93,2.031778498479063
1992-05-30,22.2,6.19,13.76,3.64,0.37,5.64,16.75,1.7642760674308868
1992-05-31,17.91,6.91,12.72,16.89,0.38,7.35,16.24,1.0261455635093517
1992-06-01,15.41,7.15,10.83,13.85,0.41,7.23,12.79,0.7330935747629201
1992-06-02,20.92,6.15,13.81,0.08,0.42,6.92,25.29,1.4784423574500898
1992-06-03,25.85,8.59,17.22,1.33,0.41,8.41,27.68,2.228652984401906
1992-06-04,24.76,10.0,17.37,2.02,0.4,8.85,21.75,1.9862949405416477
1992-06-05,27.9,8.45,17.65,5.84,0.4,8.41,18.4,2.6548814367232403
1992-06-06,24.67,7.28,15.27,1.2,0.4,5.96,28.76,2.173518212265462
1992-06-07,25.39,9.54,16.91,3.88,0.4,10.29,25.91,1.9900858007788258
1992-06-08,18.77,10.81,15.12,6.74,0.41,11.73,22.84,0.7882727341673321
1992-06-09,15.34,11.01,13.27,9.22,0.42,11.54,11.82,0.38245197654407104
1992-06-10,24.79,9.85,17.26,0.05,0.42,8.32,27.59,2.031993632491868
1992-06-11,25.34,10.93,17.93,1.23,0.41,10.99,21.28,1.920659698630817
1992-06-12,20.62,12.48,16.61,0.79,0.41,12.12,24.91,1.015843534658858
1992-06-13,28.22,12.55,20.27,3.07,0.4,12.72,22.51,2.358063338074951
1992-06-14,27.13,14.03,20.23,1.45,0.4,11.37,30.16,2.247271815298893
1992-06-15,27.82,10.78,20.15,0.07,0.4,4.69,29.93,2.8868807175348667
1992-06-16,29.41,10.48,20.16,0.0,0.39,1.16,29.56,3.43723969068262
1992-06-17,27.86,10.48,19.21,0.0,0.38,2.19,29.99,3.033932749409792
1992-06-18,29.42,10.48,20.69,0.0,0.38,4.46,30.91,3.263963141283746
1992-06-19,27.82,13.59,21.23,3.87,0.38,14.42,13.48,2.0977943550747424
1992-06-20,22.91,14.42,17.88,7.43,0.39,13.11,22.23,1.2855983118224008
1992-06-21,25.95,13.27,19.37,0.93,0.39,12.95,27.26,1.858638056833697
1992-06-22,28.47,13.87,21.77,6.36,0.39,11.28,30.13,2.5472656296529195
1992-06-23,30.4,14.8,23.1,0.74,0.39,12.22,29.94,2.918350116113623
1992-06-24,33.57,17.76,24.98,8.65,0.39,11.88,27.69,3.801717736248916
1992-06-25,19.1,14.64,17.62,5.26,0.41,14.55,13.99,0.5545764476911288
1992-06-26,21.2,13.46,17.74,3.55,0.41,13.64,21.87,0.9560835071275586
1992-06-27,24.65,13.5,18.74,5.16,0.41,11.7,22.63,1.7272751297028117
1992-06-28,28.82,12.57,21.04,2.31,0.41,10.01,28.56,2.735412564619109
1992-06-29,29.86,14.24,22.26,0.05,0.4,11.67,28.51,2.8367774829572987
1992-06-30,34.77,15.55,24.98,0.02,0.4,9.22,30.41,4.386361826450545
1992-07-01,28.35,16.07,21.39,4.18,0.39,13.09,14.4,2.351036949722699
1992-07-02,19.76,10.19,14.75,2.32,0.39,8.71,18.08,1.1780054246389668
1992-07-03,27.98,9.69,19.28,0.15,0.39,7.76,24.59,2.7201716027312264
1992-07-04,33.02,13.02,22.53,0.0,0.39,9.81,27.74,3.823378046716591
1992-07-05,33.08,15.2,24.65,0.25,0.38,9.63,25.3,3.8549171784165885
1992-07-06,36.65,16.42,26.66,0.32,0.38,13.4,26.75,4.618763285448567
1992-07-07,35.54,18.89,26.3,4.06,0.37,9.8,23.99,4.581081927062375
1992-07-08,28.01,16.2,21.72,5.58,0.38,12.99,17.29,2.2853403797090164
1992-07-09,29.23,15.94,22.09,2.87,0.39,12.38,24.24,2.621131025128153
1992-07-10,23.94,13.96,19.17,4.61,0.39,12.41,26.26,1.532252579013286
1992-07-11,27.64,15.76,21.79,8.22,0.4,15.9,21.97,1.8947122129015637
1992-07-12,24.43,16.7,20.37,18.14,0.41,16.06,22.4,1.2365367323891
1992-07-13,26.27,14.13,20.03,1.92,0.43,11.22,27.11,2.0834306062981325
1992-07-14,29.67,14.16,22.35,0.31,0.42,8.18,29.28,3.0774185115858526
1992-07-15,29.17,16.37,21.95,11.25,0.41,11.91,25.22,2.650936769705753
1992-07-16,21.75,14.46,18.13,7.32,0.43,13.16,20.08,1.0903912963764113
1992-07-17,24.22,12.34,18.56,4.32,0.43,11.55,27.75,1.6620631496773794
1992-07-18,29.99,13.38,21.87,1.02,0.43,11.04,29.38,2.924423386532203
1992-07-19,30.44,13.95,21.88,3.51,0.42,11.6,22.27,2.98533542504048
1992-07-20,22.53,11.97,16.91,4.07,0.42,11.6,12.61,1.3645604131214455
1992-07-21,28.88,13.83,21.26,1.0,0.42,14.47,25.06,2.3299630017585855
1992-07-22,27.13,16.33,20.86,0.63,0.41,11.84,25.77,2.2047878331038167
1992-07-23,25.15,14.64,20.02,2.43,0.4,15.52,21.9,1.4329089466081597
1992-07-24,30.55,16.48,23.48,0.26,0.4,14.65,29.41,2.711473332874027
1992-07-25,21.76,15.69,19.17,5.0,0.4,14.68,19.98,0.9349722359555759
1992-07-26,25.82,14.29,19.73,6.45,0.41,13.05,20.91,1.8231612587695636
1992-07-27,31.64,14.72,23.34,0.01,0.41,10.09,28.66,3.423510239756517
1992-07-28,33.11,16.31,24.33,0.0,0.4,8.37,28.05,3.961163336088239
1992-07-29,32.36,14.94,22.47,0.64,0.39,8.73,24.49,3.7250745690568987
1992-07-30,26.48,14.5,20.15,0.1,0.39,10.04,27.82,2.22674887107107
1992-07-31,27.96,13.41,20.71,1.26,0.39,12.18,27.49,2.3518376182543683
1992-08-01,32.68,15.07,24.26,0.09,0.38,12.08,27.54,3.530580652570552
1992-08-02,31.09,16.81,23.92,0.62,0.38,9.92,27.32,3.2942674424923593
1992-08-03,30.96,16.36,22.54,8.98,0.38,14.67,20.78,2.8129208625832636
1992-08-04,31.4,16.97,23.97,2.39,0.39,14.33,25.05,2.9627549318847812
1992-08-05,27.92,15.37,22.06,0.03,0.39,12.65,20.21,2.298536452356392
1992-08-06,31.98,17.74,23.82,0.05,0.39,12.46,19.79,3.303726602174017
1992-08-07,33.12,16.82,25.36,0.0,0.38,8.94,28.02,3.9206894778271426
1992-08-08,31.59,20.08,25.31,1.87,0.38,12.53,26.22,3.1933763027927435
1992-08-09,35.53,18.84,27.25,0.05,0.38,11.51,27.59,4.431611288451883
1992-08-10,27.6,17.23,22.27,2.27,0.38,15.68,13.79,1.9113289184601017
1992-08-11,28.84,17.93,22.79,5.38,0.38,15.81,17.86,2.172451504016182
1992-08-12,23.16,14.93,19.11,1.1,0.39,11.57,20.51,1.473453658042133
1992-08-13,30.2,13.77,20.85,0.0,0.38,11.61,22.62,2.9250833063304773
1992-08-14,28.86,12.94,20.54,0.05,0.38,9.69,19.87,2.7706978062942254
1992-08-15,31.52,12.87,22.18,0.01,0.38,9.33,25.6,3.4534077188067664
1992-08-16,28.85,16.27,21.24,9.02,0.38,12.39,14.74,2.532042699649769
1992-08-17,22.79,12.82,17.92,5.67,0.39,13.37,9.1,1.2395413195112808
1992-08-18,25.41,11.07,18.36,0.43,0.4,11.05,22.29,1.9288857494617673
1992-08-19,29.08,13.18,20.79,0.4,0.39,11.17,26.14,2.6966118069425566
1992-08-20,32.4,14.21,23.6,0.82,0.39,8.95,25.69,3.7191228576384288
1992-08-21,31.41,15.48,23.67,1.24,0.39,12.61,25.51,3.1385407408133936
1992-08-22,32.63,17.72,25.0,1.14,0.38,13.19,25.44,3.4102003532337113
1992-08-23,26.45,15.57,20.29,17.5,0.39,13.49,21.92,1.9054420405592771
1992-08-24,15.41,8.85,13.1,38.5,0.45,11.27,2.52,0.41442455108799536
1992-08-25,19.28,8.32,12.89,5.18,0.49,8.53,14.88,1.1239592876813522
1992-08-26,20.03,8.3,13.43,0.3,0.48,6.6,18.66,1.367955728533626
1992-08-27,25.28,7.82,16.31,0.0,0.46,4.68,25.64,2.3679800016366594
1992-08-28,29.19,9.96,19.24,0.05,0.45,3.31,25.06,3.275269673769961
1992-08-29,20.22,11.42,15.75,0.0,0.44,5.15,22.61,1.4888287720242155
1992-08-30,23.53,8.94,16.17,0.06,0.43,5.99,21.16,1.966306582564321
1992-08-31,23.61,12.18,17.28,6.98,0.43,12.65,14.14,1.4509548770782195
1992-09-01,25.09,12.14,18.63,2.34,0.43,9.25,20.8,2.017204919670385
1992-09-02,26.45,12.04,19.02,0.0,0.43,5.65,24.69,2.5392102560047976
1992-09-03,28.83,12.57,20.93,0.0,0.42,7.57,22.92,2.924739363152472
1992-09-04,30.82,16.09,21.91,0.0,0.41,9.16,17.35,3.2862296501431625
1992-09-05,24.23,11.81,17.75,0.0,0.41,6.12,22.83,2.0824530100955236
1992-09-06,26.33,10.96,18.36,0.0,0.4,7.37,21.41,2.3999745256050247
1992-09-07,21.97,9.7,15.41,0.0,0.4,5.63,23.44,1.727676018144058
1992-09-08,27.82,7.8,17.09,0.0,0.4,5.63,21.9,2.8290700320887505
1992-09-09,23.81,10.4,16.5,0.0,0.39,2.85,23.18,2.2003199175499075
1992-09-10,23.22,7.86,15.26,0.0,0.39,3.05,23.7,2.0865797663394323
1992-09-11,30.37,9.49,19.36,0.0,0.39,7.79,23.3,3.27642641314033
1992-09-12,33.38,15.06,23.35,0.0,0.38,6.58,21.19,4.165032186225836
1992-09-13,31.08,15.66,22.36,0.0,0.38,6.74,12.0,3.5289821781394166
1992-09-14,29.26,13.07,20.7,0.01,0.38,6.97,23.52,3.0664621753994132
1992-09-15,30.54,15.53,22.49,0.05,0.38,11.34,21.19,3.033591207953858
1992-09-16,30.54,14.59,22.67,0.1,0.37,6.88,21.79,3.3826364080921025
1992-09-17,30.68,12.45,22.24,0.07,0.37,6.36,21.74,3.4527185070754483
1992-09-18,19.58,7.12,12.79,0.0,0.37,-0.61,20.96,1.6939641234536562
1992-09-19,21.69,9.46,15.13,0.06,0.37,5.07,11.45,1.7178019263614455
1992-09-20,27.59,10.86,18.08,0.06,0.37,2.98,19.6,2.9339344467653636
1992-09-21,21.53,10.98,15.71,0.01,0.37,3.35,17.84,1.7923339320651452
1992-09-22,25.66,7.52,16.49,0.0,0.37,3.93,20.99,2.4852052232949973
1992-09-23,29.2,10.75,18.99,0.0,0.37,4.13,20.66,3.231475627788214
1992-09-24,31.49,10.92,20.4,0.0,0.37,4.53,20.86,3.775345297311887
1992-09-25,23.63,8.99,15.86,0.01,0.37,1.78,13.17,2.2236801781808566
1992-09-26,20.7,7.48,12.98,0.0,0.36,-4.65,20.75,2.009039571554265
1992-09-27,25.73,8.15,15.64,0.0,0.36,-2.45,19.74,2.7980611419830854
1992-09-28,20.42,4.11,11.82,0.0,0.36,-1.24,18.7,1.8419414705405068
1992-09-29,27.26,7.05,16.74,0.0,0.36,0.22,18.68,2.999437665074268
1992-09-30,27.33,8.54,17.0,0.0,0.36,-1.74,19.33,3.0973036739841477
1992-10-01,28.59,9.46,17.89,0.0,0.36,-0.87,19.77,3.338549299369674
1992-10-02,28.59,11.2,18.75,0.0,0.36,-0.84,20.06,3.337287388399435
1992-10-03,28.11,10.08,18.46,0.0,0.36,-1.97,19.26,3.2756254943643146
1992-10-04,26.97,11.07,17.76,0.0,0.36,0.03,17.11,2.946935067174936
1992-10-05,18.96,9.79,13.69,0.25,0.36,1.21,16.38,1.5251871549278975
1992-10-06,16.82,6.46,9.99,6.99,0.36,3.67,8.3,1.1211718127183201
1992-10-07,5.21,-1.28,2.46,4.15,0.38,-2.94,5.29,0.3933571096599964
1992-10-08,14.39,-3.37,5.28,0.0,0.38,-8.38,18.64,1.3149224164446363
1992-10-09,17.31,4.36,10.14,0.0,0.38,-3.03,12.22,1.487594767214772
1992-10-10,17.64,1.24,9.37,0.0,0.38,-1.62,17.35,1.4752992975680068
1992-10-11,24.18,5.92,14.93,0.0,0.38,-0.75,17.24,2.438053724052236
1992-10-12,23.96,4.3,13.36,0.0,0.38,1.72,15.65,2.2851349220079182
1992-10-13,28.22,8.15,17.87,0.0,0.38,-1.79,8.86,3.292956132703796
1992-10-14,16.0,2.17,7.7,0.0,0.37,-0.11,13.34,1.2123591559745934
1992-10-15,18.75,-0.75,7.16,0.0,0.37,-2.91,14.52,1.6704282071882526
1992-10-16,9.86,-3.84,2.09,0.0,0.37,-5.91,9.31,0.8235442590125398
1992-10-17,20.27,0.72,8.22,0.0,0.37,-3.76,14.54,1.9151145676476538
1992-10-18,18.77,-1.11,7.79,0.0,0.37,-1.42,13.47,1.6155728526832123
1992-10-19,22.35,5.03,12.06,0.0,0.37,-0.45,9.85,2.1097788640399786
1992-10-20,24.56,6.19,14.09,0.0,0.37,-0.54,14.94,2.498488170626662
1992-10-21,27.22,7.76,16.21,0.0,0.37,0.67,15.17,2.970383743737864
1992-10-22,25.05,10.04,16.28,0.0,0.37,2.85,13.49,2.427487275360644
1992-10-23,22.14,8.15,14.07,0.0,0.37,3.89,12.96,1.8595906274390268
1992-10-24,22.59,7.59,14.34,0.0,0.37,4.13,13.71,1.9197847959672198
1992-10-25,23.66,9.83,15.23,0.0,0.37,3.8,12.4,2.1216787619517405
1992-10-26,17.6,5.14,10.27,0.01,0.37,1.74,12.21,1.3200276463427238
1992-10-27,21.81,7.42,13.37,0.19,0.37,1.66,12.85,1.9248118640322556
1992-10-28,8.09,1.58,4.67,2.03,0.37,-0.37,3.11,0.48481518028690707
1992-10-29,9.38,-0.16,3.47,0.61,0.37,-0.53,2.2,0.5902292874728776
1992-10-30,16.42,1.42,6.99,0.39,0.37,0.71,6.01,1.224551155772283
1992-10-31,14.61,3.85,6.72,0.54,0.37,2.05,1.39,0.9548256300808201
1992-11-01,10.96,1.14,5.49,0.5,0.37,-3.8,11.25,0.84808126186826
1992-11-02,6.9,-0.28,3.54,1.42,0.37,-2.52,5.23,0.4875474437907309
1992-11-03,0.71,-2.64,-0.96,0.45,0.37,-7.0,5.95,0.28174211687812867
1992-11-04,1.31,-6.05,-2.98,0.0,0.37,-9.85,9.55,0.3824186059426962
1992-11-05,4.02,-5.43,-1.21,0.0,0.38,-9.18,10.21,0.5095655351680097
1992-11-06,7.68,-3.32,1.24,0.0,0.38,-6.3,6.61,0.6682417041879658
1992-11-07,12.28,-3.46,3.22,0.0,0.38,-6.61,7.72,1.0562850377458919
1992-11-08,11.05,0.3,4.42,0.0,0.38,-3.7,8.32,0.8524590333095814
1992-11-09,15.23,-0.11,5.77,0.0,0.38,-2.76,8.62,1.2322939249620848
1992-11-10,6.62,-3.41,1.51,0.6,0.38,-7.03,9.89,0.6155024986377163
1992-11-11,6.46,-1.85,1.02,1.42,0.38,-3.99,1.93,0.5107084273727287
1992-11-12,8.1,-3.64,1.29,0.0,0.38,-7.34,8.59,0.7281308219752087
1992-11-13,11.87,-3.63,2.9,0.0,0.38,-6.7,10.77,1.0207736418508369
1992-11-14,14.39,-0.15,5.63,0.0,0.38,-3.31,10.85,1.1611046655884365
1992-11-15,18.3,0.82,7.75,0.0,0.38,-2.39,10.49,1.5908670474456656
1992-11-16,16.44,2.38,8.09,0.0,0.38,-4.36,10.62,1.4279280963827294
1992-11-17,12.59,1.81,6.44,0.0,0.38,-1.39,12.3,0.9063660618669113
1992-11-18,12.32,1.16,4.66,0.01,0.38,0.51,5.08,0.7985883907802849
1992-11-19,9.0,-0.76,2.91,0.73,0.38,-0.39,4.23,0.5543808720505795
1992-11-20,4.63,-1.66,0.42,7.16,0.38,-1.43,1.28,0.299954066640569
1992-11-21,1.37,-7.02,-2.78,2.94,0.38,-5.26,6.97,0.2615202611917912
1992-11-22,6.12,-7.13,-1.09,0.25,0.39,-6.45,9.75,0.5659078403452245
1992-11-23,1.02,-6.3,-2.95,3.47,0.39,-5.25,5.28,0.2444105833663342
1992-11-24,-4.77,-7.85,-6.6,2.65,0.39,-10.33,6.14,0.15027180121906175
1992-11-25,-2.58,-9.99,-6.68,0.44,0.39,-10.84,5.58,0.2379648158965254
1992-11-26,1.43,-9.21,-5.19,0.0,0.39,-11.29,7.47,0.41959874976318967
1992-11-27,3.67,-7.77,-2.85,0.0,0.39,-10.67,9.14,0.523683435818155
1992-11-28,4.27,-8.01,-2.55,0.01,0.39,-8.59,7.52,0.509545159177728
1992-11-29,-0.83,-8.28,-4.11,0.13,0.39,-8.06,9.46,0.2420681286380949
1992-11-30,5.55,-8.25,-1.96,0.0,0.39,-10.41,9.31,0.6298211501646086
1992-12-01,3.12,-6.94,-1.18,0.0,0.39,-10.76,11.0,0.49530263169876626
1992-12-02,2.14,-8.81,-3.25,0.06,0.39,-9.9,9.68,0.42475745858796154
1992-12-03,1.72,-8.54,-2.4,0.04,0.39,-6.88,6.87,0.3269122095851198
1992-12-04,-4.05,-10.89,-8.01,0.1,0.39,-14.45,9.24,0.2532249610904537
1992-12-05,-5.06,-10.51,-7.1,2.84,0.39,-10.92,2.2,0.15373639500639635
1992-12-06,4.22,-7.97,-3.24,0.0,0.39,-9.37,10.82,0.5256304395548104
1992-12-07,4.96,-8.1,-2.92,0.01,0.39,-8.27,9.36,0.542482297116273
1992-12-08,4.41,-4.26,-0.6,0.0,0.39,-7.36,3.31,0.48560958933479087
1992-12-09,8.15,-3.7,1.42,0.0,0.4,-5.68,9.63,0.6838601243528959
1992-12-10,6.84,-3.26,0.44,0.0,0.4,-6.54,10.57,0.6165069742675887
1992-12-11,10.11,-0.66,2.9,0.0,0.4,-3.45,8.48,0.763622773543812
1992-12-12,0.27,-4.22,-2.12,1.0,0.39,-4.92,3.44,0.1991646386892716
1992-12-13,-4.2,-7.37,-5.93,2.11,0.39,-9.98,4.62,0.1613004729906909
1992-12-14,-0.6,-10.16,-5.81,0.07,0.39,-10.46,4.73,0.30918437310465124
1992-12-15,1.12,-7.68,-2.95,0.22,0.39,-6.1,5.8,0.2751503389099544
1992-12-16,-2.88,-7.12,-4.82,0.14,0.39,-7.99,8.84,0.1594021267871505
1992-12-17,2.01,-10.16,-5.43,0.02,0.39,-9.5,9.26,0.40890225719882817
1992-12-18,3.66,-7.66,-3.47,0.03,0.39,-7.98,10.26,0.45911453114263023
1992-12-19,0.77,-8.45,-4.7,0.01,0.39,-9.14,9.71,0.340085651755113
1992-12-20,3.32,-9.63,-4.21,0.0,0.39,-12.03,9.68,0.5322840123032095
1992-12-21,5.39,-6.98,-2.2,0.0,0.39,-10.14,10.65,0.6137917436243043
1992-12-22,4.9,-6.56,-1.65,0.0,0.39,-9.91,10.63,0.578483405693633
1992-12-23,0.1,-6.64,-4.08,0.0,0.39,-9.8,7.5,0.3249838667473767
1992-12-24,9.8,-5.87,0.65,0.0,0.39,-7.67,10.62,0.868535408935067
1992-12-25,4.08,-7.84,-1.77,0.0,0.39,-8.49,10.62,0.49604028614244056
1992-12-26,8.98,-6.34,1.04,0.0,0.39,-9.55,9.6,0.8504375751868619
1992-12-27,8.35,-4.82,1.07,0.0,0.39,-10.03,10.27,0.8135791933585343
1992-12-28,6.23,0.22,1.66,0.02,0.39,-3.54,3.18,0.4798671523779118
1992-12-29,10.81,-0.94,3.67,0.0,0.39,-0.51,5.16,0.7077288982770507
1992-12-30,10.29,-5.91,1.71,0.0,0.39,-4.79,5.91,0.8240893204106761
1992-12-31,2.69,-6.63,-3.21,0.0,0.39,-10.36,9.54,0.4636005390011082
1993-01-01,5.2,-4.51,-0.65,0.0,0.39,-5.73,3.45,0.4861716790319901
1993-01-02,12.7,-0.92,3.99,0.01,0.39,-2.6,8.49,0.964188375793147
1993-01-03,1.87,-5.5,-2.26,0.63,0.39,-5.95,3.15,0.30735913002531207
1993-01-04,1.19,-7.24,-4.21,0.0,0.39,-12.58,9.87,0.4334797638805269
1993-01-05,1.65,-7.77,-4.02,0.0,0.39,-12.34,8.41,0.45130831180126196
1993-01-06,3.96,-7.75,-3.54,0.0,0.39,-10.44,8.58,0.5350817306668458
1993-01-07,-1.86,-7.72,-4.98,0.03,0.39,-8.96,10.29,0.22273709059278224
1993-01-08,-4.71,-10.29,-7.39,3.91,0.39,-9.72,2.19,0.13842377504561298
1993-01-09,-10.28,-14.35,-12.29,0.46,0.39,-15.29,5.81,0.09349742404973624
1993-01-10,-6.21,-15.32,-11.25,0.09,0.39,-14.24,4.9,0.18120502741185232
1993-01-11,5.75,-9.8,-3.94,0.03,0.39,-6.93,8.36,0.5557388289427895
1993-01-12,-1.2,-12.61,-6.9,0.02,0.39,-11.82,8.55,0.31245655226803903
1993-01-13,-6.72,-13.48,-11.13,0.0,0.39,-14.32,4.63,0.16776630319521518
1993-01-14,4.17,-12.02,-4.72,0.0,0.39,-8.47,10.19,0.500727915195038
1993-01-15,9.49,-5.13,1.08,0.0,0.39,-4.74,10.95,0.7570559143504155
1993-01-16,8.69,-3.44,1.24,0.35,0.39,-6.08,10.64,0.7363758359830139
1993-01-17,-1.02,-7.7,-3.78,2.08,0.39,-7.46,3.4,0.21821241665984442
1993-01-18,5.66,-8.4,-3.32,0.2,0.39,-6.21,11.43,0.5293110010403782
1993-01-19,-1.02,-7.53,-5.14,1.5,0.39,-7.29,4.44,0.21358656522838654
1993-01-20,5.99,-7.16,-0.77,0.3,0.39,-6.16,11.55,0.548972234515685
1993-01-21,10.01,-2.64,2.28,0.06,0.4,-4.84,9.55,0.8024638672689037
1993-01-22,12.58,-2.65,2.58,0.0,0.4,-4.5,11.72,1.0196731980085436
1993-01-23,-1.11,-5.68,-3.08,0.0,0.4,-9.47,9.43,0.26523524057692155
1993-01-24,3.05,-8.58,-3.5,0.0,0.4,-10.28,4.75,0.4810319004826863
1993-01-25,8.5,-6.69,-0.05,0.0,0.39,-7.84,12.65,0.7712925083090337
1993-01-26,10.12,-1.0,2.37,0.0,0.39,-4.33,11.39,0.7947752998544511
1993-01-27,12.83,-1.45,3.7,0.0,0.39,-7.71,13.44,1.139194718821592
1993-01-28,2.76,-5.18,-1.26,0.0,0.39,-6.35,7.57,0.36504799417391515
1993-01-29,1.32,-5.58,-3.09,0.0,0.39,-8.61,9.74,0.3532294641077605
1993-01-30,9.59,-6.39,-0.03,0.0,0.39,-6.23,14.07,0.8112050218001965
1993-01-31,11.3,-1.24,3.13,0.0,0.39,-7.2,13.83,0.9833187209949026
1993-02-01,9.04,-1.96,2.15,1.35,0.39,-4.18,13.1,0.7030260112033258
1993-02-02,8.76,-3.5,0.82,0.22,0.39,-5.02,13.58,0.7090415953717094
1993-02-03,1.55,-3.77,-1.67,0.85,0.39,-4.96,11.87,0.2607794965156764
1993-02-04,2.67,-3.79,-1.58,0.46,0.39,-4.78,13.59,0.3119357351253093
1993-02-05,8.37,-3.61,1.02,0.0,0.39,-8.11,13.46,0.7685927081914964
1993-02-06,13.59,-2.13,2.64,0.0,0.39,-10.08,5.66,1.2726615838692925
1993-02-07,10.38,-3.15,2.36,0.0,0.39,-7.46,14.67,0.9108770577412977
1993-02-08,7.16,-2.45,1.82,0.1,0.39,-4.31,2.29,0.5691526088338787
1993-02-09,12.17,-2.4,3.55,0.34,0.39,0.11,8.15,0.8026567395163275
1993-02-10,1.71,-10.64,-3.6,8.86,0.39,-5.8,9.74,0.2948635023872548
1993-02-11,-4.11,-11.4,-8.44,0.66,0.39,-12.02,5.7,0.2074501246656485
1993-02-12,6.84,-8.47,-1.05,0.0,0.4,-6.56,13.85,0.6170828588164323
1993-02-13,5.4,-4.58,-0.42,0.04,0.4,-7.81,12.64,0.5576176296473021
1993-02-14,2.99,-4.39,-1.18,0.7,0.4,-5.78,10.22,0.3603557041844683
1993-02-15,-2.57,-15.21,-8.7,4.01,0.4,-11.6,5.24,0.2541385828843343
1993-02-16,-15.0,-19.17,-16.97,0.19,0.4,-19.99,5.22,0.06573463850966395
1993-02-17,-5.91,-19.61,-13.45,0.01,0.4,-16.77,6.8,0.22867948007731737
1993-02-18,6.85,-12.3,-1.96,0.0,0.4,-7.59,8.0,0.6463804710555761
1993-02-19,14.78,-0.17,4.91,0.0,0.4,-2.84,15.66,1.1858357853198798
1993-02-20,15.44,-0.82,6.04,0.03,0.4,-1.24,13.98,1.1964299263851075
1993-02-21,5.91,-5.48,-0.19,0.0,0.4,-12.4,16.4,0.6935946676824636
1993-02-22,7.27,-6.64,-0.52,0.0,0.4,-12.46,16.38,0.7860243350952364
1993-02-23,3.17,-7.58,-3.19,0.01,0.4,-10.87,17.11,0.5003693149926336
1993-02-24,8.55,-6.03,-1.33,0.56,0.4,-6.46,8.22,0.7369136514453704
1993-02-25,0.86,-7.02,-3.87,0.04,0.4,-9.02,11.19,0.34139990218698085
1993-02-26,5.82,-6.79,-2.07,0.0,0.4,-8.49,9.18,0.6017086479806447
1993-02-27,7.24,-3.73,0.06,0.0,0.4,-6.25,17.1,0.6356524697720407
1993-02-28,13.2,-2.94,3.19,0.05,0.39,-2.66,18.39,1.0152839938152058
1993-03-01,7.54,-2.65,1.96,1.13,0.39,0.21,4.23,0.41942110713756897
1993-03-02,10.32,-3.77,2.49,0.01,0.39,-5.71,16.17,0.8555416974661771
1993-03-03,5.77,-2.6,0.8,0.13,0.39,-6.15,18.42,0.5345376360988403
1993-03-04,6.76,-4.01,0.33,0.19,0.39,-8.46,16.96,0.6628992643878655
1993-03-05,11.39,-2.93,3.04,0.72,0.39,-7.38,17.4,0.996258304360041
1993-03-06,9.09,-0.47,3.22,0.48,0.39,-1.71,14.19,0.6162200341016313
1993-03-07,16.94,-1.32,6.58,0.0,0.39,-5.92,20.1,1.5377287132701332
1993-03-08,18.32,-1.93,6.98,0.0,0.39,-5.92,20.3,1.713240193269903
1993-03-09,17.4,-3.39,6.47,0.0,0.39,-4.01,19.59,1.533478919770532
1993-03-10,4.75,-5.08,-1.17,0.63,0.39,-7.38,11.26,0.5063280163152465
1993-03-11,0.8,-5.62,-2.91,3.83,0.39,-6.82,3.95,0.28088440352599836
1993-03-12,-4.39,-9.04,-6.8,0.53,0.39,-15.26,5.12,0.2546987383610051
1993-03-13,4.55,-12.03,-3.42,0.0,0.39,-14.11,9.74,0.6402954726925298
1993-03-14,11.26,-4.04,2.41,0.0,0.39,-7.99,16.19,1.0009463116477084
1993-03-15,14.04,0.3,6.56,0.0,0.39,-3.64,19.11,1.136036986119137
1993-03-16,8.59,-6.32,1.51,0.03,0.39,-3.96,7.84,0.6610163718547868
1993-03-17,1.73,-7.01,-2.98,0.02,0.39,-7.63,4.53,0.34798768102341116
1993-03-18,7.82,-4.55,1.02,0.0,0.39,-2.02,5.96,0.5330583788199996
1993-03-19,14.96,0.18,7.22,0.0,0.39,-1.09,22.08,1.1369469829478893
1993-03-20,14.23,-1.0,6.46,0.0,0.39,0.35,8.91,0.9960872440638882
1993-03-21,13.21,-1.64,5.48,0.01,0.39,-3.26,14.19,1.0382658033712266
1993-03-22,12.86,-3.5,4.21,0.0,0.39,-5.71,21.67,1.0851073734400287
1993-03-23,20.93,0.62,10.24,0.0,0.38,-4.46,23.2,2.0375659718465373
1993-03-24,22.26,2.53,11.91,0.0,0.38,-3.92,23.3,2.2291180358681273
1993-03-25,23.6,3.8,13.3,0.0,0.38,-1.73,23.43,2.374978858239749
1993-03-26,20.99,4.28,12.8,0.16,0.38,2.74,23.23,1.7415812025993729
1993-03-27,12.89,3.71,8.05,3.65,0.38,3.81,6.51,0.6845783749765276
1993-03-28,12.62,-0.36,6.25,0.24,0.38,-0.21,12.56,0.8594163660763627
1993-03-29,13.08,1.89,6.55,0.1,0.38,1.07,10.92,0.8455928071469369
1993-03-30,10.94,0.93,5.13,0.16,0.38,-1.07,10.99,0.7426461799347429
1993-03-31,8.72,-2.53,2.61,0.03,0.38,-5.25,20.85,0.7132770659055367
1993-04-01,11.35,-3.92,3.26,0.14,0.38,-6.28,20.13,0.9616125668375367
1993-04-02,20.44,-0.73,7.15,5.08,0.38,-1.55,20.09,1.8574945913580407
1993-04-03,6.04,-2.24,1.7,3.32,0.39,-1.4,3.76,0.3864033155520096
1993-04-04,15.76,-3.28,6.01,0.03,0.39,-1.57,18.29,1.2461645828398145
1993-04-05,18.22,-0.22,8.36,1.37,0.39,0.4,15.11,1.463902050508017
1993-04-06,15.13,1.2,7.38,3.96,0.39,1.99,5.11,1.0145349944658302
1993-04-07,6.46,-0.83,2.37,2.45,0.4,-3.64,13.92,0.498588556846034
1993-04-08,13.7,-1.7,6.01,0.0,0.4,-6.23,24.94,1.1843223804036913
1993-04-09,21.68,1.2,12.31,0.0,0.4,-3.4,20.86,2.1176022049099936
1993-04-10,15.91,4.42,10.11,0.0,0.39,-5.18,24.53,1.392406531434579
1993-04-11,21.4,1.55,10.95,0.08,0.39,-2.23,21.35,2.0302721175493312
1993-04-12,13.83,2.43,7.44,0.76,0.39,1.29,10.95,0.9104732422886128
1993-04-13,12.11,-0.57,6.01,0.29,0.39,-1.99,16.69,0.8849690959628761
1993-04-14,9.92,-3.07,2.49,0.01,0.39,-5.08,19.83,0.802770700422597
1993-04-15,10.64,-4.69,3.04,0.01,0.38,-5.91,22.68,0.8886837920151597
1993-04-16,13.58,-2.4,4.71,0.01,0.38,-2.4,16.51,1.0435538536228468
1993-04-17,18.34,-0.29,9.36,0.01,0.38,-2.79,25.27,1.6111723749480735
1993-04-18,24.05,5.54,13.61,0.89,0.38,0.51,21.45,2.359038095695397
1993-04-19,11.19,-1.73,5.71,0.17,0.38,-5.67,18.02,0.9291622648591076
1993-04-20,10.6,-4.04,3.33,0.06,0.38,-7.17,23.89,0.9215854103276184
1993-04-21,15.8,-3.57,6.78,0.0,0.38,-4.77,25.27,1.3665978591195422
1993-04-22,25.28,5.08,15.3,0.0,0.38,-1.0,25.08,2.653244699867363
1993-04-23,22.65,7.69,15.02,0.04,0.37,-2.62,23.84,2.2468180801904998
1993-04-24,8.89,3.82,5.99,3.15,0.38,0.36,7.57,0.5125675465793668
1993-04-25,17.02,1.2,9.23,0.06,0.38,-0.91,24.23,1.368673523145029
1993-04-26,24.77,2.64,14.82,0.08,0.38,-1.25,22.53,2.5672188410215737
1993-04-27,18.68,8.57,12.82,1.25,0.37,3.36,25.09,1.3765595372323278
1993-04-28,20.58,5.16,11.83,1.09,0.38,2.99,22.63,1.6663349730998538
1993-04-29,19.67,3.25,12.54,0.95,0.37,2.74,25.66,1.5470425180519194
1993-04-30,19.17,3.18,11.89,1.07,0.38,1.81,16.16,1.5247028493586798
1993-05-01,12.94,0.55,5.96,0.05,0.37,-2.62,14.67,0.9882105738398863
1993-05-02,18.48,-1.6,9.35,0.11,0.37,-4.3,28.76,1.6830096009656108
1993-05-03,23.56,5.15,15.24,0.0,0.37,-1.66,29.85,2.3651831446617884
1993-05-04,27.28,7.45,18.12,0.05,0.37,1.31,26.78,2.952781011115816
1993-05-05,22.37,9.21,15.93,1.6,0.37,1.15,21.26,2.04029567119434
1993-05-06,19.64,4.33,10.9,3.06,0.37,0.39,18.22,1.6583220782786836
1993-05-07,22.48,7.3,14.68,2.58,0.38,1.64,24.81,2.034612517417318
1993-05-08,17.32,6.06,11.11,0.08,0.37,-2.8,20.5,1.4803899990923126
1993-05-09,16.04,3.88,9.38,0.02,0.37,-2.56,21.35,1.3169922533942255
1993-05-10,17.78,2.08,10.2,0.01,0.37,-4.67,27.77,1.6037608661611682
1993-05-11,15.9,4.37,10.76,1.11,0.37,3.35,9.39,1.0299082638096682
1993-05-12,20.67,9.19,14.64,1.62,0.37,7.92,18.17,1.370100190942869
1993-05-13,26.34,7.02,17.43,0.07,0.37,3.78,29.11,2.6288410952395465
1993-05-14,27.64,11.95,19.3,0.18,0.37,5.15,27.6,2.8199304257704196
1993-05-15,28.28,10.19,17.66,2.04,0.37,7.62,22.05,2.796675598239166
1993-05-16,22.21,7.16,14.88,0.48,0.37,7.11,25.45,1.6685118797657517
1993-05-17,19.42,10.13,15.05,0.42,0.37,7.36,15.89,1.2287392191778412
1993-05-18,23.31,6.47,15.56,0.36,0.37,1.78,25.65,2.1679395063012654
1993-05-19,21.88,9.94,15.74,0.8,0.37,3.17,24.66,1.8576969347377112
1993-05-20,25.23,8.28,17.28,0.63,0.36,6.38,25.91,2.2514390196010643
1993-05-21,28.08,10.24,19.3,3.41,0.37,9.87,25.59,2.580266970071392
1993-05-22,28.33,10.27,18.01,3.91,0.37,9.16,18.05,2.692641284560628
1993-05-23,24.3,7.5,16.15,0.88,0.37,4.35,30.19,2.204557286167322
1993-05-24,18.73,8.25,12.99,2.88,0.37,5.85,12.5,1.2352082524118138
1993-05-25,20.08,6.33,13.21,0.85,0.38,7.25,10.0,1.3306986067961617
1993-05-26,31.75,10.22,19.57,1.78,0.37,8.77,22.69,3.5576706302419163
1993-05-27,30.98,13.62,20.15,4.01,0.37,9.14,28.83,3.328515561410116
1993-05-28,24.99,13.0,18.0,8.84,0.39,12.76,20.15,1.6914729287753532
1993-05-29,24.6,11.58,17.51,3.71,0.4,9.75,16.72,1.885539375437304
1993-05-30,25.27,10.83,18.1,0.61,0.39,6.69,30.72,2.238351388847714
1993-05-31,26.78,10.29,18.55,0.46,0.39,9.25,22.23,2.3519862926648902
1993-06-01,31.51,11.89,21.45,1.54,0.38,7.03,26.45,3.6207670441618545
1993-06-02,22.28,10.53,16.05,12.67,0.39,9.47,15.64,1.5043655327189922
1993-06-03,22.88,7.53,13.45,9.08,0.42,7.58,11.43,1.7466452188717645
1993-06-04,19.54,6.45,12.18,0.25,0.41,4.01,18.14,1.4586874800416547
1993-06-05,26.41,6.51,17.07,0.01,0.41,6.5,19.98,2.4757982056206176
1993-06-06,31.4,11.79,21.36,0.04,0.4,3.48,27.26,3.811945273052771
1993-06-07,22.51,10.26,15.82,0.71,0.39,0.21,24.61,2.1070446580712696
1993-06-08,23.29,8.33,16.18,1.21,0.39,2.52,27.67,2.1267583052875154
1993-06-09,23.62,7.88,16.54,0.09,0.38,2.91,29.52,2.1635927040190768
1993-06-10,26.91,9.83,19.31,0.03,0.38,4.72,28.08,2.6911506065087654
1993-06-11,30.11,12.96,21.89,0.06,0.38,6.66,30.77,3.2912020026397877
1993-06-12,33.66,12.94,24.14,0.0,0.37,5.1,30.98,4.340966580351203
1993-06-13,28.25,13.4,20.59,0.0,0.37,7.65,31.16,2.7878393333236935
1993-06-14,28.4,13.67,20.3,0.38,0.36,9.89,26.94,2.649923299123153
1993-06-15,36.19,15.78,25.96,4.88,0.37,9.78,27.72,4.793234847772697
1993-06-16,33.76,15.99,24.63,3.62,0.37,7.8,22.65,4.190346603383931
1993-06-17,23.49,14.31,18.45,6.25,0.37,13.59,9.73,1.3372219735054278
1993-06-18,20.57,10.08,14.9,6.48,0.39,9.48,16.88,1.2362469258249325
1993-06-19,25.87,9.67,17.75,0.01,0.39,5.86,28.4,2.4096097171679363
1993-06-20,31.06,11.5,22.3,0.03,0.38,5.73,31.02,3.5901880334512692
1993-06-21,30.94,16.48,22.91,3.83,0.38,12.61,30.12,3.0172830110190096
1993-06-22,33.12,14.67,24.62,0.05,0.38,6.98,29.83,4.063621389874871
1993-06-23,31.53,13.94,22.03,1.58,0.37,10.21,24.99,3.3845895384965234
1993-06-24,26.21,7.79,17.47,0.0,0.37,-1.63,31.46,2.861364157096839
1993-06-25,28.14,10.46,19.81,0.07,0.37,5.18,31.06,2.927520155749133
1993-06-26,31.71,13.91,23.56,0.22,0.37,12.65,30.29,3.213585978692999
1993-06-27,36.46,16.29,26.74,0.02,0.36,7.85,28.11,5.0307327287458
1993-06-28,36.3,17.67,27.18,0.0,0.36,8.04,29.72,4.963792390867353
1993-06-29,38.21,18.91,28.8,0.05,0.35,6.81,29.08,5.711491724175784
1993-06-30,28.74,16.29,21.76,0.99,0.35,10.95,27.91,2.6375257456678547
1993-07-01,32.77,15.28,23.93,3.22,0.36,13.73,28.81,3.394806328816344
1993-07-02,34.44,17.27,26.1,1.04,0.36,11.46,27.79,4.097571963033368
1993-07-03,38.01,18.12,27.77,0.04,0.35,3.84,27.81,5.824192701456648
1993-07-04,29.58,13.74,22.02,0.49,0.35,3.92,20.88,3.3332196881383678
1993-07-05,28.06,10.28,19.82,1.41,0.35,3.14,27.76,3.027827252974578
1993-07-06,31.55,13.61,22.65,2.8,0.35,6.52,27.55,3.665880366462942
1993-07-07,30.52,15.45,22.52,4.29,0.36,11.06,28.03,3.053313091626925
1993-07-08,35.68,15.86,25.53,1.23,0.36,8.48,25.55,4.729131153728134
1993-07-09,29.52,16.4,22.03,9.29,0.37,13.69,27.18,2.5609073287863975
1993-07-10,36.44,17.36,26.69,0.15,0.37,10.88,28.43,4.7836513647298755
1993-07-11,26.1,15.02,20.17,0.57,0.37,12.44,18.19,1.9375825627216232
1993-07-12,29.98,16.68,22.81,3.82,0.37,15.26,22.93,2.5040976781863504
1993-07-13,28.45,14.82,21.48,8.73,0.37,14.61,28.76,2.217111367385117
1993-07-14,25.97,12.87,19.48,3.31,0.39,13.7,21.52,1.787735846723471
1993-07-15,28.34,16.82,21.53,1.27,0.39,15.32,25.55,2.114610286538773
1993-07-16,33.01,15.75,24.88,0.38,0.38,14.74,25.44,3.355960866298835
1993-07-17,24.74,15.77,21.05,2.2,0.38,16.18,11.31,1.2797508908718214
1993-07-18,28.52,15.21,21.6,1.85,0.38,13.93,27.4,2.3045388387467884
1993-07-19,25.51,16.36,20.93,14.27,0.39,15.58,20.69,1.4952160957348672
1993-07-20,23.71,16.02,19.68,1.08,0.4,15.7,23.55,1.1486350646947807
1993-07-21,30.11,15.99,23.07,4.63,0.4,14.84,21.38,2.58205085603686
1993-07-22,29.64,15.25,21.85,2.68,0.4,10.14,29.9,2.9167032024475956
1993-07-23,27.52,15.94,21.02,13.01,0.41,14.94,24.82,1.9767939116086246
1993-07-24,28.47,14.49,20.49,2.83,0.41,12.56,22.34,2.429410079599304
1993-07-25,31.06,12.48,22.02,0.27,0.4,9.14,29.26,3.3489972459521065
1993-07-26,35.86,16.35,25.79,0.21,0.4,10.94,27.63,4.588026488412412
1993-07-27,29.12,13.37,21.27,0.07,0.39,5.83,27.74,3.109379175954825
1993-07-28,32.24,14.15,23.44,0.04,0.38,8.41,27.59,3.716545768890401
1993-07-29,35.49,16.86,26.56,0.0,0.38,11.62,27.63,4.40895383733225
1993-07-30,34.35,17.97,26.47,0.04,0.37,11.14,27.32,4.09881994269514
1993-07-31,36.08,19.57,27.92,0.02,0.37,9.66,27.74,4.766860538158252
1993-08-01,26.9,16.42,21.96,0.27,0.36,11.52,25.7,2.1856930661607366
1993-08-02,28.59,14.89,21.34,0.97,0.36,12.44,20.4,2.4679619311486585
1993-08-03,20.21,11.76,16.27,0.66,0.36,9.32,13.96,1.1957349946329539
1993-08-04,28.32,11.94,19.42,5.54,0.36,12.35,19.19,2.41566942157454
1993-08-05,26.16,14.04,19.05,2.38,0.37,10.66,23.06,2.1100250406347416
1993-08-06,27.76,12.28,20.42,2.44,0.37,10.07,25.1,2.4936945240090016
1993-08-07,33.27,14.24,24.3,0.41,0.37,9.51,27.68,3.9186109773932385
1993-08-08,33.41,17.23,25.26,1.01,0.37,11.61,26.22,3.78009037884578
1993-08-09,33.93,18.33,26.13,0.33,0.37,10.27,27.41,4.048205873757615
1993-08-10,32.24,17.14,24.63,17.39,0.37,11.91,13.84,3.4253794985243644
1993-08-11,30.04,16.34,22.83,4.32,0.4,13.48,27.69,2.7073577326415372
1993-08-12,24.96,17.39,20.64,16.89,0.41,14.74,24.17,1.483228857712516
1993-08-13,30.2,17.63,22.93,2.46,0.43,14.61,20.2,2.628986999933703
1993-08-14,28.34,17.0,21.74,0.0,0.42,10.91,22.83,2.550527219728674
1993-08-15,30.21,15.21,22.91,0.43,0.41,11.87,21.93,2.9038556850970245
1993-08-16,31.34,16.08,24.15,0.52,0.4,13.3,27.0,3.0528704416670083
1993-08-17,32.37,17.91,25.05,0.05,0.39,12.44,24.73,3.411317795919019
1993-08-18,28.61,18.75,22.47,0.67,0.39,16.26,17.16,2.067574815635127
1993-08-19,23.57,16.46,19.54,0.65,0.39,15.38,11.08,1.16024849537831
1993-08-20,27.44,16.01,21.01,2.73,0.39,16.65,18.58,1.7632502678564639
1993-08-21,28.63,17.89,22.81,5.39,0.39,15.94,20.73,2.1094905541598354
1993-08-22,27.84,16.25,21.15,1.8,0.39,12.16,18.2,2.3274284000279364
1993-08-23,30.04,14.91,21.95,0.0,0.39,8.37,25.74,3.1527055753999003
1993-08-24,32.46,15.56,24.21,0.0,0.38,8.37,25.1,3.7796716078346497
1993-08-25,34.26,16.5,25.36,0.11,0.38,11.3,24.72,4.05762764260677
1993-08-26,27.0,14.8,19.69,4.04,0.38,11.91,20.69,2.171078231294037
1993-08-27,21.41,14.55,17.23,9.29,0.39,12.86,8.58,1.0662222869736624
1993-08-28,24.89,14.32,19.32,0.82,0.4,11.99,13.91,1.7454417517756364
1993-08-29,29.02,16.8,22.26,0.28,0.39,10.62,15.74,2.7303879403107856
1993-08-30,16.54,8.24,10.98,2.57,0.39,4.4,7.94,1.0455145625939641
1993-08-31,23.04,6.59,14.8,0.0,0.39,4.33,23.23,1.9838966409969099
1993-09-01,28.96,10.4,19.69,0.51,0.39,6.07,23.44,3.05677664089303
1993-09-02,20.9,8.55,13.88,1.39,0.39,5.93,6.43,1.5411827298436738
1993-09-03,28.4,7.24,17.65,0.0,0.38,2.78,24.17,3.1228476918005477
1993-09-04,29.29,10.41,19.72,0.06,0.38,3.95,23.68,3.262896305302853
1993-09-05,22.04,11.43,16.17,2.38,0.38,9.68,4.95,1.4485061773032362
1993-09-06,19.83,10.8,14.69,1.11,0.38,9.43,8.68,1.131947682768564
1993-09-07,24.82,10.58,15.49,1.81,0.38,9.88,14.22,1.9158488103649132
1993-09-08,24.52,9.52,16.74,0.07,0.38,5.34,22.99,2.1850959257802103
1993-09-09,26.33,11.24,18.09,0.02,0.38,3.89,23.78,2.6205872141470516
1993-09-10,27.61,8.63,18.24,0.47,0.38,6.35,23.14,2.736927578321269
1993-09-11,31.68,13.51,22.37,0.0,0.37,0.82,22.54,4.021240466238431
1993-09-12,33.1,12.85,22.93,0.21,0.37,1.45,22.61,4.38008688277389
1993-09-13,11.44,1.39,4.86,2.59,0.37,-0.26,3.59,0.7522662017366517
1993-09-14,17.26,-0.59,8.41,0.02,0.37,-4.11,22.69,1.5193764764577016
1993-09-15,25.65,4.53,14.03,0.03,0.37,-1.49,22.05,2.7448605842544502
1993-09-16,23.07,8.72,14.4,0.08,0.37,2.15,21.86,2.1081020870429374
1993-09-17,23.9,6.56,13.97,2.33,0.37,6.55,17.83,1.994734990972849
1993-09-18,19.87,9.69,13.17,3.29,0.38,9.24,3.71,1.1527226641603194
1993-09-19,22.12,6.48,14.06,0.01,0.38,3.93,19.39,1.8540683532835704
1993-09-20,25.86,7.22,16.58,0.01,0.37,1.94,21.34,2.631103742198828
1993-09-21,31.01,11.51,20.55,0.0,0.37,1.03,20.78,3.8370182434532145
1993-09-22,19.32,8.1,13.19,0.01,0.37,3.75,17.08,1.4425851309464814
1993-09-23,15.28,6.33,10.16,0.2,0.37,5.31,7.12,0.8449635641125809
1993-09-24,19.04,7.62,11.45,0.1,0.37,6.68,9.91,1.2228265971543735
1993-09-25,24.58,7.64,15.0,0.0,0.37,-1.36,18.79,2.5364622592018806
1993-09-26,17.44,6.58,11.95,0.07,0.37,0.03,19.83,1.3802898953657636
1993-09-27,27.0,7.82,16.63,0.0,0.36,-1.77,19.68,3.02888333861146
1993-09-28,21.22,7.7,14.16,0.0,0.36,2.65,19.18,1.7816638252225754
1993-09-29,24.2,6.53,14.67,0.0,0.36,4.7,18.9,2.1657144523265512
1993-09-30,28.71,9.77,18.87,0.06,0.36,-3.03,18.34,3.450503228235579
1993-10-01,20.49,7.48,13.4,0.0,0.36,2.06,17.34,1.7014774245779813
1993-10-02,20.13,6.32,12.67,0.0,0.36,2.27,18.84,1.6377713488136694
1993-10-03,26.75,8.11,17.68,0.0,0.36,0.47,19.21,2.881369576946704
1993-10-04,29.01,11.1,19.31,0.0,0.36,-0.09,18.71,3.4011821725797535
1993-10-05,29.35,11.65,19.57,0.0,0.36,2.05,17.66,3.379243502725038
1993-10-06,30.91,13.95,20.92,0.0,0.35,0.48,17.07,3.837154809722641
1993-10-07,21.96,10.79,15.44,11.48,0.36,7.49,7.28,1.6014208505569696
1993-10-08,9.31,-2.94,3.82,1.16,0.38,-1.23,6.92,0.6140869869137715
1993-10-09,7.63,-4.61,1.14,0.03,0.38,-6.56,14.81,0.6722115824112838
1993-10-10,14.87,0.7,6.27,0.16,0.38,-3.94,11.96,1.2348091380388033
1993-10-11,20.48,2.92,11.71,0.0,0.38,-3.36,14.44,1.9320453890393743
1993-10-12,19.5,5.47,11.07,0.52,0.38,0.9,10.92,1.6148951616240481
1993-10-13,19.31,5.83,12.41,0.41,0.37,3.13,14.26,1.4754657737800545
1993-10-14,20.56,6.6,12.6,2.88,0.38,4.56,11.9,1.5746994264902558
1993-10-15,19.51,7.51,12.51,7.56,0.38,5.84,13.55,1.343487690510111
1993-10-16,14.95,7.56,9.93,5.48,0.4,6.84,11.8,0.7089598836640039
1993-10-17,10.23,4.99,7.56,20.83,0.43,6.24,1.38,0.29625610654571055
1993-10-18,10.97,1.57,5.16,5.77,0.45,2.42,5.78,0.5829636935568308
1993-10-19,14.74,0.33,6.98,0.12,0.44,2.31,14.46,0.95555852995332
1993-10-20,9.0,0.39,4.71,0.35,0.43,-3.45,15.94,0.6746397626776254
1993-10-21,17.72,-0.71,7.53,0.0,0.43,-3.8,17.1,1.5667839772224867
1993-10-22,21.37,3.41,11.03,0.0,0.42,-1.52,16.7,1.997646279101191
1993-10-23,20.42,6.3,12.86,0.0,0.41,-0.89,16.63,1.827418219185888
1993-10-24,21.42,4.18,11.8,0.0,0.41,-0.96,16.31,1.9824728818690405
1993-10-25,14.09,4.92,8.44,0.0,0.41,-2.35,13.81,1.0940632943294029
1993-10-26,7.64,-2.42,2.75,0.0,0.4,-5.85,12.89,0.6519940489389922
1993-10-27,15.58,-3.66,5.52,0.0,0.4,-8.27,15.01,1.44268145264269
1993-10-28,10.13,-1.69,4.8,3.4,0.4,-3.52,5.39,0.7677578861607306
1993-10-29,-2.14,-9.5,-5.51,0.86,0.4,-13.03,3.68,0.2980271076623774
1993-10-30,2.83,-9.5,-3.9,0.0,0.4,-13.04,10.84,0.5249122412136852
1993-10-31,14.03,-2.9,3.48,0.0,0.4,-8.07,14.96,1.269172320987243
1993-11-01,10.08,0.53,4.63,0.0,0.4,-3.95,7.31,0.7785878558034702
1993-11-02,9.21,-4.86,1.95,0.0,0.4,-8.67,14.97,0.8471442453796587
1993-11-03,18.47,-0.33,8.03,0.0,0.4,-4.86,9.25,1.7001032395156945
1993-11-04,7.47,-4.52,2.19,0.01,0.39,-6.74,8.39,0.6659808407752967
1993-11-05,-0.31,-6.54,-4.06,0.05,0.39,-10.67,10.57,0.32627585192720027
1993-11-06,7.27,-6.8,-0.85,0.0,0.39,-11.97,14.65,0.7765404927582046
1993-11-07,10.37,-4.18,1.12,0.0,0.39,-10.4,14.35,0.9819698715801914
1993-11-08,9.58,-4.04,1.22,0.0,0.39,-8.0,14.32,0.8594597457815889
1993-11-09,10.1,-2.52,2.15,0.0,0.39,-9.18,13.92,0.9313744353388693
1993-11-10,15.99,-1.97,5.76,0.0,0.39,-7.36,9.38,1.4657044524132783
1993-11-11,11.36,-1.02,4.28,2.07,0.39,-3.81,12.07,0.8836593071742866
1993-11-12,4.9,-3.16,1.44,7.98,0.4,-0.92,5.46,0.2951464015058516
1993-11-13,7.23,-4.76,0.88,2.25,0.4,-3.61,12.57,0.550017246814191
1993-11-14,-0.49,-8.45,-3.38,10.75,0.4,-4.52,3.45,0.1525786552293214
1993-11-15,3.8,-9.05,-3.3,0.25,0.41,-5.69,2.9,0.4022715241085592
1993-11-16,6.33,-5.61,-0.73,0.01,0.41,-5.83,9.7,0.5613312991018471
1993-11-17,5.3,-4.24,-0.17,0.0,0.42,-5.51,7.41,0.4856067412530055
1993-11-18,13.49,-2.1,4.53,0.03,0.42,-3.8,8.23,1.0853126882650457
1993-11-19,4.23,-7.08,-2.3,0.0,0.42,-9.92,11.24,0.538991722734253
1993-11-20,10.89,-4.05,1.96,0.0,0.41,-8.19,11.68,0.9736985101507705
1993-11-21,13.02,-1.96,3.7,0.0,0.41,-6.71,11.94,1.1302039963839263
1993-11-22,14.27,-1.9,4.78,0.01,0.41,-4.1,11.7,1.1759796244920848
1993-11-23,2.69,-10.53,-3.74,0.16,0.41,-6.34,3.06,0.3610557984704551
1993-11-24,-8.12,-15.65,-10.92,0.39,0.41,-16.07,2.29,0.15703817945782636
1993-11-25,-7.1,-16.11,-11.72,0.04,0.4,-16.81,6.19,0.19485357416740678
1993-11-26,0.07,-9.26,-3.93,0.0,0.4,-12.19,6.02,0.37417350644202463
1993-11-27,7.2,-4.97,-0.36,0.0,0.4,-10.39,10.96,0.7387077095891594
1993-11-28,9.32,-0.62,2.65,0.0,0.4,-6.76,11.33,0.8050103970548133
1993-11-29,9.81,-0.64,2.98,0.0,0.4,-5.08,9.58,0.7937909623799477
1993-11-30,8.31,0.12,3.01,0.0,0.4,-5.11,7.7,0.6779590767658852
1993-12-01,8.21,-1.18,2.27,0.0,0.4,-4.51,10.68,0.6510986119957827
1993-12-02,11.8,-0.4,3.97,0.0,0.4,-5.15,10.66,0.9677709861694801
1993-12-03,5.59,-2.65,0.19,0.0,0.4,-7.8,10.78,0.5692799803453104
1993-12-04,11.13,-2.27,2.36,0.0,0.4,-6.66,10.24,0.9531468702519145
1993-12-05,4.57,-5.62,-0.76,0.0,0.4,-11.83,10.05,0.5996553714523573
1993-12-06,4.81,-5.51,-1.41,0.0,0.4,-10.01,7.55,0.57532462301847
1993-12-07,7.18,-1.82,0.95,0.0,0.4,-8.8,9.7,0.700222960297426
1993-12-08,12.13,-0.83,4.21,0.0,0.39,-7.7,8.53,1.0723646439073515
1993-12-09,14.4,-0.64,4.99,0.0,0.39,-4.79,7.47,1.21263526786749
1993-12-10,12.33,-0.96,3.79,0.0,0.39,-4.01,9.38,0.9794586786981112
1993-12-11,14.96,1.23,6.73,0.0,0.39,-3.37,8.87,1.2246930068383586
1993-12-12,13.89,0.33,5.21,0.03,0.39,-2.44,2.77,1.0767505691586927
1993-12-13,3.79,-4.37,-0.01,0.0,0.39,-11.13,9.29,0.5402196397761729
1993-12-14,6.05,-4.8,-1.22,0.0,0.39,-12.29,10.42,0.7005380579504317
1993-12-15,2.87,-4.85,-2.43,1.34,0.39,-7.76,4.45,0.4101290073761743
1993-12-16,-1.26,-5.05,-3.35,1.78,0.39,-7.38,3.34,0.20613200684429844
1993-12-17,2.49,-8.62,-4.0,0.0,0.39,-9.4,8.58,0.4311728606412076
1993-12-18,3.51,-7.99,-3.21,0.0,0.39,-9.88,7.03,0.49719405377864073
1993-12-19,-0.22,-7.5,-3.97,0.01,0.39,-9.21,5.17,0.2969678159064662
1993-12-20,1.68,-9.19,-4.42,0.0,0.39,-11.14,8.14,0.4287541474045441
1993-12-21,-1.54,-8.86,-5.08,0.07,0.39,-10.89,4.41,0.2794782369267403
1993-12-22,-0.47,-11.49,-6.32,0.0,0.39,-13.86,4.8,0.38097474701160905
1993-12-23,-3.76,-10.18,-5.98,0.31,0.39,-11.33,3.44,0.20558992856618474
1993-12-24,6.4,-9.44,-1.35,0.0,0.39,-10.21,4.63,0.6803365031354434
1993-12-25,9.65,-2.76,1.43,0.0,0.39,-8.68,8.5,0.8824009771872046
1993-12-26,9.99,-0.5,2.68,0.01,0.39,-7.8,8.42,0.8875240821502063
1993-12-27,0.15,-4.47,-2.2,0.27,0.39,-5.72,2.04,0.21880279306349648
1993-12-28,6.46,-4.84,-0.12,0.02,0.39,-5.92,8.17,0.5726657281645237
1993-12-29,4.15,-4.79,-1.1,0.0,0.39,-7.23,9.66,0.46690922070167645
1993-12-30,9.17,-5.13,0.43,0.0,0.39,-9.67,9.29,0.8680347241144857
1993-12-31,8.4,-0.79,2.15,0.0,0.39,-8.62,5.86,0.7837956887141136
1994-01-01,6.84,-2.72,1.22,0.04,0.39,-7.03,9.69,0.6303918147369023
1994-01-02,4.3,-3.46,0.37,0.04,0.39,-7.57,10.38,0.48485197829508186
1994-01-03,8.95,-3.42,1.53,0.0,0.39,-7.53,7.09,0.7973708005345387
1994-01-04,7.1,-4.76,0.15,0.0,0.39,-6.17,10.44,0.6235642757126407
1994-01-05,11.25,-3.21,3.63,0.08,0.39,-4.99,7.9,0.9131922153817114
1994-01-06,-0.86,-5.5,-3.29,1.1,0.39,-7.8,3.89,0.23399632754495758
1994-01-07,3.69,-8.53,-2.51,0.02,0.39,-10.91,4.25,0.5299490745631839
1994-01-08,7.31,-3.8,-0.07,0.0,0.39,-9.02,9.8,0.7146817306136202
1994-01-09,6.01,-3.54,-0.28,0.0,0.39,-6.91,6.93,0.5718868691338936
1994-01-10,5.12,-3.75,-0.19,0.0,0.39,-7.67,10.79,0.5365783290812058
1994-01-11,7.63,-5.72,0.4,0.0,0.39,-8.77,7.65,0.7312069207694685
1994-01-12,5.41,-4.02,0.42,0.03,0.39,-8.32,11.45,0.5714743518704708
1994-01-13,7.5,-1.64,1.59,0.01,0.39,-7.55,10.32,0.6905004532979033
1994-01-14,10.79,-2.05,2.42,0.0,0.39,-5.17,10.34,0.8787319566355766
1994-01-15,8.24,-2.21,1.23,0.0,0.39,-5.29,9.64,0.678440070758716
1994-01-16,2.86,-3.44,-0.58,0.0,0.39,-7.27,10.4,0.3963898622434281
1994-01-17,4.23,-7.57,-1.96,0.02,0.39,-9.1,3.32,0.5197538431616524
1994-01-18,9.65,-7.44,-0.52,0.0,0.39,-7.74,11.41,0.8582529885871821
1994-01-19,11.73,-4.48,1.8,0.0,0.39,-8.44,11.75,1.0547142881005058
1994-01-20,5.16,-4.5,-1.41,0.0,0.39,-6.32,7.25,0.5013172279716476
1994-01-21,11.8,-2.95,2.25,0.0,0.39,-7.22,12.55,1.0289207703263736
1994-01-22,12.56,-0.84,4.51,0.0,0.39,-8.2,12.48,1.1260118879749017
1994-01-23,14.42,-0.78,3.56,0.0,0.39,-8.55,12.55,1.3223969920363148
1994-01-24,13.41,-0.78,4.93,0.02,0.39,-6.13,8.39,1.152038569755264
1994-01-25,10.57,-3.54,3.23,0.63,0.39,-4.32,12.55,0.8322296407814664
1994-01-26,-3.66,-8.65,-7.15,13.47,0.39,-9.22,5.76,0.16213985079268733
1994-01-27,-1.63,-9.23,-6.18,0.05,0.39,-8.68,8.92,0.22497389306996285
1994-01-28,0.61,-9.57,-5.93,0.05,0.39,-9.6,9.75,0.34354897936586304
1994-01-29,-0.74,-10.44,-5.9,0.09,0.39,-9.78,6.31,0.2879422270350975
1994-01-30,-6.68,-16.18,-10.99,0.04,0.39,-14.35,11.02,0.16940397646158453
1994-01-31,-5.65,-17.53,-12.26,0.0,0.39,-17.42,9.62,0.24534945266133065
1994-02-01,-3.06,-12.99,-8.08,0.0,0.39,-14.94,8.89,0.29602595431108636
1994-02-02,3.31,-10.18,-4.5,0.0,0.39,-12.44,10.79,0.5396594448928969
1994-02-03,5.25,-9.04,-2.95,0.0,0.4,-10.78,10.82,0.6191390538110166
1994-02-04,4.76,-9.96,-2.35,0.0,0.4,-8.53,8.11,0.5369993249458176
1994-02-05,7.04,-8.18,-1.75,0.0,0.4,-9.38,12.86,0.7045403444671996
1994-02-06,8.3,-5.87,0.6,0.0,0.4,-10.23,12.78,0.8143454838551976
1994-02-07,6.47,-7.07,-1.65,0.09,0.4,-6.77,6.89,0.5981545781142688
1994-02-08,-0.82,-16.52,-6.34,0.36,0.4,-10.64,6.4,0.303766707221156
1994-02-09,4.75,-16.92,-6.18,0.0,0.4,-13.16,11.59,0.6356231904357477
1994-02-10,7.5,-4.19,0.24,0.05,0.4,-8.2,13.73,0.7075890515031578
1994-02-11,12.13,-5.05,0.5,0.43,0.4,-6.82,13.22,1.048225824156682
1994-02-12,1.2,-5.45,-3.12,0.03,0.4,-14.0,10.58,0.45939492521338543
1994-02-13,9.92,-7.71,-0.01,0.0,0.4,-13.47,14.93,1.0053542901865038
1994-02-14,11.79,-2.46,2.47,0.0,0.4,-10.5,8.04,1.1086826441753286
1994-02-15,9.68,-3.67,1.47,0.0,0.39,-7.2,16.19,0.8460745166511245
1994-02-16,16.49,-1.47,5.16,0.0,0.39,-8.99,10.94,1.566549022168241
1994-02-17,14.32,0.08,6.35,0.0,0.39,-4.97,10.72,1.2099686044390474
1994-02-18,16.95,-0.21,7.55,0.05,0.39,-3.43,14.69,1.4574672248041245
1994-02-19,8.78,-4.45,2.74,0.04,0.39,-7.1,11.59,0.7725419428844846
1994-02-20,5.7,-4.71,-1.25,0.12,0.39,-6.56,13.79,0.5420427549168947
1994-02-21,4.88,-5.16,-1.79,0.56,0.39,-5.99,5.97,0.47448487543917717
1994-02-22,-3.15,-7.32,-5.65,0.53,0.39,-10.39,8.29,0.20717781622318882
1994-02-23,3.82,-8.9,-2.5,0.0,0.39,-11.76,15.26,0.5548026142848623
1994-02-24,12.11,-6.42,2.58,0.01,0.39,-8.21,17.73,1.0838356816871968
1994-02-25,-3.12,-9.25,-6.16,0.0,0.39,-12.35,18.77,0.24859683752899536
1994-02-26,8.94,-8.19,-0.92,0.0,0.39,-9.57,18.42,0.8478101429127496
1994-02-27,15.49,-2.6,4.19,0.14,0.39,-4.87,16.71,1.3345410600780383
1994-02-28,8.76,-2.9,2.11,0.2,0.39,-1.8,8.74,0.5943097243016335
1994-03-01,11.26,-2.97,3.01,0.0,0.39,-2.9,18.41,0.8422805570697718
1994-03-02,15.86,-1.26,6.69,0.0,0.39,-3.57,19.19,1.3329104018660094
1994-03-03,19.77,0.44,9.74,0.0,0.38,-4.31,19.56,1.8614299170985416
1994-03-04,19.36,0.96,9.2,0.0,0.38,-3.54,19.61,1.776995531617683
1994-03-05,16.58,3.07,8.72,0.03,0.38,-2.13,19.62,1.3643949850653971
1994-03-06,10.78,0.52,4.72,0.97,0.38,1.08,11.14,0.6331299197058353
1994-03-07,11.24,-3.68,3.04,1.27,0.38,-0.65,5.42,0.7513004033432192
1994-03-08,-1.41,-4.66,-3.5,3.19,0.39,-7.18,10.55,0.19453833945265803
1994-03-09,6.85,-6.92,-0.66,0.01,0.39,-9.14,16.16,0.6857833273940133
1994-03-10,14.96,-3.69,5.18,0.0,0.39,-8.33,20.48,1.3750950537385735
1994-03-11,16.31,0.13,6.73,0.0,0.39,-5.33,19.15,1.4438662868303502
1994-03-12,9.25,-3.18,2.43,0.09,0.39,-3.82,16.29,0.7071407767641184
1994-03-13,15.85,-2.41,6.39,0.0,0.39,-6.7,21.18,1.4311262035437866
1994-03-14,20.62,2.63,10.2,0.0,0.38,-5.35,17.57,2.0194316465830444
1994-03-15,19.44,-1.59,8.15,0.0,0.38,-3.44,21.46,1.7846658595009672
1994-03-16,24.28,4.16,13.82,0.0,0.38,-3.69,17.36,2.5694614950205406
1994-03-17,23.47,5.12,14.16,0.0,0.38,-3.67,19.09,2.424628759106435
1994-03-18,19.93,1.02,10.97,0.0,0.38,-4.41,20.26,1.8877409830844918
1994-03-19,23.46,5.98,15.23,0.01,0.37,-0.41,20.7,2.2957463988360027
1994-03-20,10.76,-0.49,5.17,0.09,0.37,-2.92,15.06,0.7993599858508036
1994-03-21,19.94,-0.66,9.09,0.0,0.37,-7.5,22.39,1.9819845574387203
1994-03-22,22.38,3.56,13.17,0.0,0.37,-5.46,21.69,2.2991029434400856
1994-03-23,16.11,3.29,9.69,0.0,0.37,-9.33,22.9,1.5298425985028095
1994-03-24,8.99,-1.61,3.35,0.0,0.37,-8.62,17.67,0.8287337061891501
1994-03-25,14.42,-3.14,5.05,0.03,0.37,-5.07,17.12,1.2237573928576908
1994-03-26,9.31,-2.25,2.22,0.02,0.37,-7.54,19.17,0.8257776722113794
1994-03-27,-0.14,-6.42,-3.06,0.01,0.37,-13.15,18.8,0.3828422525233732
1994-03-28,9.5,-6.63,1.51,0.89,0.37,-9.06,20.46,0.8796864900825394
1994-03-29,2.48,-5.27,-1.41,0.09,0.37,-9.96,17.68,0.4436334323041063
1994-03-30,12.99,-5.4,3.66,0.0,0.37,-11.91,24.81,1.2515623788712367
1994-03-31,16.63,-2.3,7.0,0.0,0.37,-8.48,24.88,1.5706945878675826
1994-04-01,21.76,-0.1,11.37,0.05,0.37,-6.98,22.2,2.243592684614743
1994-04-02,10.07,1.16,4.66,0.13,0.37,-2.79,14.76,0.7363786589073074
1994-04-03,20.28,-0.48,9.9,0.01,0.37,-3.51,22.21,1.9078224131630077
1994-04-04,19.83,-3.75,8.79,1.3,0.37,-3.06,20.79,1.8263496278756055
1994-04-05,0.74,-5.61,-2.88,0.75,0.37,-9.52,15.58,0.34771346222301935
1994-04-06,13.67,-5.23,4.83,0.0,0.37,-7.49,18.89,1.2167946629601034
1994-04-07,19.95,1.52,10.1,0.15,0.37,-4.25,20.97,1.8852733575052114
1994-04-08,16.14,-0.58,7.93,2.85,0.37,-5.05,21.48,1.4150302459261765
1994-04-09,5.91,-0.67,2.78,19.26,0.39,0.83,5.08,0.28060295707629324
1994-04-10,5.99,-1.73,1.74,7.57,0.41,-1.27,2.29,0.3778630313629342
1994-04-11,1.7,-2.12,-0.47,9.12,0.42,-2.64,5.12,0.1876915334313899
1994-04-12,14.74,-3.52,5.1,0.01,0.42,-3.53,17.74,1.206419129465857
1994-04-13,21.85,3.54,12.61,0.0,0.42,-1.73,24.78,2.0818105809119647
1994-04-14,20.65,2.99,11.25,0.0,0.42,-1.01,21.5,1.8667026742789532
1994-04-15,17.37,-1.69,7.69,0.0,0.41,-4.2,25.57,1.5361687759946718
1994-04-16,24.15,2.96,13.85,0.0,0.41,-2.24,26.16,2.4927743137762586
1994-04-17,27.32,6.93,17.55,0.0,0.4,-0.67,23.19,3.0511727815233844
1994-04-18,27.16,8.99,18.55,0.0,0.39,1.72,22.41,2.9073182838738414
1994-04-19,19.58,8.49,13.53,0.18,0.39,5.16,22.76,1.3960728345807922
1994-04-20,26.62,7.51,17.36,0.5,0.39,6.06,21.54,2.5476227096915607
1994-04-21,22.17,9.78,16.28,0.08,0.39,6.92,25.75,1.675083074911957
1994-04-22,23.15,9.24,15.76,0.13,0.38,7.99,18.71,1.7629893527927525
1994-04-23,28.35,11.18,19.22,0.0,0.38,4.65,27.22,3.006421202804068
1994-04-24,27.7,12.77,19.57,0.0,0.38,1.59,26.55,3.0292005173140018
1994-04-25,16.26,2.71,9.34,14.43,0.39,2.98,12.93,1.0920123347913346
1994-04-26,7.08,-4.28,2.29,0.11,0.4,-4.77,24.46,0.5787848422832701
1994-04-27,6.0,-4.95,-0.23,0.96,0.4,-6.2,11.25,0.5508006262352101
1994-04-28,10.32,-1.86,3.39,1.21,0.4,-3.85,15.07,0.7951273877929311
1994-04-29,6.91,-3.55,1.19,2.94,0.4,-3.23,12.99,0.5144006292188499
1994-04-30,14.03,-2.76,5.44,0.53,0.4,-2.14,19.5,1.079750121973185
1994-05-01,16.53,0.91,8.89,0.56,0.4,0.39,21.46,1.2524062347512632
1994-05-02,15.81,4.77,9.82,0.43,0.4,2.48,12.97,1.0660848478375176
1994-05-03,22.06,3.79,12.97,0.7,0.39,0.31,25.34,2.028897330198247
1994-05-04,21.74,4.13,13.54,0.0,0.39,2.49,29.16,1.8715476813229208
1994-05-05,30.08,7.92,18.67,0.47,0.39,4.77,24.82,3.404169046110436
1994-05-06,22.93,8.77,14.72,0.63,0.39,8.16,17.29,1.7130494990105085
1994-05-07,23.31,5.9,14.97,0.01,0.38,5.45,26.64,1.9624534552055897
1994-05-08,25.28,9.34,17.06,0.13,0.38,3.03,28.9,2.4616153549823583
1994-05-09,20.83,6.86,13.85,1.44,0.38,7.32,22.07,1.437067236715582
1994-05-10,20.97,8.57,14.4,0.02,0.38,7.07,26.96,1.475741997818323
1994-05-11,26.98,7.67,18.0,0.15,0.38,1.67,29.77,2.872009634615072
1994-05-12,22.95,9.79,16.22,7.19,0.38,9.29,20.49,1.6302054449235925
1994-05-13,22.02,9.13,15.15,5.32,0.39,8.08,15.25,1.5685279935136274
1994-05-14,21.55,9.13,14.56,0.25,0.39,3.73,30.4,1.7743406858188058
1994-05-15,27.16,8.32,18.28,0.09,0.39,3.8,30.21,2.7970605178505568
1994-05-16,31.41,11.87,22.12,0.14,0.38,4.21,27.0,3.773166352833074
1994-05-17,31.01,12.36,22.01,0.1,0.38,2.02,28.6,3.7884984944793256
1994-05-18,31.55,13.23,20.84,5.8,0.37,7.93,24.82,3.567528016654488
1994-05-19,25.14,14.24,19.36,2.6,0.38,11.37,28.7,1.8489397384235304
1994-05-20,28.59,13.55,20.83,0.34,0.38,8.51,27.31,2.801135243632267
1994-05-21,25.62,10.17,18.0,0.01,0.38,3.3,29.89,2.5126134862941476
1994-05-22,30.5,10.44,20.7,0.76,0.38,6.37,25.89,3.4069442447510756
1994-05-23,26.9,10.79,19.46,1.89,0.38,6.23,27.94,2.5943723258442075
1994-05-24,20.91,11.85,17.05,3.81,0.38,9.36,24.73,1.2970080458513022
1994-05-25,22.84,10.5,17.13,2.39,0.38,8.52,28.32,1.6710045212403413
1994-05-26,17.4,9.55,12.93,3.15,0.39,6.32,21.63,1.0313678331823564
1994-05-27,25.04,7.79,16.77,1.43,0.39,7.0,29.87,2.1734747246150015
1994-05-28,28.95,11.12,19.04,3.61,0.38,7.72,19.91,2.941635954188569
1994-05-29,29.2,10.04,20.62,0.0,0.39,6.0,31.21,3.1170987238553174
1994-05-30,33.53,13.61,24.22,0.0,0.38,3.35,32.44,4.4048334942817915
1994-05-31,26.69,11.61,19.95,1.11,0.37,8.45,29.25,2.3949147864569422
1994-06-01,30.04,14.49,22.04,3.83,0.38,11.18,32.16,2.9243062231509542
1994-06-02,25.35,13.31,19.25,2.71,0.38,10.55,24.29,1.9604623061373085
1994-06-03,25.53,13.46,19.42,0.3,0.38,12.67,24.03,1.8034264866764873
1994-06-04,33.15,13.03,23.55,0.0,0.38,5.55,30.42,4.166251537389563
1994-06-05,32.32,17.54,24.02,0.0,0.37,4.41,30.83,4.004402819951889
1994-06-06,33.95,15.71,24.69,0.4,0.37,8.73,28.2,4.177182455620984
1994-06-07,34.36,14.31,24.93,0.59,0.36,1.61,29.71,4.7406255783270534
1994-06-08,25.63,13.23,19.6,7.52,0.37,12.33,23.67,1.8552381853969866
1994-06-09,24.06,9.78,16.38,5.34,0.38,7.92,30.48,1.9277427004441412
1994-06-10,26.93,12.2,19.35,1.0,0.38,9.02,26.84,2.401111968494849
1994-06-11,30.87,13.79,22.6,0.05,0.38,11.01,29.83,3.145862209098139
1994-06-12,34.59,16.66,26.16,0.02,0.37,6.99,26.35,4.495340093172247
1994-06-13,37.17,15.94,27.23,0.0,0.37,5.09,29.5,5.455343788132701
1994-06-14,38.17,18.99,28.78,0.0,0.36,0.04,29.01,6.073317161332196
1994-06-15,31.33,15.58,22.76,0.0,0.36,7.8,29.92,3.519444374470751
1994-06-16,31.34,15.21,23.08,0.0,0.36,6.45,27.66,3.6156429765282416
1994-06-17,32.18,15.3,24.33,0.21,0.35,12.67,19.7,3.3376093463275014
1994-06-18,28.55,16.06,22.72,4.18,0.36,15.07,23.08,2.1896333113306254
1994-06-19,30.55,18.1,24.83,0.96,0.36,11.91,30.13,2.984508163896326
1994-06-20,30.38,17.85,24.13,5.73,0.36,12.67,20.91,2.8706837687700277
1994-06-21,25.66,17.68,21.38,5.59,0.37,15.84,24.94,1.494680887246425
1994-06-22,29.04,16.35,22.23,1.52,0.38,13.22,22.29,2.4954843683882757
1994-06-23,30.2,14.1,21.76,0.21,0.37,8.8,30.92,3.1593422613406106
1994-06-24,33.21,15.28,24.82,0.0,0.37,6.59,31.49,4.115702721332196
1994-06-25,35.59,17.96,26.6,0.0,0.36,3.33,29.99,5.032949812582725
1994-06-26,37.36,15.0,26.72,0.0,0.36,5.42,31.13,5.500685244064398
1994-06-27,33.45,17.93,25.1,0.0,0.36,1.08,30.19,4.498004165938827
1994-06-28,32.15,15.55,24.07,0.01,0.35,4.21,30.72,3.969866857082948
1994-06-29,36.17,18.05,26.19,0.42,0.35,7.57,27.42,4.9548826344818355
1994-06-30,36.07,18.8,27.58,0.0,0.35,3.22,30.18,5.194173512832218
1994-07-01,37.92,17.01,28.1,0.43,0.35,6.23,24.84,5.646049420980963
1994-07-02,33.47,17.15,24.83,4.21,0.35,10.47,24.73,3.897108138077536
1994-07-03,34.64,17.52,25.43,3.34,0.35,12.25,25.24,4.08591172052335
1994-07-04,35.67,16.35,25.97,0.56,0.36,10.1,29.68,4.598054183434973
1994-07-05,34.46,15.89,25.41,0.19,0.35,8.69,29.08,4.33278384426664
1994-07-06,36.2,14.89,26.18,3.52,0.35,7.48,29.26,4.971138635558117
1994-07-07,24.55,12.13,17.46,0.61,0.35,4.15,22.76,2.26196587440168
1994-07-08,29.15,9.82,20.2,0.0,0.35,5.26,30.52,3.15226170175671
1994-07-09,34.1,14.73,25.16,0.25,0.35,7.4,29.74,4.319237772572803
1994-07-10,36.53,17.95,27.48,0.14,0.35,7.84,24.84,5.054816469810252
1994-07-11,30.47,19.11,24.24,8.05,0.35,13.52,26.34,2.80931488352462
1994-07-12,33.42,17.61,23.45,1.9,0.36,12.53,22.14,3.697529634927985
1994-07-13,29.44,15.16,21.91,5.9,0.36,12.56,25.74,2.653462084209464
1994-07-14,25.95,14.68,20.14,1.13,0.37,13.53,27.67,1.801022747013941
1994-07-15,32.77,16.23,23.68,1.39,0.37,11.82,22.42,3.5796125342311473
1994-07-16,33.99,14.92,23.01,4.53,0.37,12.02,24.74,3.9118845892906506
1994-07-17,31.38,16.34,23.64,2.24,0.37,13.5,28.33,3.043235212535569
1994-07-18,35.41,18.39,26.99,0.02,0.37,11.06,26.05,4.433396571764762
1994-07-19,30.57,18.13,24.11,0.12,0.36,9.15,25.95,3.2240289609177406
1994-07-20,26.58,15.63,20.32,1.13,0.36,12.22,24.07,2.055385873014969
1994-07-21,29.44,14.5,21.87,0.06,0.36,8.16,28.68,3.024149621365801
1994-07-22,34.66,15.38,25.22,0.26,0.36,7.95,29.7,4.448755496964851
1994-07-23,34.49,16.65,24.2,3.33,0.36,13.25,16.4,3.943671567809246
1994-07-24,33.23,17.2,24.74,3.63,0.36,14.58,25.69,3.4356297375694003
1994-07-25,28.84,18.41,23.6,10.56,0.37,16.27,27.4,2.1189060839285703
1994-07-26,25.72,13.68,19.31,0.38,0.38,10.45,25.44,2.0407154262057254
1994-07-27,28.95,12.8,20.83,0.22,0.37,7.34,28.03,2.968627637270046
1994-07-28,31.2,12.56,22.37,0.61,0.37,7.99,25.81,3.471961177873979
1994-07-29,32.38,15.81,24.25,0.21,0.37,11.26,21.18,3.522259420094925
1994-07-30,33.09,16.45,25.35,0.0,0.36,10.08,27.65,3.821035875982097
1994-07-31,34.93,18.56,25.97,1.74,0.36,10.67,15.5,4.316768903761911
1994-08-01,31.16,18.05,24.52,2.0,0.36,14.4,27.34,2.8931009838809523
1994-08-02,27.46,17.81,22.66,7.19,0.37,14.5,17.75,2.011476955972773
1994-08-03,29.6,16.59,22.9,0.54,0.37,13.1,28.58,2.6390851053579545
1994-08-04,29.33,15.8,22.98,0.34,0.37,11.01,26.96,2.769117514236913
1994-08-05,31.93,15.76,23.82,0.04,0.37,12.23,24.43,3.312022070242884
1994-08-06,35.59,19.33,26.71,0.0,0.36,7.74,27.25,4.7547282724671245
1994-08-07,37.22,17.63,27.57,0.71,0.36,7.43,27.01,5.318569398980946
1994-08-08,35.5,18.97,27.56,0.85,0.36,10.51,25.1,4.509375590810284
1994-08-09,36.55,21.43,28.35,0.66,0.35,11.92,21.76,4.7274572743694
1994-08-10,33.22,20.28,26.24,1.46,0.35,12.92,24.35,3.6026031637306657
1994-08-11,30.19,18.55,23.46,0.79,0.35,14.83,20.48,2.6027545273112835
1994-08-12,34.95,19.35,27.28,0.25,0.35,12.35,27.01,4.171898008092097
1994-08-13,23.4,18.07,20.8,21.74,0.38,17.02,18.31,0.9379436138651058
1994-08-14,25.84,16.84,20.72,1.99,0.39,14.09,25.19,1.7218119850470248
1994-08-15,30.26,14.9,22.15,0.01,0.39,10.52,26.71,3.0353410166698915
1994-08-16,34.49,15.29,25.07,0.01,0.38,9.36,25.34,4.28983081229253
1994-08-17,33.28,17.2,25.09,0.07,0.38,9.25,26.28,3.942095541336325
1994-08-18,36.16,17.88,26.01,0.46,0.37,12.59,22.22,4.535279806327258
1994-08-19,27.33,17.12,21.5,0.06,0.37,7.81,15.69,2.575985049203185
1994-08-20,28.8,13.41,21.01,0.0,0.37,7.56,25.2,2.9185709346885726
1994-08-21,32.83,14.53,23.63,0.0,0.36,8.72,25.77,3.855856392906193
1994-08-22,34.47,17.43,26.22,0.13,0.36,10.5,25.15,4.190333680522887
1994-08-23,33.28,18.08,25.29,0.25,0.36,5.87,25.4,4.182963567212953
1994-08-24,35.41,20.1,26.63,4.82,0.36,14.82,21.3,4.065671484460571
1994-08-25,35.12,17.69,25.89,0.48,0.36,9.85,25.37,4.444406875782104
1994-08-26,35.76,17.17,26.17,0.04,0.36,5.16,24.21,4.981109545081693
1994-08-27,36.22,19.18,27.43,0.66,0.35,10.49,23.18,4.744216320959756
1994-08-28,28.84,15.25,21.13,4.18,0.35,10.36,20.14,2.7108868286745
1994-08-29,32.81,15.01,23.72,0.52,0.36,10.09,20.74,3.7413987574956975
1994-08-30,27.47,14.2,20.54,1.83,0.36,6.12,22.33,2.721931376722937
1994-08-31,19.42,11.94,14.94,1.7,0.36,8.68,1.04,1.1321580194692757
1994-09-01,21.98,11.1,15.69,0.79,0.36,11.34,8.35,1.2980316104567593
1994-09-02,29.99,13.07,21.2,0.08,0.36,10.05,24.17,3.0085489437100676
1994-09-03,29.53,17.09,22.44,0.13,0.36,12.69,14.56,2.6623440926921216
1994-09-04,31.27,16.55,23.48,0.8,0.36,3.89,22.93,3.755126444473895
1994-09-05,26.14,11.58,18.69,0.55,0.36,5.63,23.69,2.477934889472065
1994-09-06,28.48,12.85,20.37,0.14,0.36,10.33,16.33,2.6314847346101624
1994-09-07,29.53,15.72,21.58,0.06,0.35,6.8,22.81,3.1418292342715257
1994-09-08,31.18,14.44,22.63,0.0,0.35,7.85,22.85,3.4769775163596135
1994-09-09,32.2,15.4,23.1,0.13,0.35,6.43,23.72,3.845462134745592
1994-09-10,34.39,14.48,24.24,0.16,0.35,6.47,21.98,4.469883724890055
1994-09-11,27.14,16.23,21.52,0.02,0.35,8.6,22.25,2.477325144755505
1994-09-12,32.58,15.09,23.89,0.02,0.35,7.37,21.4,3.8852512460957724
1994-09-13,30.89,15.35,23.65,0.07,0.35,9.21,18.2,3.3000846037724942
1994-09-14,30.8,15.07,22.49,0.12,0.34,6.45,20.46,3.4770459209993616
1994-09-15,24.54,11.18,17.07,0.0,0.34,0.9,21.75,2.4300254936795094
1994-09-16,24.91,9.25,17.0,0.01,0.34,2.59,21.77,2.4148374947116853
1994-09-17,27.25,10.14,18.7,0.03,0.34,3.07,21.73,2.8564284000723896
1994-09-18,29.87,11.54,20.58,0.07,0.34,2.73,21.26,3.4681609478443525
1994-09-19,23.19,13.71,17.73,0.14,0.34,6.6,10.36,1.8672146091370736
1994-09-20,22.04,11.93,16.12,0.39,0.34,4.56,14.23,1.8045053021986468
1994-09-21,16.93,0.92,10.34,3.42,0.35,4.79,6.92,1.0695440462443315
1994-09-22,16.36,-0.53,7.72,0.0,0.35,-6.89,18.92,1.4960884091686277
1994-09-23,20.23,7.14,12.63,0.0,0.35,-2.01,20.51,1.8447611244954154
1994-09-24,22.44,5.23,13.73,0.0,0.35,0.4,20.5,2.0868625534697474
1994-09-25,24.56,9.29,16.65,0.16,0.35,2.63,19.58,2.347599920907151
1994-09-26,28.73,9.6,18.19,0.0,0.35,-2.1,19.3,3.420080245687561
1994-09-27,27.48,9.72,18.15,0.0,0.34,-0.48,18.63,3.077191431404886
1994-09-28,31.63,12.05,20.94,0.0,0.34,-0.99,19.43,4.088090460172723
1994-09-29,32.73,13.86,22.5,0.0,0.34,-0.42,17.38,4.362086059685279
1994-09-30,27.94,14.77,20.27,0.46,0.34,6.58,13.74,2.7934157183935304
1994-10-01,20.35,10.47,14.04,12.85,0.35,9.31,8.61,1.2170988353958239
1994-10-02,21.17,7.59,14.05,3.36,0.37,4.92,17.86,1.6456422589599224
1994-10-03,20.73,6.18,13.25,1.06,0.37,5.98,13.61,1.5122416908742222
1994-10-04,19.54,10.81,14.67,5.36,0.38,11.98,5.44,0.8718059039446138
1994-10-05,24.5,12.51,17.72,10.35,0.38,11.92,14.25,1.6794668064453868
1994-10-06,21.22,6.95,13.16,1.8,0.4,2.81,18.65,1.7732035505284793
1994-10-07,16.27,4.69,10.22,0.06,0.39,-0.38,15.15,1.2557692513295333
1994-10-08,14.82,3.41,8.65,0.03,0.39,-2.09,18.33,1.1617770402503065
1994-10-09,21.49,3.51,11.64,0.0,0.39,-2.78,19.1,2.0651244056274702
1994-10-10,23.18,4.99,13.28,0.0,0.38,-1.47,18.98,2.2917068051695173
1994-10-11,24.3,5.35,13.92,0.0,0.38,-1.11,18.95,2.474887164387163
1994-10-12,20.69,5.76,12.03,0.0,0.37,0.28,18.44,1.816681743698875
1994-10-13,19.49,2.97,10.6,0.07,0.37,1.57,12.4,1.581252372623526
1994-10-14,17.85,6.02,11.43,2.86,0.37,4.37,16.93,1.2099178275705476
1994-10-15,14.71,5.68,9.18,7.74,0.39,3.99,8.37,0.8610772993011654
1994-10-16,18.31,6.17,10.62,0.93,0.39,-1.86,17.58,1.5716642462634747
1994-10-17,10.61,1.27,4.47,7.61,0.4,0.37,8.27,0.6516240834049141
1994-10-18,17.22,1.79,9.47,0.01,0.4,-2.07,17.1,1.4402268242538923
1994-10-19,15.71,4.72,9.16,0.93,0.39,0.47,15.89,1.1528669430353808
1994-10-20,19.33,3.87,10.55,0.0,0.39,-0.77,17.41,1.6656341928204355
1994-10-21,20.01,3.94,11.11,0.87,0.39,-2.39,15.22,1.8273510876203363
1994-10-22,15.5,3.36,8.57,0.0,0.39,-1.13,14.92,1.1986652711700234
1994-10-23,19.15,1.67,8.6,0.0,0.38,-2.61,15.3,1.713974065037494
1994-10-24,11.49,-1.17,4.4,0.0,0.38,-4.01,12.62,0.9021693830807558
1994-10-25,16.14,-1.03,6.23,0.57,0.38,-2.75,13.46,1.3357697979587195
1994-10-26,20.26,2.14,9.65,0.0,0.38,-2.28,14.51,1.8596022429804533
1994-10-27,22.17,5.02,12.68,0.0,0.38,-3.11,13.07,2.1858309335703456
1994-10-28,24.51,6.62,13.89,0.0,0.38,-2.66,11.74,2.5742932283659057
1994-10-29,12.27,1.22,6.16,0.01,0.37,-4.21,14.42,0.9806030979645146
1994-10-30,10.35,-0.18,4.37,2.04,0.37,-3.15,3.91,0.772890711241665
1994-10-31,12.37,-1.81,4.56,0.0,0.38,-7.72,13.29,1.0954162037519608
1994-11-01,23.69,3.71,12.0,0.03,0.37,-4.69,4.0,2.497648610711971
1994-11-02,13.49,0.92,7.68,0.04,0.37,-2.84,7.18,1.0509534913975103
1994-11-03,4.08,-2.45,0.13,3.24,0.37,-4.31,2.68,0.3740855140110557
1994-11-04,7.95,-4.22,0.2,1.11,0.37,-4.26,11.5,0.6236769820163962
1994-11-05,15.45,-2.66,5.66,0.0,0.38,-5.11,14.09,1.337713368169483
1994-11-06,17.03,0.44,8.06,0.0,0.38,-0.68,6.25,1.360190774308737
1994-11-07,23.05,5.04,11.64,0.04,0.38,0.61,12.33,2.1794910857003824
1994-11-08,4.78,-1.28,2.38,0.67,0.38,-2.11,1.12,0.33587404575772895
1994-11-09,9.78,-3.54,1.72,0.01,0.38,-3.45,10.56,0.7365558439872769
1994-11-10,14.21,-3.08,4.51,0.0,0.38,-2.6,11.01,1.1160788728052915
1994-11-11,19.08,1.79,8.85,0.04,0.37,-2.34,13.08,1.6941006009539454
1994-11-12,18.17,5.97,10.59,0.07,0.37,3.89,6.87,1.2791686170813978
1994-11-13,13.02,0.76,6.76,0.12,0.37,-4.17,7.87,1.051252991388055
1994-11-14,3.74,-4.24,-0.11,1.67,0.37,-7.2,6.58,0.4426946447050027
1994-11-15,7.35,-5.24,-0.35,0.0,0.37,-6.87,11.96,0.6611972335845054
1994-11-16,12.56,-3.87,4.27,0.01,0.37,-3.95,3.86,0.999229568665623
1994-11-17,6.52,-3.62,2.66,0.02,0.37,-9.59,10.48,0.6741744522808975
1994-11-18,4.5,-6.24,-2.22,0.04,0.37,-11.45,12.48,0.5878487717523945
1994-11-19,3.57,-6.8,-2.48,3.53,0.37,-6.76,7.01,0.42086777001910874
1994-11-20,6.37,-4.22,0.22,6.81,0.38,-5.59,1.01,0.5566595450784264
1994-11-21,-0.4,-6.4,-3.34,1.15,0.38,-5.82,4.24,0.19758535354076356
1994-11-22,1.41,-6.86,-3.57,1.2,0.38,-7.92,2.34,0.3399382366155319
1994-11-23,9.8,-6.28,-0.06,0.0,0.38,-9.37,6.73,0.9112920485451967
1994-11-24,10.15,-2.85,2.03,0.02,0.39,-8.22,2.39,0.9116830644475171
1994-11-25,8.46,-2.64,1.14,0.12,0.39,-6.82,7.12,0.7404388287319705
1994-11-26,12.76,-1.86,3.23,0.03,0.39,-6.38,9.77,1.095385342652098
1994-11-27,2.4,-5.54,-1.89,0.01,0.39,-14.35,8.38,0.5251196703389982
1994-11-28,2.66,-5.79,-2.52,0.0,0.38,-14.61,8.33,0.5429632601324028
1994-11-29,1.73,-4.84,-1.84,0.0,0.38,-14.4,9.24,0.49197042566061433
1994-11-30,12.45,-1.44,3.21,0.0,0.38,-5.39,9.13,1.0358635622192336
1994-12-01,15.9,0.81,5.64,0.0,0.38,-3.11,10.83,1.3210847725842096
1994-12-02,14.16,-0.41,5.3,0.0,0.38,-5.94,11.0,1.2232347494433444
1994-12-03,12.61,1.97,5.81,0.0,0.38,-5.62,10.84,1.058231567456267
1994-12-04,10.94,-4.52,3.51,0.0,0.38,-4.6,8.36,0.8733433957294555
1994-12-05,3.1,-4.5,-1.84,0.26,0.38,-4.89,1.37,0.33845319343545544
1994-12-06,-1.18,-6.45,-4.1,2.9,0.38,-6.55,0.87,0.18618550782869614
1994-12-07,4.61,-4.57,-0.52,0.01,0.38,-3.88,2.5,0.39046544436127234
1994-12-08,-0.52,-6.4,-3.6,0.15,0.38,-8.93,3.19,0.27717228714937964
1994-12-09,2.32,-7.03,-3.37,0.0,0.38,-12.29,9.83,0.4841524616964866
1994-12-10,0.98,-9.35,-4.64,0.0,0.38,-12.25,10.7,0.41717755625778824
1994-12-11,2.07,-7.4,-3.25,0.0,0.38,-9.41,1.7,0.40982051948632175
1994-12-12,5.1,-5.92,-1.18,0.0,0.38,-10.21,9.48,0.5974320181787471
1994-12-13,5.92,-3.84,-0.78,0.0,0.38,-6.32,8.29,0.5491584446801427
1994-12-14,4.78,-6.13,-1.53,0.0,0.38,-8.0,10.14,0.5246379278662499
1994-12-15,4.98,-7.5,-2.18,0.0,0.38,-8.4,9.29,0.5470081471439596
1994-12-16,8.39,-5.51,0.25,0.0,0.38,-9.83,10.13,0.8120121231587242
1994-12-17,9.76,-0.86,2.28,0.0,0.38,-6.56,9.87,0.8345313466436433
1994-12-18,12.4,-1.18,2.84,0.0,0.38,-5.98,10.17,1.049143640739436
1994-12-19,8.38,-0.61,2.54,0.03,0.38,-9.68,7.49,0.8078058073302592
1994-12-20,8.87,-1.89,1.18,0.03,0.38,-7.87,10.54,0.8002461735955159
1994-12-21,10.57,-2.25,2.53,0.0,0.38,-9.2,9.03,0.9712996827532581
1994-12-22,9.73,-1.9,2.55,0.0,0.38,-8.31,8.99,0.8795469968163436
1994-12-23,7.97,-1.87,2.07,0.0,0.37,-6.45,3.36,0.6935801052922359
1994-12-24,11.2,0.15,4.31,0.0,0.37,-3.98,8.28,0.8753233834268004
1994-12-25,13.14,-1.72,4.13,0.0,0.37,-1.11,8.93,0.9483580652985213
1994-12-26,11.78,-1.1,4.45,0.0,0.37,-1.31,10.24,0.8273829606543179
1994-12-27,9.96,-2.06,2.38,0.0,0.37,-5.01,10.59,0.8038183049589527
1994-12-28,9.69,-2.54,2.2,0.0,0.37,-4.17,10.27,0.7542071343908917
1994-12-29,7.12,-2.68,1.19,0.09,0.37,-1.28,3.33,0.45395384247964543
1994-12-30,0.73,-6.45,-2.01,2.5,0.37,-4.15,1.38,0.194867333182488
1994-12-31,-5.85,-8.78,-7.42,2.35,0.37,-12.22,5.44,0.15558986119989565
1995-01-01,1.53,-9.69,-5.24,0.0,0.37,-15.35,7.44,0.4972514546955189
1995-01-02,-0.17,-10.34,-6.33,0.0,0.37,-14.32,5.29,0.40180781483296896
1995-01-03,-4.77,-11.55,-8.9,0.01,0.37,-13.55,8.55,0.2139591534008233
1995-01-04,-1.59,-13.29,-7.87,0.0,0.37,-13.01,8.6,0.31932480586011885
1995-01-05,4.95,-7.52,-1.89,0.0,0.37,-5.94,4.29,0.4772267728455472
1995-01-06,-0.67,-7.89,-4.58,0.02,0.38,-10.72,5.66,0.31184931500527346
1995-01-07,8.19,-6.84,-0.08,0.0,0.38,-8.42,7.35,0.7631511230347756
1995-01-08,10.28,-1.45,2.24,0.0,0.38,-6.07,10.57,0.8630342646054889
1995-01-09,9.54,-0.6,3.43,0.0,0.38,-4.23,5.75,0.7441664374016582
1995-01-10,14.15,0.2,4.47,0.01,0.38,-2.56,10.74,1.108287234049374
1995-01-11,15.44,-0.78,4.87,0.0,0.38,-6.59,7.82,1.3812993344960995
1995-01-12,8.72,-2.14,2.12,0.0,0.38,-8.35,9.79,0.8011687280818233
1995-01-13,9.01,-2.34,1.51,0.0,0.38,-8.03,10.6,0.8152500170312161
1995-01-14,12.84,-2.12,3.7,0.0,0.38,-6.17,10.56,1.096972410374385
1995-01-15,15.42,1.17,6.43,0.02,0.38,-5.72,9.47,1.3533116491556443
1995-01-16,7.35,-4.8,1.62,0.6,0.37,-4.26,6.91,0.5807485145963499
1995-01-17,3.61,-5.59,-1.66,0.67,0.38,-8.06,9.42,0.4583988009874197
1995-01-18,3.39,-4.34,-1.35,0.55,0.38,-8.78,8.51,0.464419047100399
1995-01-19,6.87,-4.41,-0.03,0.0,0.38,-6.83,10.05,0.6268265134173394
1995-01-20,3.77,-4.65,-0.39,0.0,0.38,-5.72,10.41,0.4014920392387302
1995-01-21,4.76,-5.93,-1.98,0.0,0.38,-8.22,11.29,0.5291273873004882
1995-01-22,0.56,-8.82,-4.98,0.0,0.38,-11.92,12.12,0.39111513832130174
1995-01-23,6.64,-8.27,-1.62,0.0,0.37,-15.3,12.53,0.7915849223890152
1995-01-24,9.21,-5.38,0.38,0.0,0.37,-12.26,10.69,0.9260582738637783
1995-01-25,9.87,-2.16,2.07,0.01,0.37,-7.63,12.43,0.8731716784182465
1995-01-26,6.9,-1.71,1.66,8.09,0.37,-1.88,8.83,0.46288671205850107
1995-01-27,1.12,-1.62,0.24,9.8,0.38,-0.53,3.38,0.07477998647649164
1995-01-28,1.22,-3.73,-1.67,0.5,0.39,-3.35,7.52,0.1902287410825903
1995-01-29,1.48,-7.14,-3.76,0.37,0.39,-8.06,9.65,0.3470022646972629
1995-01-30,7.85,-7.25,-0.74,0.0,0.39,-8.36,13.13,0.7367573358341215
1995-01-31,9.35,-0.86,3.52,0.21,0.4,-4.57,12.76,0.7403586412735368
1995-02-01,14.67,1.74,6.03,0.0,0.4,-1.62,12.72,1.1270201133246383
1995-02-02,13.52,0.33,6.64,0.01,0.4,-4.75,11.96,1.1202442947147997
1995-02-03,7.06,-2.95,1.03,0.0,0.4,-7.43,12.54,0.6564745345807947
1995-02-04,13.78,-0.99,5.08,0.0,0.39,-5.77,13.36,1.1787479555939244
1995-02-05,10.79,-3.93,2.94,0.0,0.39,-4.24,12.68,0.8483850321938587
1995-02-06,10.78,-3.07,3.07,0.06,0.39,-2.94,13.72,0.8018162670870979
1995-02-07,3.3,-6.15,-2.03,0.24,0.39,-11.16,13.69,0.5135805505180941
1995-02-08,6.25,-4.89,-0.26,0.01,0.39,-8.05,8.5,0.6183517361441255
1995-02-09,9.26,-3.19,1.8,0.12,0.39,-6.16,14.62,0.7828920526391107
1995-02-10,4.77,-7.62,-2.27,4.09,0.38,-7.89,8.13,0.5211596530256202
1995-02-11,-7.32,-11.23,-9.53,1.38,0.38,-16.76,8.45,0.18810751700455977
1995-02-12,-8.28,-12.24,-10.54,3.41,0.38,-14.23,6.15,0.12416425330268668
1995-02-13,-1.08,-13.57,-7.98,0.62,0.38,-11.1,7.61,0.3026997564612836
1995-02-14,12.24,-7.24,1.09,0.23,0.39,-3.5,9.75,0.9532652455051497
1995-02-15,1.73,-8.75,-3.93,0.38,0.39,-10.53,15.72,0.4182006603091733
1995-02-16,7.34,-4.15,0.5,0.12,0.39,-10.05,8.84,0.7409104016784864
1995-02-17,14.83,-1.98,5.1,0.0,0.39,-10.31,10.93,1.4080092688147143
1995-02-18,12.53,-2.51,3.71,0.07,0.39,-5.97,12.7,1.0611947170575204
1995-02-19,15.83,-2.96,5.57,0.0,0.39,-3.91,14.8,1.3412888383675123
1995-02-20,17.12,0.86,7.69,0.0,0.39,-1.66,17.09,1.4116823230491167
1995-02-21,20.31,1.16,9.48,0.0,0.39,-1.99,16.81,1.8557303454207474
1995-02-22,17.64,1.64,8.47,0.0,0.39,-3.08,16.59,1.5310199361882624
1995-02-23,15.27,-0.53,6.36,0.0,0.38,-3.5,17.57,1.2635670544746866
1995-02-24,20.14,0.05,9.19,0.0,0.38,-3.25,17.57,1.878059032392191
1995-02-25,19.57,2.42,10.22,0.0,0.38,-3.35,18.13,1.799779667563728
1995-02-26,16.39,2.61,8.89,0.08,0.38,-1.48,18.42,1.3160194771145748
1995-02-27,15.41,-4.44,5.83,1.31,0.38,-1.02,10.05,1.183966031465395
1995-02-28,-1.52,-8.67,-5.79,1.32,0.38,-10.84,8.05,0.2792175442817505
1995-03-01,-4.91,-9.71,-7.92,1.37,0.38,-13.39,5.52,0.2066051143852006
1995-03-02,-1.63,-10.03,-6.49,0.21,0.38,-12.68,8.97,0.31162007682324977
1995-03-03,11.11,-7.39,0.28,0.1,0.38,-5.58,14.51,0.9193604479795525
1995-03-04,15.09,-3.73,3.63,0.56,0.38,-3.0,16.4,1.225626113445591
1995-03-05,10.12,-5.06,1.48,0.08,0.38,-4.15,17.52,0.7887166200065472
1995-03-06,-2.66,-9.83,-5.17,4.95,0.38,-8.91,5.21,0.19081019111366798
1995-03-07,4.45,-10.12,-3.97,0.02,0.38,-11.93,9.96,0.5945485311786951
1995-03-08,11.37,-6.5,1.12,0.07,0.39,-10.23,15.02,1.0648102201484695
1995-03-09,17.79,-2.98,6.5,0.21,0.39,-7.54,18.05,1.6903447301067118
1995-03-10,20.94,1.27,10.29,0.04,0.39,-4.86,20.82,2.052178715681299
1995-03-11,24.58,4.39,14.48,0.02,0.38,-0.61,20.43,2.5051768107336603
1995-03-12,17.85,4.93,11.49,0.09,0.38,-2.42,16.73,1.533365307921648
1995-03-13,15.96,1.53,8.96,0.0,0.38,-5.64,21.31,1.4125049762743915
1995-03-14,16.38,1.26,8.19,0.05,0.38,-4.34,20.42,1.4201299457398366
1995-03-15,18.03,0.64,9.31,0.04,0.38,-0.06,20.58,1.4597477030522437
1995-03-16,19.36,2.63,10.42,0.16,0.38,1.5,19.09,1.5664457303675898
1995-03-17,18.67,0.93,9.57,0.19,0.37,1.7,19.27,1.4619251397834039
1995-03-18,21.54,1.01,11.48,0.0,0.37,-0.65,20.55,1.9881997149792823
1995-03-19,20.64,2.82,10.9,0.01,0.37,-1.18,15.18,1.872244236818173
1995-03-20,18.03,0.34,8.82,0.0,0.37,-6.27,20.87,1.6856363023626693
1995-03-21,25.84,5.01,15.76,0.0,0.37,-1.89,16.56,2.798057639471697
1995-03-22,18.6,2.29,11.68,0.0,0.37,-6.03,22.29,1.75380177903448
1995-03-23,16.05,-1.76,7.65,0.0,0.37,-9.28,22.39,1.5216530400659538
1995-03-24,20.64,4.48,11.89,0.05,0.36,-5.18,20.28,2.0170854160054317
1995-03-25,11.99,0.64,6.16,5.23,0.36,-7.07,20.25,1.0422396026874226
1995-03-26,0.73,-5.17,-2.17,6.67,0.37,-7.05,5.3,0.2840668366837876
1995-03-27,6.72,-8.23,-1.11,0.12,0.37,-9.16,17.5,0.6774369021908134
1995-03-28,1.7,-6.93,-2.84,0.6,0.38,-8.78,18.12,0.37605502067680247
1995-03-29,3.62,-6.02,-1.86,3.16,0.38,-7.16,7.6,0.43485794849936726
1995-03-30,4.8,-4.67,-0.73,0.42,0.38,-7.14,15.91,0.5027481532907947
1995-03-31,11.79,-4.38,3.67,0.01,0.39,-7.12,19.37,1.0252471462632324
1995-04-01,16.57,-2.02,7.23,0.0,0.39,-5.76,24.37,1.4880719525166635
1995-04-02,18.0,0.65,9.32,0.0,0.38,-3.91,22.89,1.6066414807673168
1995-04-03,16.3,0.28,8.15,0.0,0.38,-1.65,22.58,1.3121914221182829
1995-04-04,20.43,0.62,10.56,0.0,0.38,-3.2,25.03,1.9188870340381103
1995-04-05,23.73,5.65,14.63,0.0,0.38,-2.79,22.48,2.438544829662605
1995-04-06,22.44,3.94,13.47,0.0,0.37,-0.68,24.02,2.1344484026195607
1995-04-07,23.75,6.41,15.35,0.06,0.37,-2.64,23.84,2.436491390556938
1995-04-08,24.4,7.39,15.66,0.22,0.37,-0.52,25.15,2.46824477293709
1995-04-09,10.71,-1.44,5.16,6.14,0.37,-5.38,12.83,0.8784462572035281
1995-04-10,-2.58,-6.52,-4.64,4.19,0.37,-9.2,6.11,0.20083187083826343
1995-04-11,-0.72,-7.77,-4.88,0.98,0.37,-8.62,6.28,0.26097462311765596
1995-04-12,14.34,-7.0,4.91,0.43,0.38,-3.71,17.35,1.1699441547713494
1995-04-13,23.85,1.84,12.88,0.06,0.38,-1.41,18.98,2.406264646585326
1995-04-14,22.08,4.74,14.08,0.0,0.38,-5.74,24.8,2.2587624418399446
1995-04-15,13.37,0.36,6.8,0.02,0.38,-3.71,23.02,1.0701333803175488
1995-04-16,15.34,1.8,7.78,0.34,0.38,-0.47,17.69,1.152814838317573
1995-04-17,6.37,-0.46,2.84,12.21,0.38,-0.04,11.6,0.3503108785829817
1995-04-18,11.12,-3.26,3.47,1.59,0.39,-3.09,26.45,0.8368753349519411
1995-04-19,2.2,-2.89,-0.3,7.68,0.4,-2.99,7.23,0.225813325045928
1995-04-20,11.99,-3.41,4.77,0.66,0.41,-1.87,21.2,0.8691326045653243
1995-04-21,6.84,-1.5,2.4,3.51,0.41,-1.0,10.79,0.4231526310362208
1995-04-22,5.51,-2.77,1.13,0.42,0.41,-3.31,14.5,0.42544646130658736
1995-04-23,11.34,-4.28,4.05,0.33,0.41,-4.14,24.09,0.8931842024966339
1995-04-24,13.21,-0.21,6.27,0.52,0.4,-4.4,24.17,1.0777099376004242
1995-04-25,19.38,1.4,9.73,4.14,0.4,-3.58,23.65,1.7812019483554546
1995-04-26,7.11,-1.38,2.34,6.76,0.41,-3.28,16.79,0.5299647985515911
1995-04-27,14.99,-2.93,6.19,0.52,0.41,-1.83,27.81,1.170164977902704
1995-04-28,20.59,2.81,10.92,4.42,0.41,2.42,22.4,1.6979226023390186
1995-04-29,14.08,3.26,7.33,2.53,0.41,2.85,13.04,0.8571857974138111
1995-04-30,18.0,2.96,8.4,6.77,0.42,3.48,11.37,1.2800171590657126
1995-05-01,12.74,-0.77,5.57,0.17,0.42,-2.67,22.02,0.9706658114502775
1995-05-02,21.21,-0.03,9.98,4.13,0.41,3.4,13.08,1.7397173500659089
1995-05-03,13.88,2.74,8.35,0.83,0.41,3.29,13.08,0.8126936666610178
1995-05-04,18.7,0.75,10.26,0.2,0.41,0.74,25.56,1.512113344771344
1995-05-05,13.65,4.4,8.27,4.56,0.41,5.03,6.97,0.6885162123304108
1995-05-06,19.8,6.3,12.57,1.63,0.41,0.22,24.26,1.6888392524451745
1995-05-07,16.56,4.95,10.42,10.19,0.42,4.36,17.36,1.050254026632793
1995-05-08,10.38,3.7,6.85,23.13,0.45,4.22,7.12,0.4336432599482569
1995-05-09,12.4,4.55,8.42,2.77,0.46,1.48,16.57,0.7601798389897015
1995-05-10,17.04,1.95,9.41,0.18,0.45,1.42,25.01,1.2657638161003169
1995-05-11,20.4,5.21,12.97,1.71,0.45,5.11,25.55,1.5177786989119553
1995-05-12,23.02,6.76,14.43,1.44,0.44,4.87,17.67,1.9484112467868377
1995-05-13,19.42,3.33,11.2,0.07,0.43,-2.2,28.65,1.7359814708942258
1995-05-14,19.65,0.71,10.26,0.0,0.42,0.75,28.15,1.6431425215551199
1995-05-15,29.15,6.94,17.9,0.15,0.41,5.58,22.49,3.132266914578304
1995-05-16,25.5,10.52,17.74,4.68,0.41,6.66,24.75,2.284649017183003
1995-05-17,9.26,0.76,4.56,27.46,0.44,2.96,3.42,0.4127641873649277
1995-05-18,18.25,-0.23,9.73,2.07,0.46,3.76,28.63,1.2970321650060759
1995-05-19,21.49,6.53,14.11,1.65,0.45,5.46,28.27,1.662130377567869
1995-05-20,17.31,8.0,12.07,2.55,0.45,8.42,10.53,0.872281091415591
1995-05-21,24.45,8.56,16.16,4.27,0.44,8.88,29.89,1.926682240290853
1995-05-22,15.97,6.19,12.03,2.88,0.44,8.51,7.16,0.7041994661517483
1995-05-23,14.05,1.56,7.28,1.31,0.44,2.39,10.72,0.8782184620154833
1995-05-24,14.14,4.44,8.4,0.24,0.44,3.73,11.33,0.8152514449768554
1995-05-25,14.29,6.12,9.66,3.68,0.43,5.86,8.37,0.7028544820588691
1995-05-26,22.28,7.91,14.72,9.02,0.44,7.77,22.04,1.6333118250688492
1995-05-27,14.95,7.21,10.54,7.12,0.45,5.39,21.32,0.8035188872097206
1995-05-28,15.61,5.02,10.8,0.51,0.45,4.67,21.96,0.9210636782390973
1995-05-29,14.48,7.42,10.07,11.03,0.45,6.55,9.76,0.6777665700105051
1995-05-30,15.24,6.38,9.99,9.8,0.47,7.0,14.26,0.7300169235153242
1995-05-31,20.04,7.44,13.8,1.43,0.47,7.38,28.27,1.3157749366598703
1995-06-01,23.12,8.62,16.53,0.27,0.46,7.26,31.7,1.8100074353968183
1995-06-02,23.41,10.64,17.53,2.76,0.45,9.5,24.92,1.692445680314894
1995-06-03,21.55,13.02,16.86,24.85,0.47,13.1,17.21,1.064679169490574
1995-06-04,18.23,11.6,14.81,17.68,0.5,10.9,15.6,0.7900136476965745
1995-06-05,22.38,9.6,16.68,0.01,0.5,9.07,27.41,1.552291021555285
1995-06-06,29.0,11.08,20.0,0.03,0.48,8.06,30.86,2.928517064693244
1995-06-07,23.11,6.75,15.73,5.02,0.47,9.04,30.05,1.677017425096796
1995-06-08,14.79,7.3,10.1,10.48,0.48,8.49,10.63,0.573325963787656
1995-06-09,19.55,5.91,11.82,4.97,0.49,4.22,27.43,1.447992925703578
1995-06-10,15.97,4.86,10.39,1.54,0.48,4.74,15.04,0.9582000555172335
1995-06-11,22.3,5.01,13.99,0.07,0.47,5.38,31.34,1.7969425230461042
1995-06-12,28.96,8.76,19.81,0.0,0.46,7.99,32.57,2.9243890783956905
1995-06-13,31.97,13.98,23.42,0.0,0.45,8.98,28.86,3.6002104632589647
1995-06-14,33.14,16.95,24.62,0.01,0.43,9.02,30.92,3.9201710107675733
1995-06-15,31.72,16.62,24.01,0.26,0.42,10.05,29.53,3.4479748997753132
1995-06-16,30.56,14.06,22.73,0.2,0.41,8.22,28.63,3.292322763260212
1995-06-17,24.62,15.8,20.42,0.31,0.41,9.54,27.61,1.9061593190667165
1995-06-18,28.38,14.67,21.21,2.22,0.41,9.9,28.6,2.6446159836398335
1995-06-19,31.28,13.9,23.26,0.0,0.4,11.43,31.62,3.2139953521177684
1995-06-20,32.77,14.4,24.35,0.15,0.4,8.7,31.02,3.8406162496236056
1995-06-21,32.41,14.78,24.08,2.67,0.39,9.4,30.36,3.6865970121484763
1995-06-22,29.26,13.51,22.1,1.71,0.39,11.87,29.64,2.6756725828669614
1995-06-23,22.78,15.33,18.45,17.3,0.41,12.5,27.94,1.322789085929012
1995-06-24,19.65,11.22,15.7,3.72,0.43,10.04,19.74,1.0568394855039716
1995-06-25,24.8,9.82,17.33,0.13,0.42,6.09,31.15,2.1892832531518183
1995-06-26,26.92,9.7,19.2,0.02,0.42,6.86,31.5,2.556372877619217
1995-06-27,31.51,13.77,23.33,1.24,0.41,9.06,31.75,3.4719689007277843
1995-06-28,22.26,14.4,18.16,14.9,0.42,13.18,21.79,1.1706240314829597
1995-06-29,17.25,10.96,13.86,8.03,0.44,9.78,12.32,0.7586660776179266
1995-06-30,16.64,9.01,13.07,2.0,0.44,8.99,12.53,0.746676226439019
1995-07-01,22.09,10.71,15.54,1.83,0.44,10.7,16.76,1.371704760868151
1995-07-02,25.16,10.85,18.95,1.2,0.44,10.35,30.82,1.9410323006011254
1995-07-03,26.87,11.94,18.93,3.15,0.43,9.62,24.01,2.3411966844341596
1995-07-04,19.77,11.14,15.25,3.21,0.43,8.45,14.88,1.1991017520128022
1995-07-05,25.83,10.08,18.41,0.05,0.43,8.09,32.22,2.2484448394383643
1995-07-06,31.23,12.75,22.4,0.01,0.42,8.47,30.99,3.444158156179725
1995-07-07,34.25,15.02,25.12,0.0,0.41,9.71,28.64,4.1894489103259165
1995-07-08,34.26,17.22,25.5,0.0,0.4,8.64,30.71,4.276313271751744
1995-07-09,33.85,16.45,25.21,0.01,0.4,10.62,29.96,3.995073575192078
1995-07-10,36.94,17.78,27.42,0.05,0.39,9.37,28.79,5.0772631512167585
1995-07-11,36.7,17.73,27.65,0.05,0.39,6.58,30.24,5.199676118439841
1995-07-12,37.89,17.87,27.79,0.0,0.38,6.56,29.52,5.613466071735136
1995-07-13,35.6,17.55,26.73,0.85,0.38,8.75,29.26,4.683030889414712
1995-07-14,30.53,15.88,22.84,11.39,0.38,13.58,27.53,2.8182185747961945
1995-07-15,27.43,15.91,21.31,3.95,0.4,13.7,27.01,2.0885296171708605
1995-07-16,30.02,15.71,23.04,1.46,0.4,12.28,27.99,2.8192645136447627
1995-07-17,24.29,16.22,20.13,10.81,0.41,14.79,23.18,1.3538265972785284
1995-07-18,27.0,14.48,21.08,0.68,0.41,13.4,18.49,2.027926382450899
1995-07-19,26.34,15.6,20.66,4.69,0.41,14.85,20.12,1.7406478135436716
1995-07-20,27.35,14.03,20.75,5.46,0.42,13.15,22.86,2.1266766407191824
1995-07-21,31.37,15.55,23.56,0.37,0.41,10.34,25.95,3.3318751782720977
1995-07-22,29.78,14.48,22.77,3.62,0.41,10.58,28.59,2.913303800294382
1995-07-23,30.0,15.06,22.71,0.59,0.41,9.19,24.46,3.080185107721846
1995-07-24,30.76,15.46,23.46,2.19,0.4,8.57,26.75,3.3164375808280884
1995-07-25,32.57,16.22,24.23,0.01,0.4,6.12,29.02,3.9671797799430655
1995-07-26,36.99,15.24,26.45,0.0,0.39,5.83,28.39,5.347237465453409
1995-07-27,35.17,15.98,25.96,0.0,0.38,5.03,28.18,4.801588358696504
1995-07-28,37.6,17.56,28.21,0.02,0.38,8.02,28.18,5.408573811022589
1995-07-29,37.14,18.62,27.93,0.14,0.38,9.5,27.63,5.135401190120975
1995-07-30,35.5,19.17,26.81,2.18,0.37,10.09,25.21,4.544552098943505
1995-07-31,19.96,11.11,16.53,6.61,0.39,10.99,6.09,1.0206558752307024
1995-08-01,28.84,8.56,19.07,0.0,0.39,7.35,28.65,2.942595918619843
1995-08-02,33.13,13.66,23.48,0.14,0.38,9.9,28.3,3.847185277591433
1995-08-03,34.37,15.43,25.1,1.42,0.38,9.59,24.25,4.235197476764713
1995-08-04,31.66,17.25,24.3,1.76,0.38,9.97,24.46,3.438684164777488
1995-08-05,33.2,16.22,24.68,1.28,0.38,9.6,26.65,3.891419706578738
1995-08-06,36.36,16.6,26.37,0.08,0.38,10.17,27.53,4.817332505489277
1995-08-07,38.85,20.29,29.35,0.0,0.37,9.06,24.19,5.782645393548729
1995-08-08,38.8,20.78,29.29,1.14,0.37,9.51,25.14,5.728534172597476
1995-08-09,32.4,17.76,25.01,0.04,0.37,12.76,20.17,3.3888928163622682
1995-08-10,36.65,19.18,28.34,0.0,0.37,11.48,27.59,4.800987032462945
1995-08-11,38.08,20.45,29.34,3.31,0.37,12.57,27.15,5.197310493168317
1995-08-12,34.75,19.74,27.09,3.78,0.37,14.64,26.22,3.8792320931930564
1995-08-13,35.07,21.33,27.45,0.88,0.37,11.11,23.94,4.322128172283111
1995-08-14,23.7,12.35,18.76,1.57,0.37,9.21,14.17,1.7661577330580527
1995-08-15,32.52,15.36,24.02,0.0,0.37,9.77,26.01,3.6871240672066357
1995-08-16,34.68,17.86,26.44,0.12,0.37,10.61,26.82,4.24492579666868
1995-08-17,35.48,19.62,27.52,0.34,0.37,13.34,25.83,4.242168076843716
1995-08-18,30.36,19.65,24.61,7.22,0.37,14.17,22.63,2.715143511133678
1995-08-19,27.11,12.84,19.62,4.22,0.38,11.82,13.7,2.202410291104779
1995-08-20,32.8,16.58,24.59,3.62,0.39,13.19,25.96,3.45750404052084
1995-08-21,33.47,18.56,26.23,0.27,0.38,13.18,25.5,3.648787280015939
1995-08-22,33.96,20.14,27.36,1.18,0.38,13.74,23.69,3.735593567426064
1995-08-23,34.93,20.61,27.84,0.25,0.38,13.25,25.33,4.078522737243265
1995-08-24,34.49,19.78,27.45,1.16,0.38,12.76,25.21,3.9916942849850874
1995-08-25,27.09,18.39,22.87,0.99,0.38,14.4,21.33,1.94363226509888
1995-08-26,30.85,17.0,23.91,0.07,0.37,13.71,20.7,2.885601692608235
1995-08-27,32.36,19.37,25.97,1.03,0.37,12.72,23.24,3.3818041379930173
1995-08-28,33.52,18.72,26.5,0.79,0.37,13.17,23.92,3.664227848768287
1995-08-29,33.87,20.91,27.28,0.05,0.37,12.69,20.92,3.8132110078308825
1995-08-30,32.44,18.74,24.84,0.05,0.37,6.32,20.35,3.9182528172745212
1995-08-31,33.25,15.69,23.61,0.01,0.37,9.05,23.04,3.9491717298865305
1995-09-01,36.37,17.32,26.65,0.34,0.36,10.02,22.73,4.833061354139106
1995-09-02,35.35,20.19,26.85,0.36,0.36,9.5,20.43,4.544946514814438
1995-09-03,35.72,19.55,27.13,0.63,0.36,11.04,23.31,4.534124439261674
1995-09-04,36.17,19.23,27.56,0.05,0.36,9.5,23.55,4.809215584926783
1995-09-05,34.74,19.06,26.29,0.92,0.36,10.25,22.43,4.293696541885721
1995-09-06,30.11,16.81,23.22,0.38,0.36,7.94,23.23,3.2015167187021634
1995-09-07,21.93,12.16,16.37,0.9,0.36,8.36,11.86,1.5333142310476822
1995-09-08,22.51,11.99,16.55,3.31,0.36,9.61,14.8,1.5310056118657827
1995-09-09,17.58,11.74,14.28,6.17,0.37,10.56,7.11,0.7352987123485824
1995-09-10,21.7,11.79,15.63,1.41,0.38,11.3,10.74,1.2568478348204486
1995-09-11,27.43,11.5,19.0,0.51,0.38,7.6,17.55,2.612385551103449
1995-09-12,26.11,10.64,18.05,0.0,0.38,3.67,21.53,2.5887956062131234
1995-09-13,28.43,14.17,20.71,0.0,0.37,5.21,23.1,2.9904254646664983
1995-09-14,27.54,14.01,20.48,0.0,0.37,5.68,21.12,2.7652678562807766
1995-09-15,31.08,14.02,21.71,0.0,0.37,5.77,21.14,3.592770797356244
1995-09-16,27.52,12.95,19.27,0.0,0.37,4.63,23.31,2.8255277148793794
1995-09-17,30.44,12.97,21.27,0.26,0.37,8.23,22.98,3.2616414947295325
1995-09-18,24.92,13.61,18.48,1.92,0.37,10.17,19.38,1.9106923326579397
1995-09-19,18.77,8.4,13.5,2.56,0.37,6.82,7.75,1.17651748459144
1995-09-20,19.66,-0.03,8.43,13.57,0.37,3.6,3.25,1.4988709456182112
1995-09-21,4.97,-2.68,0.9,4.42,0.39,-3.38,8.77,0.39457593649262807
1995-09-22,15.08,-3.17,5.29,0.0,0.4,-3.39,20.2,1.238595743118318
1995-09-23,18.75,3.31,10.18,0.23,0.4,-2.04,17.81,1.6375036610321836
1995-09-24,13.64,2.44,8.09,0.19,0.4,-0.17,12.29,0.9583546612468897
1995-09-25,19.67,2.24,11.01,0.0,0.4,-2.12,21.83,1.7681957500503838
1995-09-26,24.19,7.75,15.34,0.0,0.39,-0.55,19.33,2.4313368911343614
1995-09-27,26.98,8.4,17.21,0.01,0.39,2.87,19.42,2.81035555739075
1995-09-28,25.55,10.6,16.96,1.0,0.39,6.03,14.75,2.3359979840893197
1995-09-29,24.12,9.71,15.12,3.66,0.39,8.05,14.24,1.9290497626558807
1995-09-30,16.24,6.94,11.09,0.57,0.39,4.67,15.52,0.9939284905553456
1995-10-01,18.95,5.97,12.88,0.0,0.39,2.4,16.47,1.464449723247609
1995-10-02,16.49,3.96,9.86,0.0,0.39,0.08,19.4,1.2616165254138916
1995-10-03,21.42,4.49,12.36,0.0,0.39,-0.64,19.4,1.968964211113906
1995-10-04,14.13,5.73,9.31,0.38,0.39,0.14,8.76,0.9950896553064407
1995-10-05,9.42,3.0,6.19,0.14,0.39,-1.94,10.53,0.6512873387575135
1995-10-06,14.69,0.15,6.63,0.0,0.38,-4.13,20.51,1.2217742397264089
1995-10-07,21.72,3.48,11.34,0.0,0.38,-2.97,19.42,2.1084194675985986
1995-10-08,17.59,4.26,10.08,0.0,0.38,-1.75,19.31,1.474127465522217
1995-10-09,20.38,3.64,10.57,0.0,0.38,-2.39,14.92,1.8814757863147176
1995-10-10,23.17,5.47,13.52,0.0,0.38,-2.37,18.98,2.3253155274522848
1995-10-11,27.27,7.78,16.54,0.0,0.38,-0.58,18.79,3.036713121601235
1995-10-12,29.61,10.09,18.48,0.01,0.37,0.1,14.43,3.5338082725805133
1995-10-13,14.3,3.76,8.22,0.11,0.37,-5.92,17.65,1.2373489107779823
1995-10-14,19.28,0.98,10.37,0.0,0.37,-6.0,18.29,1.845825634668563
1995-10-15,25.83,6.1,15.09,0.0,0.37,-2.69,18.09,2.8267327700858407
1995-10-16,27.26,10.45,17.2,0.0,0.37,-3.38,15.0,3.1441766887959117
1995-10-17,19.52,7.57,13.02,0.0,0.37,-0.09,17.66,1.662888234031642
1995-10-18,26.78,7.02,15.6,0.0,0.37,-0.75,17.48,2.9413266252887835
1995-10-19,10.17,0.31,5.87,0.0,0.37,-5.86,16.06,0.8475694355411063
1995-10-20,16.96,-0.62,7.02,0.0,0.37,-11.28,17.04,1.6748449278377184
1995-10-21,23.32,4.4,12.64,0.13,0.37,-6.13,15.24,2.4778976911713237
1995-10-22,11.75,-1.08,6.01,6.85,0.37,-2.3,15.31,0.8637966230671102
1995-10-23,4.37,-4.49,-0.05,6.17,0.37,-6.26,8.7,0.452142078626184
1995-10-24,11.45,-4.57,2.23,0.0,0.38,-8.01,12.19,1.0183935730241183
1995-10-25,15.29,-2.02,6.19,0.04,0.39,-6.65,13.99,1.366207668923618
1995-10-26,19.15,2.69,9.94,0.22,0.39,-3.02,12.3,1.7291450342125168
1995-10-27,11.61,0.66,5.03,0.0,0.39,-6.17,15.49,0.9817053637415225
1995-10-28,14.89,-3.04,5.41,0.11,0.38,-5.12,15.01,1.2759529363614543
1995-10-29,20.47,2.47,9.18,0.0,0.38,-1.64,9.36,1.8655528339923344
1995-10-30,12.64,-1.2,4.42,0.16,0.38,-1.55,7.18,0.9176238895729132
1995-10-31,18.21,-0.48,6.98,0.06,0.38,0.67,5.37,1.4501672512632806
1995-11-01,4.48,-6.04,0.62,0.62,0.38,-3.23,3.45,0.359866462129438
1995-11-02,-0.78,-8.91,-6.01,0.14,0.38,-12.7,11.87,0.3469484957532203
1995-11-03,6.28,-7.11,-2.06,0.0,0.38,-12.61,14.72,0.7216680947572524
1995-11-04,7.06,-4.87,-0.41,0.15,0.38,-7.83,11.19,0.6671695598737204
1995-11-05,17.78,-1.94,6.14,0.0,0.38,-10.01,14.27,1.750126229513469
1995-11-06,16.9,1.82,7.16,0.0,0.38,-4.81,8.66,1.4981908102018326
1995-11-07,10.46,-3.21,3.1,0.03,0.38,-4.94,13.08,0.8432317049777917
1995-11-08,17.94,0.59,8.18,0.0,0.38,-3.87,13.18,1.5974895432684102
1995-11-09,20.02,4.41,10.84,0.1,0.38,-1.68,11.09,1.8011436453033784
1995-11-10,4.12,-5.58,-1.45,4.72,0.38,-5.92,3.11,0.4275106039015323
1995-11-11,14.0,-6.05,2.98,0.0,0.38,-5.71,9.48,1.1996027731018775
1995-11-12,15.65,3.31,8.04,1.8,0.39,-1.18,10.83,1.217738644013944
1995-11-13,8.47,0.9,3.78,2.17,0.39,-0.6,6.9,0.5229585728524746
1995-11-14,18.09,1.41,8.16,0.0,0.39,1.06,13.06,1.4161398570522543
1995-11-15,15.91,2.19,7.58,0.0,0.39,2.74,13.03,1.0639633921171727
1995-11-16,20.68,3.57,10.14,0.0,0.39,-0.64,12.5,1.8556095804645572
1995-11-17,16.03,1.11,7.88,0.02,0.39,0.39,12.83,1.193418326296446
1995-11-18,20.28,1.77,10.34,0.21,0.39,-5.13,12.54,1.9620821612595418
1995-11-19,14.44,1.95,6.78,0.0,0.38,-2.25,12.39,1.1270963805437846
1995-11-20,10.87,-0.15,4.35,0.0,0.38,-2.51,8.38,0.7935837686148399
1995-11-21,16.92,-1.75,6.37,0.02,0.38,-3.41,12.15,1.4530855825072255
1995-11-22,14.17,0.68,7.35,0.0,0.38,-3.5,8.36,1.1446764995136252
1995-11-23,11.72,0.41,5.54,0.0,0.38,-2.96,11.22,0.8857867758726721
1995-11-24,18.74,0.23,8.38,0.0,0.38,-4.32,11.38,1.7185709238845779
1995-11-25,20.51,5.13,10.65,0.0,0.38,-2.87,7.66,1.9187300678863306
1995-11-26,21.29,0.41,9.74,1.97,0.38,-1.43,10.79,1.9815709708870437
1995-11-27,0.2,-6.79,-2.89,0.12,0.38,-8.65,3.67,0.30194458177337413
1995-11-28,6.55,-6.33,-0.97,0.09,0.38,-8.97,8.33,0.661399461352452
1995-11-29,15.77,-0.51,6.44,0.01,0.38,-2.43,11.05,1.2808878416488234
1995-11-30,19.94,3.28,9.04,0.0,0.38,-2.56,5.68,1.823665353641739
1995-12-01,17.7,3.37,8.97,0.04,0.38,-3.22,10.68,1.5437329268397169
1995-12-02,18.84,4.58,9.19,0.0,0.38,-3.69,10.75,1.7105812747082738
1995-12-03,9.62,0.53,4.27,0.0,0.38,-5.39,10.2,0.7881770794410736
1995-12-04,14.32,0.03,6.87,0.0,0.38,-3.21,6.19,1.1501019888847066
1995-12-05,4.84,-5.05,-0.25,0.02,0.38,-9.88,9.75,0.5741741229215089
1995-12-06,4.14,-4.95,-1.35,0.01,0.38,-6.61,9.37,0.4489243332676221
1995-12-07,2.92,-3.69,-0.52,0.14,0.38,-5.5,6.88,0.34802445890538075
1995-12-08,0.89,-10.32,-6.84,0.0,0.38,-12.78,9.82,0.4229684167484993
1995-12-09,3.1,-10.51,-4.49,0.0,0.38,-13.27,8.67,0.5435599480162032
1995-12-10,13.01,-3.88,3.35,0.0,0.38,-5.93,8.26,1.106406363701136
1995-12-11,14.75,1.23,6.0,0.0,0.38,-4.22,6.6,1.2313008114924435
1995-12-12,14.93,-0.37,6.02,0.0,0.38,-4.66,6.4,1.2654990680950338
1995-12-13,16.17,1.16,8.54,0.0,0.38,-3.63,10.2,1.3710520374491706
1995-12-14,11.24,-0.74,4.76,0.04,0.38,-5.4,9.83,0.9252503412812383
1995-12-15,11.37,-2.82,2.9,0.0,0.38,-7.38,10.2,0.9944740296392514
1995-12-16,10.83,-0.44,3.64,0.05,0.38,-5.19,9.36,0.8828157335991305
1995-12-17,1.43,-5.27,-2.25,0.33,0.38,-5.41,2.51,0.26912788374132707
1995-12-18,-1.18,-5.67,-4.17,0.03,0.38,-7.48,4.51,0.21212906243187085
1995-12-19,2.66,-5.68,-2.79,0.0,0.38,-7.64,9.96,0.395807472000822
1995-12-20,3.25,-6.59,-2.76,0.0,0.38,-7.55,10.27,0.42503752487050134
1995-12-21,-0.83,-7.79,-4.64,0.55,0.38,-7.9,4.63,0.23789243252567516
1995-12-22,-3.88,-9.71,-7.14,0.11,0.38,-10.31,6.27,0.17961927200542865
1995-12-23,0.73,-10.73,-5.59,0.0,0.38,-11.55,9.77,0.3915789750502987
1995-12-24,3.92,-7.89,-2.95,0.0,0.38,-10.04,10.38,0.5238874544181376
1995-12-25,7.52,-4.89,-0.12,0.0,0.38,-8.48,9.84,0.71613535006469
1995-12-26,6.35,-4.13,0.15,0.0,0.38,-10.31,10.47,0.6792498282803214
1995-12-27,4.49,-4.6,-1.69,0.0,0.38,-10.59,10.61,0.5691248649369964
1995-12-28,4.29,-7.28,-2.01,0.05,0.38,-9.22,10.29,0.5261290001204209
1995-12-29,3.33,-5.57,-1.81,0.0,0.38,-10.07,8.92,0.49156967180978184
1995-12-30,6.07,-6.2,-1.26,0.02,0.38,-7.22,5.55,0.5843978334161686
1995-12-31,4.5,-2.86,0.02,0.66,0.38,-3.79,4.73,0.380836387960267
1996-01-01,0.43,-6.98,-3.38,0.38,0.38,-7.77,8.93,0.2897715346037365
1996-01-02,-4.9,-11.61,-7.89,0.21,0.38,-13.75,9.61,0.21324294709035285
1996-01-03,8.07,-6.24,0.57,0.57,0.38,-6.78,2.95,0.7103554052761505
1996-01-04,0.03,-10.43,-4.59,4.33,0.38,-7.86,3.72,0.274101146692951
1996-01-05,-5.27,-12.18,-9.7,0.44,0.38,-13.82,2.43,0.20268448508849216
1996-01-06,-1.33,-13.29,-8.94,0.04,0.38,-12.89,3.35,0.32763724306119724
1996-01-07,4.48,-11.09,-4.34,0.04,0.38,-10.78,5.52,0.5726372933288566
1996-01-08,12.38,-3.64,2.76,0.01,0.38,-7.67,5.45,1.0950304611796853
1996-01-09,7.68,-2.17,1.26,0.0,0.38,-4.89,10.38,0.6249035528157962
1996-01-10,8.47,-2.2,2.7,0.0,0.38,-4.83,4.66,0.6809511648463731
1996-01-11,9.44,-3.22,1.6,0.0,0.38,-8.49,9.62,0.8608240456836377
1996-01-12,13.07,-0.87,3.75,0.0,0.38,-8.36,10.85,1.1795418256107058
1996-01-13,15.47,-0.19,5.07,0.0,0.38,-6.77,10.69,1.3898157540073668
1996-01-14,12.51,-2.82,3.21,0.01,0.38,-7.07,11.07,1.0910336625226482
1996-01-15,9.26,-2.88,2.95,0.0,0.38,-5.26,7.06,0.7554493838267038
1996-01-16,11.25,0.95,4.91,0.0,0.38,-7.44,10.08,0.9854406398652213
1996-01-17,5.95,-15.7,-4.0,0.06,0.38,-9.56,4.58,0.6360385429749205
1996-01-18,-6.45,-17.19,-12.65,0.0,0.38,-21.55,10.03,0.26817055637641457
1996-01-19,7.52,-11.87,-3.28,0.0,0.38,-13.59,9.45,0.8242692894679424
1996-01-20,5.97,-5.3,-0.77,0.0,0.38,-11.24,10.43,0.6743620283737743
1996-01-21,11.24,-6.19,1.52,0.0,0.38,-11.78,10.64,1.0859906373137276
1996-01-22,-1.21,-10.65,-5.14,0.19,0.38,-10.81,5.53,0.2911910057302416
1996-01-23,1.98,-12.19,-5.88,0.03,0.38,-14.29,9.77,0.5026568200169689
1996-01-24,6.45,-9.42,-2.17,0.01,0.38,-12.28,9.86,0.7266393581664737
1996-01-25,-0.15,-13.62,-6.33,1.0,0.38,-13.08,10.66,0.38113244811117786
1996-01-26,-2.24,-15.96,-9.21,0.08,0.38,-17.02,9.17,0.3572760307333934
1996-01-27,1.25,-12.39,-5.34,0.0,0.38,-16.55,10.73,0.501315525811576
1996-01-28,10.82,-5.6,-0.14,0.01,0.38,-9.68,11.41,1.0040444527235362
1996-01-29,6.05,-7.48,-2.06,0.1,0.38,-10.63,10.0,0.6666049122971256
1996-01-30,-6.49,-15.14,-11.56,1.11,0.38,-17.3,8.39,0.21876630581778153
1996-01-31,-10.96,-15.06,-13.32,1.39,0.38,-16.52,5.73,0.09691724341132324
1996-02-01,-8.19,-15.73,-12.05,0.49,0.38,-16.78,5.72,0.16532014970025988
1996-02-02,-9.64,-16.45,-14.12,0.12,0.38,-18.44,4.34,0.15142446329001671
1996-02-03,-6.35,-17.04,-12.8,0.0,0.38,-19.35,6.04,0.24807861271217782
1996-02-04,9.83,-14.43,-2.14,0.22,0.38,-14.12,10.2,1.0092214831127617
1996-02-05,10.53,-2.33,2.83,0.03,0.38,-3.54,13.69,0.8020241716794612
1996-02-06,13.39,0.28,4.98,0.0,0.38,-3.78,10.31,1.0745712837017332
1996-02-07,18.54,0.56,7.97,0.0,0.38,-2.49,10.54,1.6265334320696319
1996-02-08,16.75,0.07,7.12,0.0,0.38,-3.24,10.22,1.426318783039394
1996-02-09,20.31,1.72,9.14,0.0,0.38,-5.03,13.21,1.963312974286163
1996-02-10,4.69,-5.49,-0.01,0.0,0.38,-10.6,10.6,0.5812164411379697
1996-02-11,8.84,-5.51,0.5,0.0,0.38,-13.95,12.83,0.9280049201999764
1996-02-12,13.85,-3.18,3.59,0.0,0.38,-11.81,13.76,1.335895669494835
1996-02-13,15.08,-0.78,5.87,0.0,0.38,-10.26,13.45,1.434277072057566
1996-02-14,11.15,-3.15,3.91,0.0,0.37,-5.66,4.62,0.9253313138856119
1996-02-15,4.85,-8.01,-2.52,0.0,0.37,-10.78,10.42,0.5947069868079515
1996-02-16,14.73,-7.47,2.94,0.0,0.37,-11.3,14.34,1.418363169895041
1996-02-17,15.46,-2.11,5.35,0.0,0.37,-5.25,14.35,1.3432638134838877
1996-02-18,14.04,1.11,6.68,0.08,0.37,-2.95,9.83,1.111302087870298
1996-02-19,16.1,-0.33,6.73,0.02,0.37,-3.85,11.47,1.3705168484298325
1996-02-20,18.23,-0.52,7.5,0.02,0.37,-2.12,11.63,1.5712836569890054
1996-02-21,17.84,0.45,8.76,0.06,0.37,-0.64,15.0,1.460386658649321
1996-02-22,20.76,3.04,11.47,0.0,0.37,-3.73,14.47,1.986998980251256
1996-02-23,9.18,-2.65,2.25,0.0,0.37,-13.38,15.26,0.9444591570226178
1996-02-24,16.13,-2.45,5.85,0.0,0.37,-11.33,13.71,1.576494912164582
1996-02-25,15.78,-5.59,6.2,0.0,0.37,-7.79,15.58,1.4530123921161449
1996-02-26,2.14,-8.27,-4.55,0.06,0.37,-9.3,7.87,0.4107704306215259
1996-02-27,-1.86,-9.63,-6.02,0.04,0.37,-13.06,13.03,0.309504862013036
1996-02-28,-5.09,-12.87,-9.58,0.06,0.37,-17.09,15.28,0.2584168294217334
1996-02-29,3.97,-11.9,-4.04,0.0,0.37,-14.14,16.25,0.6070599236592112
1996-03-01,5.43,-3.22,0.49,0.0,0.37,-11.36,11.77,0.6425162706861793
1996-03-02,7.75,-2.82,1.56,0.0,0.37,-9.64,16.72,0.7606652232897316
1996-03-03,13.39,-2.96,3.9,0.0,0.37,-9.77,17.72,1.245445654538412
1996-03-04,13.49,-3.88,4.41,0.23,0.36,-6.66,12.9,1.1755052932713328
1996-03-05,14.51,-5.03,1.93,0.05,0.36,-5.26,15.4,1.239354108627855
1996-03-06,-4.75,-10.93,-7.89,0.83,0.37,-15.0,11.74,0.23877859735785836
1996-03-07,1.42,-9.24,-4.7,0.22,0.37,-12.96,16.02,0.4516598967288296
1996-03-08,4.64,-10.37,-3.22,0.47,0.37,-11.31,15.09,0.5932736990609391
1996-03-09,11.71,-4.43,3.1,0.0,0.37,-7.05,18.48,1.0160117634646917
1996-03-10,21.34,0.08,9.42,0.0,0.37,-5.21,18.42,2.1249144385999545
1996-03-11,20.44,2.64,10.6,0.05,0.36,-4.27,18.45,1.95762505743494
1996-03-12,14.7,2.67,8.09,1.08,0.36,2.28,10.53,0.9527792967310348
1996-03-13,17.75,2.11,8.76,5.41,0.37,1.26,17.47,1.3626334366418935
1996-03-14,3.92,-1.7,1.07,3.81,0.38,-1.25,5.14,0.2512745883311973
1996-03-15,12.35,-3.15,4.49,0.33,0.38,-4.03,21.07,0.982028245393591
1996-03-16,8.85,-0.59,3.44,0.23,0.38,-5.39,21.68,0.7276138916038686
1996-03-17,3.87,-2.95,1.17,1.37,0.38,-5.84,10.47,0.41079366969327324
1996-03-18,3.17,-4.41,-0.78,0.12,0.38,-9.27,17.25,0.4642704470178974
1996-03-19,3.54,-7.24,-2.1,0.0,0.38,-11.31,18.08,0.5299455874397613
1996-03-20,12.77,-7.2,1.93,0.0,0.38,-10.1,22.26,1.1919323295317
1996-03-21,13.93,-0.64,5.59,0.0,0.38,-4.94,21.61,1.1682579993499584
1996-03-22,15.81,-2.64,6.49,0.11,0.38,-5.93,21.23,1.403992496496404
1996-03-23,20.88,1.41,11.22,0.08,0.37,-3.74,20.86,2.0055022737556882
1996-03-24,2.36,-12.01,-6.09,3.85,0.37,-12.21,7.02,0.4846718468996117
1996-03-25,-3.4,-13.99,-8.49,0.15,0.37,-16.95,16.55,0.3134061466592298
1996-03-26,8.8,-9.4,-1.32,0.0,0.37,-10.4,20.67,0.8558681914954789
1996-03-27,14.6,-4.16,4.19,0.07,0.38,-6.9,24.76,1.29777122212189
1996-03-28,16.35,-2.51,5.85,0.09,0.38,-2.92,20.72,1.36677773913897
1996-03-29,17.23,-0.62,7.0,0.08,0.37,-1.86,17.9,1.4332532329334484
1996-03-30,10.55,-1.8,4.08,0.13,0.37,-5.9,22.98,0.880713600123261
1996-03-31,16.53,-2.02,6.96,0.03,0.37,-5.8,20.87,1.4844951768379069
1996-04-01,23.35,-0.14,11.45,0.0,0.37,-5.48,20.56,2.463395143554778
1996-04-02,26.16,5.33,16.16,0.0,0.37,-4.77,23.02,2.9647739016378183
1996-04-03,11.89,1.21,7.42,0.14,0.37,-2.48,18.39,0.8834594716735433
1996-04-04,6.08,-2.04,1.72,0.88,0.37,-3.53,12.91,0.4697112296420061
1996-04-05,10.62,-3.79,3.11,0.22,0.37,-6.72,20.35,0.9106788855091699
1996-04-06,18.33,-1.11,9.2,0.0,0.37,-5.29,25.78,1.6952156824720972
1996-04-07,18.44,5.13,11.4,0.23,0.36,0.46,21.39,1.4902338049509303
1996-04-08,20.54,5.81,13.03,0.03,0.36,2.86,24.8,1.6673259363718387
1996-04-09,24.99,6.2,15.76,0.01,0.36,1.87,26.29,2.4667879277540723
1996-04-10,28.22,9.47,18.42,0.3,0.36,1.44,24.31,3.15076380618864
1996-04-11,20.66,1.97,12.96,2.73,0.36,0.4,24.77,1.8067261324494583
1996-04-12,18.22,-0.49,8.89,0.87,0.36,-4.2,25.46,1.6452484432705046
1996-04-13,16.49,-0.01,6.53,12.72,0.36,-0.62,16.2,1.2921987263777321
1996-04-14,5.78,-1.83,0.89,3.26,0.38,-4.48,12.83,0.4828587773812524
1996-04-15,14.29,-2.53,5.96,0.0,0.39,-5.51,25.22,1.2237978643926206
1996-04-16,22.75,0.14,11.89,0.09,0.39,-4.87,26.95,2.3418824619088445
1996-04-17,23.93,7.17,15.5,0.0,0.38,-3.3,25.02,2.492634329859004
1996-04-18,20.14,3.39,12.33,0.04,0.38,-3.32,25.2,1.880569846995945
1996-04-19,13.3,1.73,6.59,0.03,0.38,-5.43,18.31,1.1197976087850827
1996-04-20,12.51,-1.47,6.12,0.01,0.37,-6.16,20.29,1.0649433844184664
1996-04-21,14.49,0.75,6.89,0.0,0.37,-5.73,21.45,1.2517594217735297
1996-04-22,11.21,-0.6,5.9,0.07,0.37,-4.05,24.79,0.8785982922667543
1996-04-23,23.03,0.98,13.0,0.0,0.37,-2.92,28.07,2.3219810777632564
1996-04-24,31.34,8.15,20.37,0.01,0.37,-0.31,22.04,3.98313168705881
1996-04-25,17.9,6.44,12.49,0.17,0.36,-8.67,26.66,1.7337418227625558
1996-04-26,23.48,2.28,13.64,0.18,0.36,-3.82,24.84,2.431589510375582
1996-04-27,19.73,2.89,11.33,4.78,0.36,0.91,15.28,1.6470281975870442
1996-04-28,5.3,-0.61,2.67,1.95,0.37,-4.62,13.64,0.4572601625951442
1996-04-29,13.79,-4.29,5.8,0.18,0.37,-7.5,26.31,1.2293232276458668
1996-04-30,16.91,2.71,9.92,1.75,0.37,-2.81,20.98,1.43008999302034
1996-05-01,21.01,0.18,11.15,0.09,0.37,-1.03,22.62,1.9220304221098496
1996-05-02,22.53,6.14,14.31,0.07,0.37,1.89,23.45,2.030450517873303
1996-05-03,23.87,5.01,14.9,0.0,0.37,0.78,26.38,2.314357912936533
1996-05-04,25.3,8.63,15.27,0.19,0.36,6.91,21.28,2.2291437851652955
1996-05-05,19.57,3.56,11.93,0.16,0.36,1.36,25.1,1.6027921813276604
1996-05-06,24.95,8.48,15.23,0.28,0.36,5.81,18.13,2.2354754866427227
1996-05-07,26.29,8.96,15.91,0.37,0.36,6.42,16.65,2.456846339781464
1996-05-08,27.77,9.84,17.86,1.61,0.36,8.32,26.19,2.6332291889966903
1996-05-09,23.53,4.54,15.28,8.64,0.37,8.99,12.51,1.7534836605303867
1996-05-10,20.56,3.21,11.04,1.25,0.38,3.24,24.66,1.6498073628959338
1996-05-11,25.08,5.51,15.3,0.06,0.37,2.48,27.13,2.4526520764889046
1996-05-12,25.82,8.83,17.15,0.0,0.37,3.64,22.6,2.532954652656067
1996-05-13,26.51,8.38,16.62,0.03,0.37,6.9,25.25,2.4691218871216973
1996-05-14,32.18,10.43,21.52,0.0,0.36,3.73,29.21,4.005418278044539
1996-05-15,32.34,12.09,22.71,0.0,0.36,5.53,30.08,3.9417803219458722
1996-05-16,34.03,14.84,24.43,0.04,0.36,5.77,27.73,4.40782835337514
1996-05-17,29.56,15.81,22.72,0.0,0.35,3.48,28.77,3.3531768383882357
1996-05-18,36.28,13.03,24.77,0.1,0.35,1.58,27.99,5.348166599836964
1996-05-19,27.06,10.84,18.99,0.15,0.35,4.29,30.69,2.7478984019304122
1996-05-20,21.62,8.54,14.85,1.56,0.35,2.52,23.84,1.8509725098605352
1996-05-21,25.65,7.5,17.28,0.31,0.35,3.93,24.73,2.483253205241299
1996-05-22,31.81,10.77,20.89,0.42,0.35,4.52,28.06,3.8604508915197537
1996-05-23,28.5,11.09,18.99,2.36,0.35,8.48,13.06,2.783031383861881
1996-05-24,21.05,12.36,15.77,12.27,0.36,11.05,7.64,1.1775703707940994
1996-05-25,16.86,7.7,11.81,20.13,0.39,9.78,2.63,0.710627756919916
1996-05-26,13.4,4.54,8.45,41.73,0.47,6.2,9.45,0.5892772489066234
1996-05-27,12.1,3.08,7.72,0.7,0.48,2.41,14.89,0.6852225374298003
1996-05-28,16.95,1.83,9.0,0.7,0.47,3.69,11.67,1.1359116655314252
1996-05-29,21.52,5.86,12.99,0.94,0.46,6.26,27.44,1.615483855689059
1996-05-30,26.88,8.67,17.42,3.58,0.45,10.85,24.83,2.240634160446267
1996-05-31,24.26,11.56,17.58,3.4,0.44,9.56,21.19,1.8385793882329822
1996-06-01,21.95,10.17,16.32,1.35,0.43,6.98,27.06,1.635400936786538
1996-06-02,22.88,6.92,15.61,0.0,0.42,2.18,29.13,2.074327668435238
1996-06-03,25.28,8.77,17.87,0.22,0.41,4.22,29.73,2.395056173435405
1996-06-04,28.27,11.65,20.07,0.15,0.4,7.92,28.91,2.772824988504258
1996-06-05,31.09,14.04,22.86,0.04,0.4,8.45,28.47,3.409568262282855
1996-06-06,23.19,10.59,16.64,0.16,0.39,5.84,28.46,1.9170845397012926
1996-06-07,23.41,7.64,15.19,0.0,0.39,3.18,29.78,2.1123647952014033
1996-06-08,30.23,7.59,19.26,0.0,0.38,3.75,30.47,3.500301380747959
1996-06-09,31.79,13.89,22.76,0.0,0.38,6.57,29.37,3.725982100132429
1996-06-10,31.71,13.94,23.4,4.26,0.38,9.1,29.36,3.52156903100303
1996-06-11,30.83,14.63,22.97,4.05,0.38,9.97,27.72,3.223797953248793
1996-06-12,28.8,14.82,22.0,5.25,0.38,11.34,29.98,2.6169343686372533
1996-06-13,28.97,15.93,22.16,0.81,0.38,12.3,27.74,2.5681868668740444
1996-06-14,25.08,15.8,20.58,10.3,0.39,14.59,22.58,1.522054965105205
1996-06-15,23.56,15.01,18.96,8.9,0.41,14.55,14.02,1.2494518882826238
1996-06-16,26.65,13.8,19.82,0.77,0.41,11.23,29.98,2.159863635501244
1996-06-17,31.35,12.59,22.6,0.83,0.4,10.87,31.57,3.2814762647433584
1996-06-18,33.63,15.65,24.67,0.02,0.39,6.31,33.45,4.25528218480553
1996-06-19,32.74,15.99,24.52,0.07,0.38,7.26,32.54,3.9373656623715756
1996-06-20,33.87,13.31,23.23,1.9,0.38,9.76,26.44,4.07252572509328
1996-06-21,31.22,15.06,22.02,8.34,0.38,10.72,24.94,3.2606876197238877
1996-06-22,26.54,14.23,20.09,6.72,0.4,14.02,12.15,1.869565152532403
1996-06-23,28.73,14.1,21.17,0.05,0.4,7.73,32.49,2.8903985668019705
1996-06-24,32.56,14.42,23.45,0.97,0.39,12.33,22.65,3.4739471991472883
1996-06-25,29.89,17.69,22.7,0.01,0.39,14.07,29.73,2.6104862404685947
1996-06-26,33.48,16.88,25.64,0.03,0.38,13.69,30.15,3.60044456331116
1996-06-27,28.7,19.6,24.26,0.67,0.38,15.18,24.74,2.2115441281079646
1996-06-28,32.11,18.11,25.4,3.04,0.38,14.68,20.0,3.113882198121459
1996-06-29,30.09,15.44,22.63,0.35,0.38,6.64,29.9,3.2876572358354257
1996-06-30,24.88,16.59,20.76,0.93,0.37,11.79,17.88,1.7619455295399307
1996-07-01,34.78,15.06,25.27,0.0,0.37,8.93,28.66,4.412028639840832
1996-07-02,36.47,17.32,27.8,0.01,0.37,8.45,29.84,4.989829152784509
1996-07-03,37.59,19.93,28.77,1.91,0.36,8.56,27.8,5.364912063434759
1996-07-04,37.7,20.36,29.45,0.23,0.36,9.35,28.6,5.342553998785748
1996-07-05,35.88,21.24,26.46,2.75,0.36,13.91,24.96,4.312701242913956
1996-07-06,33.87,18.75,26.1,7.33,0.37,13.93,30.3,3.6895212208853234
1996-07-07,31.24,18.26,25.04,4.35,0.38,16.24,27.75,2.707993921296861
1996-07-08,22.13,16.07,19.27,2.83,0.38,12.66,11.29,1.2001706586302396
1996-07-09,24.03,14.29,18.26,15.46,0.39,13.3,3.61,1.4618770174213551
1996-07-10,26.76,13.21,19.31,2.44,0.41,12.49,15.71,2.066917017443109
1996-07-11,32.48,15.21,23.68,0.02,0.4,10.24,30.46,3.6374231248100335
1996-07-12,27.16,14.73,21.2,8.9,0.4,14.59,23.04,1.9380949700212533
1996-07-13,27.75,16.6,21.59,12.29,0.41,15.08,25.74,2.0111059642421996
1996-07-14,25.66,12.73,19.34,1.72,0.42,10.8,30.43,1.9991040766723824
1996-07-15,31.41,15.29,23.54,0.81,0.41,13.47,26.52,3.054081509333277
1996-07-16,32.52,17.98,25.56,0.13,0.4,12.61,27.39,3.4363026761336286
1996-07-17,32.12,18.08,25.76,0.41,0.39,14.05,28.7,3.1833137499076276
1996-07-18,34.52,19.5,26.56,3.7,0.39,14.2,26.93,3.8557453842468457
1996-07-19,27.38,18.16,21.85,8.73,0.4,16.9,27.18,1.7201166107899664
1996-07-20,34.6,17.88,25.14,2.53,0.4,16.26,27.61,3.6508549036169793
1996-07-21,33.36,18.77,25.36,0.01,0.39,11.65,29.14,3.7620955510598826
1996-07-22,33.66,17.24,24.5,0.79,0.39,12.95,29.34,3.7265062370903
1996-07-23,29.65,16.25,22.75,1.98,0.38,14.74,24.47,2.4816153636056857
1996-07-24,26.86,14.61,21.18,1.38,0.38,12.29,23.23,2.1065504497962735
1996-07-25,28.2,14.81,21.29,4.19,0.39,13.53,23.85,2.2736775116848236
1996-07-26,30.6,15.58,22.87,2.12,0.39,12.3,24.72,2.9607405423045874
1996-07-27,31.56,15.36,23.96,1.85,0.39,10.15,28.66,3.397461599632437
1996-07-28,33.48,17.01,25.5,2.18,0.38,12.12,25.68,3.7534717794619814
1996-07-29,23.86,16.23,20.33,3.02,0.38,14.47,11.28,1.310915060331616
1996-07-30,25.42,14.26,19.7,15.45,0.4,13.66,18.12,1.6842243334428353
1996-07-31,30.93,14.9,22.6,6.94,0.41,14.41,23.2,2.8330814879737103
1996-08-01,30.5,16.82,23.39,1.5,0.41,14.36,27.52,2.729943090499005
1996-08-02,32.51,17.96,25.13,0.91,0.4,12.3,26.88,3.4629816935071966
1996-08-03,33.85,17.7,25.21,3.47,0.4,13.04,22.5,3.773300879862905
1996-08-04,32.53,19.02,24.83,4.38,0.39,14.4,18.56,3.2584690344963114
1996-08-05,30.95,16.32,23.39,0.31,0.4,12.69,28.36,3.0121519449905083
1996-08-06,33.49,14.38,24.22,3.23,0.39,7.85,27.74,4.108202760973269
1996-08-07,27.16,13.15,20.02,2.08,0.39,7.82,27.15,2.5392561750555496
1996-08-08,26.24,14.3,20.01,0.72,0.39,10.82,23.74,2.1123354424161525
1996-08-09,25.76,15.4,20.46,2.69,0.39,14.37,23.21,1.6766485140564065
1996-08-10,30.07,14.95,22.47,0.81,0.39,9.57,26.4,3.0671063284916635
1996-08-11,30.9,13.47,21.73,0.0,0.38,5.99,27.68,3.532616456838765
1996-08-12,35.65,13.96,24.97,0.03,0.38,6.11,26.82,4.885600430684885
1996-08-13,36.13,17.2,26.29,0.04,0.37,8.49,26.68,4.874403975813421
1996-08-14,29.42,19.09,23.65,2.46,0.37,14.3,21.14,2.4739401910575634
1996-08-15,27.18,17.56,21.59,7.83,0.37,14.91,23.54,1.9076740689538394
1996-08-16,29.09,15.55,21.8,0.17,0.39,10.81,25.84,2.7303317116378754
1996-08-17,30.71,13.0,22.01,0.02,0.38,7.92,26.3,3.3520118717799248
1996-08-18,33.09,14.18,23.79,1.2,0.38,10.85,24.67,3.7559143319893096
1996-08-19,27.92,16.56,21.36,0.03,0.37,11.43,23.79,2.4116490172503084
1996-08-20,29.91,16.93,22.54,0.58,0.37,14.08,25.77,2.614287630662865
1996-08-21,33.31,15.35,23.51,1.92,0.37,13.35,21.92,3.585868350975792
1996-08-22,25.68,14.71,19.94,1.73,0.37,13.19,19.46,1.781887272854876
1996-08-23,23.25,14.99,19.03,0.35,0.37,13.75,18.65,1.279346980417666
1996-08-24,27.75,15.76,21.4,0.03,0.37,13.4,19.71,2.187841570681987
1996-08-25,30.01,15.48,22.7,0.69,0.37,12.72,22.79,2.7749418580167746
1996-08-26,27.9,15.86,21.24,1.7,0.37,12.63,21.42,2.296074044154679
1996-08-27,27.75,13.31,20.76,0.07,0.37,10.49,22.62,2.456385635734676
1996-08-28,28.39,15.43,21.54,2.22,0.37,14.41,19.9,2.224980387606739
1996-08-29,25.17,15.74,20.0,15.6,0.38,15.32,14.42,1.4591984994558147
1996-08-30,18.45,13.01,16.31,13.37,0.42,13.89,10.98,0.5358878060382248
1996-08-31,27.19,12.66,19.31,0.06,0.42,11.6,20.9,2.239279839638354
1996-09-01,29.94,13.61,21.43,0.01,0.41,10.09,24.17,2.9930964845596124
1996-09-02,30.55,14.8,22.25,0.08,0.4,11.13,21.4,3.054669223166879
1996-09-03,32.6,16.06,23.34,0.0,0.39,9.68,24.34,3.7165033171201913
1996-09-04,32.75,15.77,23.72,0.04,0.39,10.1,24.48,3.7238228629659953
1996-09-05,31.53,16.37,23.06,0.09,0.38,10.78,24.02,3.336299329391109
1996-09-06,21.83,11.96,17.05,0.51,0.38,11.78,8.67,1.23431256526234
1996-09-07,24.3,10.48,16.55,0.0,0.38,7.21,21.12,2.0216745099855897
1996-09-08,29.76,12.03,20.43,0.0,0.38,4.53,23.77,3.3409013865731803
1996-09-09,31.9,13.33,22.76,0.0,0.37,5.3,22.94,3.8372246316906495
1996-09-10,31.82,16.0,23.66,0.02,0.37,8.0,20.88,3.6338559463883637
1996-09-11,28.6,14.67,20.98,0.02,0.37,6.53,18.58,2.9440281393421075
1996-09-12,25.03,10.39,17.35,0.43,0.37,8.42,20.53,2.0695981370810337
1996-09-13,20.94,12.07,15.86,0.94,0.37,9.71,16.45,1.2735518530503271
1996-09-14,21.0,10.67,15.58,7.5,0.37,11.79,8.29,1.10374553215134
1996-09-15,18.94,9.76,14.9,11.79,0.4,11.27,8.55,0.8527209603804
1996-09-16,22.68,9.36,15.19,0.3,0.4,10.08,10.41,1.520957290166198
1996-09-17,22.94,4.91,14.82,15.49,0.41,9.57,14.11,1.6062335807407009
1996-09-18,19.28,5.34,11.64,5.9,0.43,5.36,16.86,1.3415964653922918
1996-09-19,17.28,2.87,9.84,3.54,0.43,0.32,20.87,1.3472090586402174
1996-09-20,17.52,7.2,12.2,0.25,0.43,0.43,16.25,1.3723322752619334
1996-09-21,24.27,5.98,15.13,0.0,0.42,1.71,22.36,2.3414879425833495
1996-09-22,29.09,6.79,17.79,0.08,0.41,5.07,19.08,3.1499759510698353
1996-09-23,18.69,8.31,12.96,0.21,0.41,5.04,13.19,1.2805041493456923
1996-09-24,23.02,6.93,13.85,1.65,0.4,8.44,20.38,1.7074939020143476
1996-09-25,17.97,2.25,11.14,4.86,0.4,7.37,9.97,1.0325003598532099
1996-09-26,9.78,1.18,4.82,1.39,0.41,-2.49,14.43,0.7013912363330222
1996-09-27,12.11,-0.85,5.63,2.0,0.41,-5.52,20.93,1.0079374172434303
1996-09-28,21.58,5.59,13.24,0.04,0.41,2.67,20.91,1.836797973075238
1996-09-29,25.64,7.35,15.88,0.0,0.4,2.14,20.44,2.5778223829982783
1996-09-30,27.47,8.83,17.12,0.02,0.4,3.71,20.63,2.868028029596177
1996-10-01,27.89,11.36,19.28,0.02,0.39,1.81,20.42,3.0596839932208044
1996-10-02,15.74,5.21,9.82,0.0,0.39,1.19,17.02,1.1225405057494924
1996-10-03,20.84,2.68,11.18,0.08,0.39,4.2,18.34,1.6378874511320731
1996-10-04,22.75,7.01,14.64,0.0,0.39,7.9,19.21,1.7017510092166812
1996-10-05,25.52,11.89,17.36,0.0,0.39,6.64,19.14,2.2898709145223255
1996-10-06,21.89,8.69,14.59,0.0,0.38,6.61,18.96,1.6509131858589292
1996-10-07,17.15,7.24,10.62,0.1,0.38,6.64,8.84,0.9788652923726199
1996-10-08,23.1,7.17,13.69,0.0,0.38,1.32,18.99,2.1544445873617986
1996-10-09,21.46,5.8,12.61,0.0,0.38,0.99,18.78,1.9019146428711409
1996-10-10,24.8,4.54,13.61,0.0,0.38,4.06,18.61,2.3135332728275593
1996-10-11,30.52,11.4,19.53,0.0,0.38,0.93,18.02,3.7178728707698805
1996-10-12,29.12,11.2,18.77,0.0,0.38,1.33,18.3,3.3610253420659095
1996-10-13,28.93,11.95,18.86,0.0,0.37,2.17,18.07,3.275229455811235
1996-10-14,24.92,8.99,16.07,0.0,0.37,1.57,16.9,2.4684944884580484
1996-10-15,22.02,6.96,13.72,0.0,0.37,0.56,17.26,2.011009507238513
1996-10-16,24.99,4.37,13.92,0.31,0.37,-1.54,16.93,2.620250564509554
1996-10-17,7.13,-0.41,3.12,0.0,0.37,-7.25,12.63,0.6564080684166895
1996-10-18,18.36,-2.47,6.9,0.0,0.37,-7.02,17.24,1.7503827654076436
1996-10-19,24.07,7.58,15.27,0.01,0.37,-1.92,10.01,2.4659362591131977
1996-10-20,9.37,1.65,5.42,0.76,0.37,-6.29,12.28,0.795411595319383
1996-10-21,5.16,-2.54,1.14,0.0,0.37,-9.95,8.2,0.5952555272725228
1996-10-22,12.19,-4.3,3.51,0.0,0.37,-9.61,14.86,1.1255607961666878
1996-10-23,14.91,0.63,6.87,0.0,0.37,-5.99,14.84,1.3049440085802075
1996-10-24,18.8,0.91,9.55,0.0,0.37,-4.19,14.15,1.7223222000899714
1996-10-25,15.78,3.26,9.59,0.92,0.37,0.01,9.47,1.1816479842298773
1996-10-26,11.43,-0.55,5.25,0.84,0.37,-3.07,11.89,0.8636360859549144
1996-10-27,8.25,-2.46,1.89,0.86,0.37,-4.2,8.65,0.6437071684392337
1996-10-28,18.59,-0.79,8.35,0.75,0.37,2.72,13.86,1.3989726088042749
1996-10-29,13.07,2.19,7.43,0.33,0.37,-1.24,9.78,0.9468142099487823
1996-10-30,12.2,-1.28,4.23,0.05,0.37,-0.81,10.31,0.8454500611964787
1996-10-31,4.62,-3.99,-1.04,0.58,0.37,-4.66,3.9,0.4172641600700969
1996-11-01,10.25,-3.85,1.94,0.0,0.37,-6.79,11.84,0.881431056509192
1996-11-02,16.24,-0.88,6.42,0.0,0.37,-4.41,14.66,1.4059210172004601
1996-11-03,19.84,1.51,9.39,0.11,0.37,-1.77,10.66,1.778765081759476
1996-11-04,16.48,3.07,8.28,0.16,0.37,-1.97,13.31,1.3462062590626318
1996-11-05,19.24,0.33,7.65,0.0,0.37,-2.97,9.72,1.7397867134157654
1996-11-06,6.5,-1.93,1.54,0.05,0.37,-8.74,9.39,0.6524088936273797
1996-11-07,9.99,-3.28,2.22,0.01,0.37,-10.71,10.95,0.9571227142312955
1996-11-08,11.31,-5.77,2.48,0.0,0.37,-7.61,12.87,0.9953406859844709
1996-11-09,15.79,-0.08,6.75,0.0,0.37,-2.3,11.85,1.2782272755106483
1996-11-10,17.21,-0.38,6.66,0.0,0.37,-4.67,10.68,1.531817881000573
1996-11-11,10.73,-2.98,2.8,0.02,0.37,-4.06,11.05,0.8371272596317638
1996-11-12,14.33,-3.17,4.0,0.01,0.37,-3.4,13.02,1.1579648083807148
1996-11-13,12.63,0.32,4.82,0.01,0.37,-3.18,6.09,0.9788169195851071
1996-11-14,7.51,-2.73,1.63,0.08,0.37,-1.98,3.34,0.5092978647120374
1996-11-15,4.05,-0.43,2.01,0.1,0.37,-0.85,3.03,0.24209469894296254
1996-11-16,2.94,-8.05,-4.17,0.55,0.37,-7.89,4.05,0.41730054896099533
1996-11-17,4.36,-7.49,-1.65,1.28,0.37,-9.29,8.73,0.5318891091604576
1996-11-18,14.12,-0.4,5.35,0.01,0.38,-3.19,10.36,1.1283711929944475
1996-11-19,22.22,3.64,11.69,0.0,0.38,-0.44,12.4,2.088077230152396
1996-11-20,19.87,0.96,10.23,0.05,0.37,-1.4,11.68,1.768231512935714
1996-11-21,12.12,-0.22,3.97,0.03,0.37,0.23,8.4,0.792600639689187
1996-11-22,17.5,-0.01,7.43,0.08,0.37,2.05,2.55,1.2918165624307356
1996-11-23,3.55,-7.74,-2.09,0.42,0.37,-5.86,3.44,0.3934076762218295
1996-11-24,3.0,-7.92,-3.28,0.0,0.37,-10.1,10.84,0.4743136767826851
1996-11-25,8.82,-4.22,0.5,0.07,0.37,-6.66,10.84,0.763220491592368
1996-11-26,1.51,-3.66,-1.98,1.01,0.37,-6.39,5.05,0.3025345653053817
1996-11-27,5.42,-4.35,-1.04,0.33,0.38,-7.11,8.8,0.5399285475372908
1996-11-28,11.81,-2.77,2.57,0.0,0.38,-6.81,10.2,1.0183990896031672
1996-11-29,5.46,-3.18,0.98,0.08,0.38,-4.81,9.75,0.4734278701128682
1996-11-30,0.68,-5.53,-3.39,0.12,0.38,-9.84,8.02,0.35233963016392383
1996-12-01,8.28,-4.07,0.07,0.09,0.38,-10.29,10.64,0.814193663086257
1996-12-02,4.05,-5.81,-0.13,0.29,0.38,-10.4,8.46,0.539354991388431
1996-12-03,5.12,-5.81,-2.08,0.0,0.38,-12.41,10.06,0.6441316869724525
1996-12-04,1.51,-4.95,-2.12,0.0,0.38,-13.39,7.95,0.4638175733095409
1996-12-05,8.02,-6.18,1.11,0.03,0.38,-9.92,7.24,0.7867018264391396
1996-12-06,3.28,-2.26,-0.42,0.22,0.38,-4.5,2.6,0.33551618400471034
1996-12-07,6.13,-2.39,0.17,0.0,0.38,-9.52,9.79,0.6467837966544585
1996-12-08,12.58,-1.36,3.62,0.0,0.38,-4.75,9.55,1.0278738323590537
1996-12-09,16.18,2.03,6.84,0.0,0.38,-3.72,6.06,1.3753705230804887
1996-12-10,16.01,3.05,7.98,0.0,0.38,-2.54,7.75,1.3127501022840549
1996-12-11,15.74,-0.25,5.96,0.01,0.37,-3.79,8.43,1.3268157465863015
1996-12-12,14.61,-1.3,5.37,0.0,0.37,-4.49,9.51,1.2252239670226663
1996-12-13,10.86,0.04,4.09,0.0,0.37,-3.26,9.02,0.8203435566982766
1996-12-14,4.41,-6.53,-0.39,0.0,0.37,-8.24,8.58,0.5088665699406134
1996-12-15,2.23,-7.11,-3.3,0.15,0.37,-14.83,8.87,0.5241771102942565
1996-12-16,0.54,-10.03,-3.58,1.2,0.37,-11.27,3.48,0.3770404515527565
1996-12-17,-9.5,-13.47,-11.29,0.0,0.37,-20.05,5.95,0.1731649597242143
1996-12-18,-11.44,-16.59,-13.52,0.0,0.37,-22.03,8.22,0.15037036753728011
1996-12-19,-0.91,-16.28,-7.43,0.0,0.37,-13.86,8.36,0.36226723530689364
1996-12-20,8.73,-6.89,0.9,0.0,0.37,-11.19,8.44,0.8674405393465562
1996-12-21,6.79,-1.67,1.56,0.0,0.37,-7.2,6.79,0.6316996931663641
1996-12-22,8.76,-3.71,1.3,0.0,0.37,-6.88,8.14,0.764865000486601
1996-12-23,-1.24,-7.91,-5.02,0.11,0.37,-9.52,6.44,0.2610535454249102
1996-12-24,6.54,-8.38,-1.95,0.0,0.37,-11.21,9.42,0.7112196998917666
1996-12-25,6.79,-7.95,-1.64,0.0,0.37,-9.43,9.22,0.6886115407666128
1996-12-26,5.23,-11.53,-2.86,0.0,0.37,-9.52,9.35,0.5896402976464024
1996-12-27,11.16,0.21,4.53,0.0,0.37,-3.38,6.4,0.8508309152658371
1996-12-28,10.94,-0.67,3.18,0.0,0.37,-6.7,10.15,0.9376753735624874
1996-12-29,13.69,-0.52,3.94,0.0,0.37,-6.88,9.89,1.2020140479076047
1996-12-30,14.93,0.7,5.27,0.0,0.37,-3.24,4.69,1.2167527074857243
1996-12-31,16.55,1.36,7.45,0.0,0.37,-0.68,9.28,1.3019300603320887
1997-01-01,18.67,1.64,8.01,0.0,0.37,-1.28,4.44,1.5963696655942505
1997-01-02,19.67,3.22,9.3,0.0,0.37,0.42,8.95,1.6612152964468434
1997-01-03,13.19,1.79,6.1,0.0,0.37,2.57,6.74,0.7815377715883691
1997-01-04,4.56,-5.85,-0.17,0.0,0.37,-9.17,10.53,0.5407975896197427
1997-01-05,-1.42,-6.68,-4.32,0.0,0.37,-15.49,8.18,0.367626231089628
1997-01-06,-1.25,-8.63,-4.79,0.09,0.37,-15.0,10.29,0.36695665479459916
1997-01-07,4.03,-10.56,-4.16,0.08,0.37,-15.4,10.53,0.6307433419047228
1997-01-08,1.97,-4.42,-2.11,0.73,0.37,-7.97,8.86,0.3689778945537675
1997-01-09,0.55,-8.63,-3.71,1.93,0.37,-7.92,4.71,0.2992277453382449
1997-01-10,-9.06,-14.51,-11.93,1.95,0.37,-17.91,3.04,0.15858808107442698
1997-01-11,-14.54,-17.89,-16.01,1.84,0.37,-19.98,6.22,0.07301682883010172
1997-01-12,-15.07,-18.85,-17.45,1.62,0.37,-21.82,4.66,0.08309057457543009
1997-01-13,-9.47,-17.8,-13.9,0.1,0.37,-16.79,5.9,0.13395972764250447
1997-01-14,-5.11,-12.87,-9.54,0.04,0.37,-11.7,7.86,0.16825611741058982
1997-01-15,1.45,-10.3,-4.32,0.01,0.37,-9.28,9.24,0.3758958362515964
1997-01-16,-6.15,-15.93,-11.59,0.03,0.37,-15.5,5.09,0.2030769050156818
1997-01-17,3.07,-12.88,-5.41,0.05,0.38,-12.36,5.72,0.5250699963198309
1997-01-18,11.21,-4.7,2.13,0.01,0.38,-4.14,7.89,0.8816571153819632
1997-01-19,13.45,-0.5,3.94,0.0,0.38,-2.57,10.95,1.0368642588936803
1997-01-20,14.51,1.16,5.89,0.0,0.38,-2.66,11.71,1.1500920215640131
1997-01-21,10.36,-3.13,2.49,0.0,0.38,-5.59,7.8,0.8552262081707551
1997-01-22,8.01,-3.55,0.83,0.0,0.38,-10.51,11.3,0.7991411428940255
1997-01-23,11.73,-4.04,1.71,0.05,0.38,-6.17,9.07,0.9925931075758578
1997-01-24,2.38,-5.75,-2.53,0.0,0.38,-11.75,9.26,0.47665078680441975
1997-01-25,4.48,-5.48,-1.81,0.01,0.38,-10.44,11.01,0.5652570623862101
1997-01-26,8.38,-4.28,0.67,0.11,0.38,-4.56,6.89,0.6653908621085798
1997-01-27,-0.57,-9.29,-6.33,0.16,0.38,-10.89,10.02,0.3197595393456411
1997-01-28,8.93,-7.35,0.57,0.0,0.38,-6.78,12.7,0.7751040873477217
1997-01-29,6.34,-1.87,1.44,0.01,0.38,-4.46,12.7,0.5185843472550732
1997-01-30,14.44,-1.49,4.27,0.0,0.38,-8.91,13.02,1.3334417456686514
1997-01-31,18.22,1.91,8.16,0.0,0.38,-3.87,11.7,1.633987560354163
1997-02-01,15.05,0.41,6.85,0.0,0.38,-2.53,11.95,1.2037683426378734
1997-02-02,8.41,-1.21,2.61,0.0,0.38,-1.02,9.94,0.5361766376758051
1997-02-03,6.93,-3.67,1.16,0.02,0.38,-6.66,12.37,0.6260990240165873
1997-02-04,2.45,-5.5,-2.54,0.01,0.38,-10.11,12.69,0.44546443472745356
1997-02-05,4.54,-6.41,-2.5,0.12,0.38,-7.46,7.07,0.4959877192667442
1997-02-06,0.35,-4.41,-2.76,3.1,0.38,-6.13,4.59,0.24015663992341352
1997-02-07,-0.54,-8.58,-4.18,0.15,0.38,-8.53,8.17,0.2664034844823091
1997-02-08,5.69,-9.47,-3.04,0.0,0.38,-9.65,11.22,0.6214873356704835
1997-02-09,6.37,-7.52,-1.19,0.0,0.38,-10.69,14.58,0.6888864315887387
1997-02-10,4.33,-7.14,-1.91,0.09,0.38,-9.52,14.26,0.535570050712079
1997-02-11,5.44,-4.24,-0.23,0.75,0.38,-6.63,11.18,0.5276564518305865
1997-02-12,2.04,-4.99,-2.18,0.69,0.38,-7.11,5.46,0.3493742440379805
1997-02-13,3.44,-4.02,-1.61,1.34,0.38,-7.32,6.87,0.4292458849453806
1997-02-14,6.46,-5.23,-0.01,0.0,0.38,-9.18,14.34,0.6604696711438434
1997-02-15,9.14,-1.93,2.34,0.0,0.38,-6.32,14.91,0.7781794322337234
1997-02-16,13.9,-1.08,4.97,0.0,0.38,-5.31,15.05,1.1768965508638392
1997-02-17,17.21,0.44,7.03,1.38,0.38,-3.49,9.97,1.4916642091986996
1997-02-18,15.15,-1.35,5.23,1.72,0.38,-1.89,14.34,1.1901650708282792
1997-02-19,11.06,-3.11,3.05,0.01,0.38,-1.8,13.48,0.782689742332815
1997-02-20,9.62,-2.03,2.59,0.94,0.38,-5.88,12.96,0.8031927844327476
1997-02-21,2.29,-3.97,-1.46,0.34,0.38,-8.1,13.64,0.38865114569900727
1997-02-22,5.5,-5.23,-0.4,0.14,0.38,-10.0,16.61,0.6175182052485314
1997-02-23,-3.66,-8.23,-6.7,5.22,0.38,-10.56,5.56,0.19275455741248926
1997-02-24,-1.78,-9.14,-5.81,0.33,0.38,-10.79,8.99,0.26776269534674413
1997-02-25,6.44,-9.57,-2.22,0.02,0.38,-7.44,13.02,0.6147319700131525
1997-02-26,0.77,-6.35,-2.89,1.26,0.39,-7.18,9.69,0.2895337408580359
1997-02-27,8.37,-7.81,-0.59,0.01,0.39,-6.69,17.15,0.7300065713599541
1997-02-28,8.13,-4.43,0.81,0.22,0.39,-3.38,12.44,0.6063942191027696
1997-03-01,4.23,-6.58,-1.73,0.0,0.39,-10.42,15.18,0.5501885994288334
1997-03-02,11.47,-3.41,2.83,0.06,0.39,-8.57,15.91,1.0344911671639914
1997-03-03,9.83,-4.47,2.76,0.09,0.39,-10.2,16.4,0.9328336186156262
1997-03-04,2.69,-5.17,-2.15,0.46,0.38,-8.54,12.0,0.4207015278097382
1997-03-05,6.78,-5.77,0.4,0.0,0.38,-12.55,19.09,0.7539691111649509
1997-03-06,14.05,-1.84,4.63,0.0,0.38,-9.55,19.73,1.3077265818014792
1997-03-07,13.6,-1.48,4.64,0.0,0.38,-7.86,20.4,1.2195446327069106
1997-03-08,19.56,-1.39,8.29,0.01,0.38,-6.32,20.42,1.894561859590221
1997-03-09,12.64,-3.21,4.14,0.0,0.38,-6.8,20.59,1.095890353689336
1997-03-10,19.29,0.1,8.83,0.0,0.38,-7.34,20.68,1.885498710934453
1997-03-11,20.76,1.62,10.35,0.0,0.37,-5.07,20.28,2.0316348503249984
1997-03-12,20.93,3.35,10.51,0.0,0.37,-4.59,15.18,2.041858968124487
1997-03-13,9.38,-7.17,2.44,0.28,0.37,-5.96,8.81,0.7864230448199943
1997-03-14,0.85,-10.12,-5.09,0.1,0.37,-12.96,19.01,0.4244111035541613
1997-03-15,7.16,-7.25,-0.88,0.0,0.37,-10.56,18.45,0.7396513963433542
1997-03-16,23.61,-3.42,10.89,0.0,0.37,-4.42,19.07,2.4746827297445253
1997-03-17,18.59,6.41,11.6,0.17,0.37,-1.81,12.37,1.6069383753055733
1997-03-18,14.63,0.03,6.49,0.0,0.37,-5.37,20.71,1.2556570363408304
1997-03-19,22.02,1.84,11.57,0.0,0.37,-4.55,20.94,2.2113659122271017
1997-03-20,25.96,5.19,14.82,0.0,0.36,-4.13,18.93,2.9036667032811456
1997-03-21,17.12,3.13,10.67,0.0,0.36,-2.69,16.3,1.4514398646758608
1997-03-22,20.51,1.92,9.95,0.0,0.36,-5.39,21.0,2.0042641408000472
1997-03-23,18.73,-0.83,8.36,0.42,0.36,-3.55,16.34,1.6907664331392778
1997-03-24,11.0,-1.96,5.71,1.14,0.36,-2.95,13.0,0.8212570394662086
1997-03-25,11.68,-6.04,2.95,0.0,0.36,-11.31,22.02,1.115883938620004
1997-03-26,20.89,0.17,10.16,0.0,0.36,-7.1,22.29,2.111684067303666
1997-03-27,22.02,2.2,11.81,0.0,0.36,-6.45,21.07,2.270157162340674
1997-03-28,14.52,1.04,6.75,0.0,0.36,-7.76,22.12,1.312680576648492
1997-03-29,8.46,-0.32,3.16,0.02,0.36,-9.52,12.51,0.8100700263997294
1997-03-30,17.28,-3.78,7.01,0.0,0.36,-11.29,22.77,1.7146100178279693
1997-03-31,23.13,1.24,12.24,0.01,0.36,-9.15,22.27,2.5260419786112824
1997-04-01,14.6,3.46,8.63,0.15,0.36,-5.42,25.0,1.2539914606931393
1997-04-02,9.41,0.23,3.55,1.73,0.36,-1.36,8.52,0.6273244346501385
1997-04-03,15.8,0.06,7.68,0.28,0.36,1.69,24.08,1.1050492357382733
1997-04-04,17.37,3.84,10.03,0.74,0.36,1.38,17.97,1.3086955263379778
1997-04-05,5.18,-3.1,0.96,0.77,0.36,-8.8,23.77,0.5692463184332143
1997-04-06,7.77,-5.32,1.44,0.01,0.36,-12.14,24.92,0.8153632524216963
1997-04-07,13.87,-4.83,5.02,0.0,0.36,-10.01,24.94,1.2996840334634476
1997-04-08,5.71,-7.58,-1.16,0.02,0.36,-8.54,13.37,0.5959461394111052
1997-04-09,15.99,-4.16,3.7,0.54,0.36,-3.76,7.84,1.3545906511816737
1997-04-10,-0.99,-7.91,-4.61,3.5,0.36,-8.97,6.56,0.25824897476107067
1997-04-11,-3.62,-9.83,-7.33,0.72,0.36,-14.27,9.26,0.2651149624604734
1997-04-12,0.7,-9.27,-4.63,0.01,0.36,-13.23,13.96,0.4223069851609357
1997-04-13,8.14,-6.94,0.4,0.0,0.36,-12.64,24.7,0.851880541742342
1997-04-14,16.53,-2.44,7.23,0.05,0.36,-7.3,25.25,1.5277028558099
1997-04-15,18.34,1.49,9.45,0.32,0.36,-1.31,24.33,1.5535647455254933
1997-04-16,19.12,0.83,9.48,0.31,0.36,-0.88,25.56,1.641126116634676
1997-04-17,24.67,2.39,14.07,0.02,0.36,-4.92,28.11,2.6822989494618246
1997-04-18,24.39,8.57,15.62,0.01,0.36,-1.15,26.99,2.492952492984095
1997-04-19,26.27,6.46,17.01,0.08,0.36,0.9,23.94,2.763480442029403
1997-04-20,21.55,8.59,15.16,0.37,0.36,3.58,25.47,1.7827445673041467
1997-04-21,17.48,5.27,12.12,0.35,0.36,-1.87,21.97,1.4649567526935123
1997-04-22,14.61,0.84,7.55,0.85,0.35,-4.45,25.25,1.2238981699563227
1997-04-23,16.57,0.9,9.3,1.17,0.36,-4.09,25.28,1.4343610959955053
1997-04-24,5.56,0.58,3.33,17.03,0.38,1.2,6.88,0.2407550682915972
1997-04-25,7.97,-2.69,2.86,0.26,0.39,-3.72,16.68,0.6066518983197431
1997-04-26,13.39,-2.2,5.9,0.04,0.39,-2.89,22.03,1.0427497646105823
1997-04-27,19.15,-0.52,10.13,0.0,0.38,-4.12,28.59,1.7678687487720877
1997-04-28,18.89,6.38,11.77,2.05,0.38,2.78,20.39,1.4363427707160066
1997-04-29,24.9,5.86,14.34,2.18,0.38,2.6,20.43,2.4124355901957393
1997-04-30,15.16,3.09,8.58,0.05,0.38,-2.33,24.29,1.208326721432747
1997-05-01,17.85,3.56,10.11,1.0,0.38,-3.73,17.48,1.5810242773589205
1997-05-02,11.72,1.23,5.52,0.27,0.38,-6.55,20.02,1.0027677598922309
1997-05-03,17.47,-1.77,9.34,0.0,0.38,-6.25,27.22,1.6133659280721755
1997-05-04,26.98,4.58,16.85,0.07,0.37,-1.31,28.08,3.006195422145143
1997-05-05,24.24,7.78,16.3,0.01,0.37,0.79,28.2,2.3803497942145895
1997-05-06,28.5,8.51,18.95,0.14,0.37,3.44,26.68,3.1096214387009034
1997-05-07,21.05,10.99,15.84,0.12,0.36,3.78,23.36,1.6938999932538636
1997-05-08,17.99,5.36,11.1,0.26,0.36,0.57,14.59,1.426084418807252
1997-05-09,22.06,3.22,13.01,0.0,0.36,-2.65,28.84,2.151047089628264
1997-05-10,27.58,6.85,17.88,0.0,0.36,-1.28,28.51,3.132280989721944
1997-05-11,16.89,5.48,11.24,0.49,0.36,0.22,18.11,1.303613767034639
1997-05-12,20.05,1.9,11.88,0.04,0.36,-3.7,27.47,1.8809039853401777
1997-05-13,26.15,6.61,16.12,0.01,0.36,-0.76,26.63,2.8135304203315297
1997-05-14,21.96,8.01,14.91,0.92,0.35,2.48,21.64,1.9072397635747103
1997-05-15,25.54,6.81,17.19,0.11,0.35,2.66,27.66,2.531435582389759
1997-05-16,30.31,11.46,21.41,0.01,0.35,2.69,28.09,3.5778407312413005
1997-05-17,32.34,12.91,22.72,0.14,0.35,3.51,27.37,4.061258806371491
1997-05-18,26.54,8.0,17.88,3.21,0.35,6.1,22.12,2.5286428722894376
1997-05-19,19.89,4.78,11.68,0.58,0.35,2.34,22.63,1.599409542049251
1997-05-20,24.79,5.92,15.42,0.14,0.35,5.18,28.56,2.245036038254227
1997-05-21,24.09,9.2,15.68,10.14,0.36,9.26,19.27,1.8316925796255947
1997-05-22,19.67,10.95,14.86,14.03,0.38,10.68,11.92,1.0058884108100707
1997-05-23,19.71,9.65,13.93,1.62,0.4,7.77,17.4,1.2405532704010378
1997-05-24,25.88,7.99,16.92,1.6,0.39,7.83,21.65,2.2772574112264805
1997-05-25,18.35,7.21,13.27,3.07,0.39,6.33,22.59,1.1531611741896182
1997-05-26,17.4,7.44,12.01,5.62,0.4,3.59,22.05,1.1973082230820804
1997-05-27,21.06,6.11,12.98,3.52,0.4,4.51,22.69,1.6532656023472356
1997-05-28,22.16,4.48,13.98,1.14,0.4,4.38,26.33,1.8345546098211885
1997-05-29,21.1,9.39,14.59,3.47,0.4,8.66,12.58,1.3803670497709313
1997-05-30,23.61,8.51,16.36,0.09,0.39,7.79,25.26,1.8572555728823061
1997-05-31,29.98,10.53,20.61,0.11,0.39,8.16,28.52,3.153684804913584
1997-06-01,33.39,12.69,23.47,1.46,0.38,10.06,25.11,3.908327797330758
1997-06-02,25.38,15.03,19.69,8.69,0.38,14.13,26.03,1.628050270308054
1997-06-03,24.46,11.24,17.83,0.83,0.39,9.82,27.1,1.8540735957293333
1997-06-04,27.0,8.94,17.95,0.0,0.39,7.08,25.05,2.5579649109603997
1997-06-05,28.34,11.36,19.86,0.16,0.38,11.22,27.81,2.523373949296542
1997-06-06,24.9,13.23,18.73,2.25,0.38,12.7,22.67,1.6803272373039493
1997-06-07,23.01,13.6,18.17,2.42,0.38,12.97,21.73,1.316303142734638
1997-06-08,21.2,13.88,17.22,12.0,0.39,12.96,21.59,1.0238660778549695
1997-06-09,15.72,10.94,14.02,18.05,0.43,11.91,10.95,0.3917592397695302
1997-06-10,22.26,9.48,15.94,2.06,0.43,10.16,20.91,1.4449311434443686
1997-06-11,28.32,11.04,20.29,1.75,0.42,8.77,30.9,2.7205891719648596
1997-06-12,26.72,11.08,18.97,8.76,0.42,10.4,22.56,2.2459226576761604
1997-06-13,21.95,10.8,16.33,9.47,0.43,10.62,21.2,1.3559626203870527
1997-06-14,27.39,11.05,19.78,0.97,0.43,12.13,22.21,2.233101198270663
1997-06-15,26.99,13.1,19.41,2.46,0.42,9.57,24.63,2.3702244362278315
1997-06-16,24.97,11.47,18.2,0.28,0.41,7.49,27.17,2.126050306177289
1997-06-17,26.33,12.12,19.93,0.21,0.4,9.01,30.56,2.2787370006106094
1997-06-18,32.51,15.01,24.04,0.55,0.39,9.27,30.63,3.724363195271799
1997-06-19,34.71,15.55,25.55,2.17,0.39,10.03,30.06,4.302748593423969
1997-06-20,34.71,18.35,26.65,0.86,0.38,9.23,31.34,4.367160785775065
1997-06-21,30.78,16.75,23.24,0.38,0.38,13.04,30.46,2.934934269697899
1997-06-22,33.62,16.42,24.8,0.02,0.38,10.32,31.28,3.9531993610210865
1997-06-23,31.54,14.89,22.87,1.11,0.37,11.95,29.51,3.2346193345272116
1997-06-24,29.93,15.96,22.52,3.91,0.37,10.2,29.64,2.981541524731756
1997-06-25,28.33,14.1,20.33,7.82,0.38,12.33,29.04,2.4197932420300936
1997-06-26,30.07,14.8,21.99,0.42,0.38,11.99,31.17,2.8584916178058566
1997-06-27,33.48,15.72,24.68,0.0,0.38,7.14,30.17,4.155641979794008
1997-06-28,34.21,15.7,25.42,0.55,0.37,7.61,29.2,4.337167426012206
1997-06-29,31.99,15.22,23.64,5.99,0.38,10.22,28.48,3.505905829966245
1997-06-30,35.88,15.68,25.68,0.23,0.37,5.06,30.44,5.02602220323268
1997-07-01,34.75,14.88,25.0,0.0,0.37,-3.29,31.45,5.066325291102371
1997-07-02,29.7,11.01,20.68,0.0,0.36,2.05,31.86,3.4624267841803875
1997-07-03,25.09,11.81,17.94,0.0,0.36,5.23,30.96,2.298384064486703
1997-07-04,28.37,9.12,19.43,0.01,0.36,5.34,29.74,2.968899223906934
1997-07-05,31.02,12.99,21.83,1.61,0.36,9.63,30.2,3.2998635777280647
1997-07-06,32.26,13.37,23.06,0.6,0.36,9.44,28.51,3.642445963917112
1997-07-07,34.1,15.18,25.22,0.11,0.36,6.94,30.93,4.351210609137205
1997-07-08,27.99,17.0,21.86,3.6,0.36,12.05,23.17,2.3705352357350407
1997-07-09,33.37,14.95,24.33,0.04,0.36,10.23,30.04,3.888470933296503
1997-07-10,33.65,16.69,25.39,0.17,0.36,10.88,27.11,3.9141929762809333
1997-07-11,32.88,17.82,24.57,1.9,0.36,11.41,23.35,3.647467247325643
1997-07-12,34.29,15.99,25.62,0.46,0.36,6.48,29.52,4.439110474263872
1997-07-13,32.36,16.13,23.92,0.3,0.35,2.99,29.98,4.095132970482138
1997-07-14,32.29,15.09,23.96,0.51,0.35,7.96,27.14,3.7634017272125835
1997-07-15,36.32,16.74,27.02,1.06,0.35,9.1,22.93,4.8902638897056585
1997-07-16,38.53,19.19,29.34,0.01,0.35,5.84,25.0,5.89218300837474
1997-07-17,38.03,19.33,28.89,0.35,0.35,4.89,28.6,5.769876157662588
1997-07-18,36.18,17.53,27.14,0.29,0.34,6.8,28.75,5.011740398047755
1997-07-19,33.1,17.19,24.54,8.09,0.35,13.12,22.37,3.5488630469068516
1997-07-20,29.26,17.87,23.02,0.33,0.36,14.45,26.51,2.4203684057532877
1997-07-21,33.3,17.21,25.51,2.21,0.36,11.84,26.93,3.727578533553248
1997-07-22,34.52,17.36,26.48,0.11,0.36,12.74,27.64,4.002729907464749
1997-07-23,36.53,19.06,28.21,0.12,0.35,12.42,28.56,4.674068029466174
1997-07-24,34.09,19.57,27.15,0.61,0.35,13.75,28.69,3.773119869167461
1997-07-25,36.48,20.28,27.59,5.2,0.35,13.46,24.95,4.555818553100016
1997-07-26,35.0,18.13,27.04,1.34,0.36,13.29,27.61,4.096259989089631
1997-07-27,32.18,19.55,25.33,12.04,0.36,14.74,24.24,3.126344198755965
1997-07-28,22.95,18.28,20.17,26.67,0.41,17.77,16.58,0.7666236190595943
1997-07-29,23.22,17.75,19.86,17.02,0.44,17.67,18.54,0.8254893578147033
1997-07-30,28.03,18.09,21.95,6.44,0.46,16.96,22.67,1.8537151813232229
1997-07-31,29.25,17.44,23.22,1.75,0.44,16.45,27.36,2.1927012922075377
1997-08-01,28.97,17.55,23.3,1.44,0.43,16.27,25.9,2.148855787697601
1997-08-02,27.22,18.29,22.11,3.91,0.43,17.57,25.35,1.6027754460797667
1997-08-03,29.0,16.74,22.92,4.08,0.42,16.67,27.44,2.1081022876102042
1997-08-04,26.75,17.51,21.98,6.61,0.43,16.11,19.97,1.6822793326543612
1997-08-05,22.36,16.58,19.16,14.79,0.44,15.5,7.6,0.9414819062267212
1997-08-06,19.74,12.99,16.64,17.83,0.47,13.03,13.98,0.8001983534021362
1997-08-07,25.28,10.92,18.11,0.06,0.46,10.19,25.94,1.9773117987768154
1997-08-08,30.38,11.66,21.17,0.0,0.45,10.69,26.59,3.0505199945269585
1997-08-09,23.74,15.53,19.17,0.13,0.43,10.86,24.73,1.6371192033171769
1997-08-10,18.17,11.83,14.94,8.73,0.43,11.66,6.88,0.7147276155153575
1997-08-11,24.47,12.22,17.77,6.27,0.44,14.14,13.89,1.4559516098004672
1997-08-12,25.5,13.75,19.01,3.16,0.44,12.5,26.83,1.8138754944960336
1997-08-13,29.39,14.53,21.59,0.81,0.43,12.65,25.97,2.6330245336610494
1997-08-14,29.06,13.89,21.38,0.01,0.42,7.9,26.72,2.954103365976838
1997-08-15,31.69,14.73,23.24,0.01,0.41,7.74,26.87,3.6181935860212344
1997-08-16,29.42,14.65,21.26,3.78,0.41,12.01,22.27,2.700445147669712
1997-08-17,24.33,11.98,18.2,6.53,0.41,13.28,22.7,1.518108641693085
1997-08-18,25.81,15.96,19.67,10.33,0.43,13.21,12.03,1.8053996624253221
1997-08-19,28.92,14.13,21.61,0.02,0.42,9.65,27.37,2.7877382767255643
1997-08-20,29.59,13.95,21.32,0.31,0.42,12.2,25.38,2.7231284478697906
1997-08-21,32.51,16.2,24.0,0.12,0.41,12.86,25.92,3.4094236381559617
1997-08-22,30.3,15.08,22.93,1.45,0.4,11.11,26.07,2.994281934201764
1997-08-23,32.97,16.88,24.59,0.03,0.4,10.99,24.83,3.7098476904158977
1997-08-24,33.6,17.34,25.15,0.59,0.39,11.14,25.39,3.876950083053723
1997-08-25,33.23,18.21,25.66,1.11,0.39,12.08,24.0,3.685426835827701
1997-08-26,31.05,19.88,24.93,3.03,0.39,15.23,21.83,2.7746336782626404
1997-08-27,32.23,19.18,25.17,0.02,0.39,14.03,25.07,3.215203708691857
1997-08-28,32.92,19.28,25.78,0.74,0.38,12.75,18.43,3.5341674434506265
1997-08-29,32.37,17.76,24.75,7.42,0.39,13.92,23.56,3.2647725089408337
1997-08-30,30.12,16.96,23.19,0.14,0.39,10.71,23.89,2.984734780352315
1997-08-31,26.33,17.81,21.7,2.45,0.39,14.85,21.53,1.7386261972143071
1997-09-01,30.97,17.03,23.69,0.35,0.39,13.48,24.38,2.939472961700202
1997-09-02,25.72,15.68,20.06,0.59,0.39,14.64,9.82,1.639980790473654
1997-09-03,26.96,14.26,19.75,0.17,0.39,12.59,16.13,2.0989109599376263
1997-09-04,29.57,13.87,21.36,2.63,0.38,13.43,21.28,2.5991064935550545
1997-09-05,28.94,15.95,22.07,1.29,0.39,12.97,23.25,2.4969752107813123
1997-09-06,29.46,17.77,23.03,4.1,0.39,13.29,21.83,2.58697905797965
1997-09-07,30.57,15.27,22.85,0.06,0.39,8.86,23.61,3.246527673467359
1997-09-08,31.27,14.46,22.42,0.14,0.38,6.72,23.1,3.579354054104106
1997-09-09,24.44,11.64,17.33,0.01,0.38,8.6,19.82,1.9462321246563097
1997-09-10,29.4,12.8,20.77,0.01,0.38,10.73,23.05,2.8098687906711763
1997-09-11,30.29,14.81,22.13,0.05,0.38,12.27,22.97,2.8864248725897586
1997-09-12,30.18,16.67,22.42,0.0,0.38,9.43,19.35,3.1052296260138483
1997-09-13,30.87,14.92,22.76,0.0,0.37,8.62,21.84,3.340530020998406
1997-09-14,30.86,15.49,22.7,0.25,0.37,10.8,20.37,3.161544458465361
1997-09-15,33.0,15.96,23.86,0.0,0.37,7.11,21.57,4.020696828624616
1997-09-16,26.71,15.76,21.36,0.29,0.37,5.79,16.36,2.583527922078466
1997-09-17,28.48,13.15,20.78,0.0,0.37,6.19,19.32,2.9393858579995955
1997-09-18,33.36,15.22,23.53,0.37,0.36,8.1,19.38,4.052518979637971
1997-09-19,22.81,9.06,15.9,0.56,0.36,6.64,21.23,1.7999524911761307
1997-09-20,11.9,7.02,8.92,2.0,0.37,4.83,7.21,0.5313287274266925
1997-09-21,18.1,7.04,11.51,3.08,0.37,8.04,5.39,1.0013077416933938
1997-09-22,20.04,9.61,14.2,1.42,0.38,9.21,7.18,1.179627750306992
1997-09-23,16.5,7.51,10.97,0.83,0.38,6.07,6.8,0.9375249878224517
1997-09-24,20.24,7.0,12.14,0.0,0.38,5.59,14.77,1.4643509466578504
1997-09-25,27.58,8.01,17.12,0.0,0.38,1.87,20.39,2.989367468806026
1997-09-26,30.64,11.53,20.9,0.0,0.37,4.83,19.16,3.5393183666652606
1997-09-27,28.54,8.93,19.52,0.0,0.37,6.77,19.39,2.9142722790384
1997-09-28,24.35,7.23,15.05,0.0,0.37,-1.61,20.19,2.504349251917223
1997-09-29,27.48,9.68,17.33,0.05,0.37,-0.16,19.4,3.0632568303852663
1997-09-30,28.25,9.43,18.46,0.07,0.37,4.92,19.03,2.967850961294339
1997-10-01,29.7,12.43,20.64,0.02,0.37,10.67,18.98,2.8864022643018026
1997-10-02,30.32,13.01,21.09,0.0,0.36,4.61,18.87,3.472722115011258
1997-10-03,25.1,14.17,18.67,0.15,0.36,3.73,18.32,2.3887607337711545
1997-10-04,27.78,10.52,18.54,0.0,0.36,4.09,19.42,2.9133526120049336
1997-10-05,27.88,10.56,18.52,0.0,0.36,2.7,19.43,3.011816563701813
1997-10-06,22.74,9.68,15.96,0.0,0.36,2.9,19.02,2.0131536410511335
1997-10-07,27.64,13.47,19.57,0.93,0.36,9.85,18.22,2.48574324284119
1997-10-08,18.26,6.17,13.56,0.86,0.36,2.16,12.65,1.3842111364788658
1997-10-09,18.38,3.33,10.2,0.0,0.36,-1.03,17.1,1.5473200362619313
1997-10-10,27.14,8.54,17.58,0.01,0.36,5.3,16.57,2.7039808848434967
1997-10-11,25.03,14.88,18.96,7.5,0.36,12.63,18.48,1.711539754004513
1997-10-12,15.08,0.51,5.02,9.99,0.39,-0.86,5.33,1.1405371546459306
1997-10-13,13.82,-1.17,5.9,0.06,0.39,-6.2,17.0,1.195718290526148
1997-10-14,19.74,2.36,10.32,0.66,0.39,-2.35,18.43,1.7870089081220257
1997-10-15,18.73,4.47,10.14,0.0,0.39,-1.29,18.37,1.6048702604969804
1997-10-16,18.53,2.18,9.63,0.0,0.39,1.94,17.36,1.4311651023923952
1997-10-17,23.65,4.36,12.95,0.01,0.39,0.51,16.8,2.2879574784355374
1997-10-18,24.02,7.88,14.11,0.0,0.38,-0.55,16.64,2.400721825422912
1997-10-19,12.59,5.2,7.54,0.1,0.38,2.76,10.43,0.7131151784987917
1997-10-20,11.28,3.43,6.17,0.47,0.38,2.04,7.54,0.6296832366971461
1997-10-21,13.66,2.26,6.71,0.04,0.38,2.28,9.96,0.8437656778842318
1997-10-22,20.05,2.28,10.22,0.04,0.38,-1.36,16.92,1.7926034597645706
1997-10-23,17.69,4.57,10.35,1.58,0.38,-2.93,15.83,1.5319090443322076
1997-10-24,9.44,-4.08,4.2,8.83,0.39,0.9,4.05,0.5306505674939087
1997-10-25,-4.88,-9.46,-7.42,22.08,0.39,-9.18,1.53,0.12018923120724678
1997-10-26,2.03,-13.64,-5.74,1.16,0.4,-9.26,5.92,0.40423196274756923
1997-10-27,13.22,-3.09,4.0,1.36,0.42,-3.27,7.67,1.0396168730032713
1997-10-28,12.41,0.33,4.96,0.03,0.43,-0.85,9.98,0.8669028223426294
1997-10-29,16.49,0.61,7.39,0.01,0.43,-1.54,7.34,1.3303411254507354
1997-10-30,18.0,4.18,9.97,0.01,0.43,0.61,13.95,1.4255351169111548
1997-10-31,18.19,4.58,9.77,0.49,0.42,-1.36,13.74,1.5358511199413862
1997-11-01,10.42,1.0,5.03,0.15,0.42,-5.23,12.95,0.849076992109684
1997-11-02,7.66,-1.73,3.06,0.0,0.41,-7.02,11.9,0.687387486347613
1997-11-03,15.06,-2.85,5.82,0.07,0.41,-6.42,14.03,1.3340754632546132
1997-11-04,16.79,1.69,8.19,0.04,0.41,-3.13,13.07,1.4271965247817846
1997-11-05,11.65,-0.27,4.37,0.0,0.4,-0.43,13.08,0.7785726569534318
1997-11-06,15.3,-0.38,5.96,0.0,0.4,0.27,14.08,1.1156570065843894
1997-11-07,19.85,2.17,9.27,0.0,0.4,-0.72,14.11,1.7371312335017262
1997-11-08,9.18,-0.96,4.86,0.44,0.4,-1.21,8.12,0.6030351404817544
1997-11-09,0.08,-4.4,-2.15,3.15,0.4,-5.77,4.84,0.21718881082399205
1997-11-10,1.43,-6.19,-3.66,0.29,0.4,-7.43,5.36,0.32785081184355397
1997-11-11,0.39,-5.89,-3.41,0.45,0.4,-6.87,5.08,0.26336006768504194
1997-11-12,3.83,-5.66,-2.62,1.07,0.4,-6.28,5.04,0.42162535743124563
1997-11-13,4.6,-7.68,-1.82,0.82,0.4,-7.5,11.11,0.500626177864085
1997-11-14,-5.1,-10.56,-8.11,0.19,0.4,-15.3,10.63,0.2322130054103348
1997-11-15,-1.88,-13.96,-8.49,0.0,0.4,-14.81,11.96,0.3386289358766846
1997-11-16,4.25,-10.08,-3.81,0.0,0.4,-12.23,12.56,0.5887121246508603
1997-11-17,7.91,-4.85,0.55,0.04,0.4,-8.26,12.61,0.738558927592059
1997-11-18,8.03,-1.12,2.05,0.0,0.4,-6.36,12.55,0.6953466651236078
1997-11-19,11.2,-1.5,3.0,0.0,0.4,-6.5,12.51,0.9547164082581658
1997-11-20,8.01,-1.12,2.44,0.02,0.4,-2.97,10.88,0.5827755557413146
1997-11-21,7.95,-2.09,1.34,0.0,0.4,-5.45,8.02,0.6621220141651905
1997-11-22,8.02,-3.49,0.93,0.0,0.4,-5.93,10.95,0.6818864074620623
1997-11-23,7.25,-3.31,0.87,0.0,0.4,-7.66,6.47,0.6758541241896652
1997-11-24,14.26,0.1,4.96,0.0,0.4,-4.67,11.76,1.193927942491838
1997-11-25,18.48,0.59,7.35,0.0,0.4,-4.64,10.85,1.6942790835958335
1997-11-26,4.16,-2.65,1.17,0.03,0.4,-4.24,5.45,0.3763483766633795
1997-11-27,16.01,1.73,6.87,0.92,0.4,-0.52,10.76,1.2313805261394966
1997-11-28,4.29,-0.64,0.75,5.48,0.4,-2.78,2.23,0.33228451821134536
1997-11-29,8.73,-2.1,2.2,0.01,0.4,-3.9,8.18,0.66959517696103
1997-11-30,7.91,-3.84,0.66,0.01,0.4,-3.91,10.18,0.6088630927875321
1997-12-01,6.57,-1.76,1.34,0.27,0.4,-2.97,8.4,0.48193476300961663
1997-12-02,2.31,-4.11,-1.38,0.98,0.4,-3.83,3.77,0.26134278365747227
1997-12-03,1.56,-5.49,-2.81,0.17,0.4,-7.84,10.41,0.34516772115528893
1997-12-04,1.68,-7.09,-2.71,0.0,0.4,-9.44,9.76,0.39098824545363425
1997-12-05,-0.96,-7.07,-4.94,0.01,0.4,-9.43,10.17,0.27052925775447323
1997-12-06,2.25,-9.07,-4.24,0.0,0.4,-7.45,8.67,0.3693893270803166
1997-12-07,0.93,-5.57,-2.85,0.02,0.4,-6.2,2.66,0.2690902658258164
1997-12-08,8.6,-2.14,1.79,0.52,0.4,-3.82,9.66,0.6569497699914527
1997-12-09,-0.17,-5.21,-2.9,3.5,0.4,-5.64,3.69,0.20214302428861158
1997-12-10,-2.67,-6.25,-4.72,2.1,0.4,-7.8,2.49,0.16220511814834515
1997-12-11,-1.31,-9.07,-5.66,0.02,0.4,-11.01,4.66,0.2913435872301857
1997-12-12,3.67,-10.26,-4.26,0.0,0.4,-12.32,6.28,0.557327662500344
1997-12-13,6.31,-5.74,-1.08,0.04,0.4,-9.77,8.85,0.6644034636666166
1997-12-14,10.11,-3.14,1.93,0.0,0.4,-7.36,9.74,0.8856223363817355
1997-12-15,8.3,-0.29,2.86,0.0,0.4,-6.32,9.26,0.7141016100878512
1997-12-16,8.07,-2.81,1.34,0.0,0.4,-4.33,9.73,0.6347973806063358
1997-12-17,11.77,0.39,5.0,0.0,0.4,-5.23,7.71,0.967557123928665
1997-12-18,8.0,-2.52,2.53,0.0,0.4,-3.69,8.13,0.6077953749496984
1997-12-19,2.46,-4.09,-1.61,0.0,0.4,-3.88,7.55,0.2708308066454001
1997-12-20,1.98,-4.4,-2.47,0.01,0.4,-5.32,9.9,0.29358141920599723
1997-12-21,2.2,-5.41,-1.83,0.13,0.4,-5.09,4.29,0.2974989573760848
1997-12-22,2.27,-4.93,-1.87,0.07,0.4,-6.98,9.82,0.3574849946510224
1997-12-23,1.71,-7.71,-3.18,0.78,0.4,-6.75,7.29,0.3227402027060529
1997-12-24,-1.92,-5.5,-3.98,4.48,0.4,-6.79,2.4,0.16328602660370828
1997-12-25,-2.94,-7.08,-5.45,0.66,0.4,-8.74,3.58,0.17625571709114252
1997-12-26,0.61,-7.88,-4.66,0.09,0.4,-9.51,8.09,0.3414444147870218
1997-12-27,5.87,-6.28,-1.51,0.13,0.4,-9.86,3.17,0.6378270743874375
1997-12-28,0.64,-5.52,-2.26,0.19,0.4,-11.1,7.17,0.37811502607783826
1997-12-29,7.84,-2.23,2.05,0.0,0.4,-4.47,8.9,0.6227000355336925
1997-12-30,3.58,-3.47,0.45,0.0,0.4,-3.47,9.6,0.3168195264081217
1997-12-31,10.77,-2.75,2.12,0.0,0.4,-3.92,10.21,0.8357752927205666
1998-01-01,13.88,0.7,4.58,0.0,0.41,-4.28,10.38,1.1414262039402934
1998-01-02,16.13,1.32,6.68,0.0,0.4,-1.98,7.35,1.3052486484542873
1998-01-03,4.2,-6.27,-2.28,0.02,0.4,-6.06,2.07,0.4363235242998982
1998-01-04,8.23,-5.08,0.52,0.0,0.4,-3.58,8.33,0.6208613841090924
1998-01-05,8.27,-2.26,1.78,0.07,0.4,-3.1,10.48,0.6066730612907947
1998-01-06,2.11,-4.49,-2.31,0.75,0.4,-6.76,7.36,0.3431098449257322
1998-01-07,6.4,-5.29,-1.46,0.0,0.4,-11.87,10.79,0.7153018214175294
1998-01-08,7.32,-5.75,-0.03,0.01,0.4,-9.04,10.78,0.7158680844180219
1998-01-09,-1.65,-9.49,-6.08,0.06,0.4,-9.27,7.7,0.23854397267682786
1998-01-10,2.76,-10.15,-4.7,0.18,0.4,-9.25,4.56,0.44179112321495334
1998-01-11,10.77,-6.53,0.34,0.0,0.4,-5.55,8.06,0.8888723787736287
1998-01-12,-0.2,-7.28,-3.84,0.01,0.4,-7.2,7.07,0.24616311244197991
1998-01-13,4.46,-8.06,-2.34,0.0,0.4,-5.93,6.88,0.4476264236194544
1998-01-14,5.75,-2.66,0.46,0.01,0.4,-8.11,10.95,0.5875360656561098
1998-01-15,8.03,-3.74,1.32,0.01,0.4,-8.33,6.18,0.7490982268469105
1998-01-16,4.84,-2.23,0.39,0.06,0.4,-7.65,11.54,0.5190159567626711
1998-01-17,8.36,-0.84,2.94,0.01,0.4,-4.5,6.04,0.661916150890757
1998-01-18,6.73,-2.86,0.94,0.0,0.4,-5.31,11.37,0.5720712482353687
1998-01-19,7.06,-3.21,0.9,0.0,0.4,-4.91,7.78,0.5819296103896874
1998-01-20,6.66,-4.94,0.36,0.23,0.4,-5.67,9.63,0.5784843507647764
1998-01-21,3.01,-5.29,-2.28,0.36,0.4,-6.35,11.35,0.37839645427539986
1998-01-22,4.3,-4.31,-0.94,0.0,0.4,-10.92,11.83,0.5650693008369891
1998-01-23,3.22,-4.45,-0.82,0.05,0.4,-9.72,11.47,0.47756006288738057
1998-01-24,7.75,-4.74,0.78,0.0,0.4,-5.96,7.08,0.6631948289663148
1998-01-25,8.85,-2.08,1.96,0.01,0.4,-4.22,9.35,0.68968802019528
1998-01-26,8.86,-2.65,1.78,0.0,0.4,-8.5,12.73,0.8156877996467297
1998-01-27,13.85,-0.05,5.49,0.0,0.4,-7.4,11.93,1.2327770509360376
1998-01-28,12.12,-1.95,3.51,0.0,0.39,-5.28,10.92,1.00139616836923
1998-01-29,10.14,-2.94,1.5,0.0,0.39,-4.59,12.9,0.8050572204806391
1998-01-30,11.5,-2.44,3.62,0.0,0.39,-6.61,12.88,0.9846003907899832
1998-01-31,3.82,-2.32,-0.15,0.04,0.39,-2.94,10.67,0.3111912056814725
1998-02-01,8.35,-3.75,0.68,0.0,0.39,-4.45,12.98,0.6595131305492496
1998-02-02,8.16,-3.65,0.81,0.0,0.39,-5.92,10.3,0.6918701968891906
1998-02-03,6.2,-3.21,-0.26,0.0,0.39,-3.43,6.65,0.4740057922627451
1998-02-04,4.3,-4.01,-1.26,0.05,0.39,-4.49,8.11,0.3928220528902418
1998-02-05,2.78,-4.13,-1.72,0.05,0.39,-5.34,6.82,0.335591000552465
1998-02-06,6.4,-4.36,-0.62,0.0,0.39,-4.73,11.42,0.5314317930442405
1998-02-07,6.79,-3.73,0.35,0.04,0.39,-2.99,7.31,0.49751101228597217
1998-02-08,11.73,-2.26,4.1,0.11,0.39,-2.47,12.05,0.8684456089311292
1998-02-09,1.79,-0.94,0.42,12.42,0.4,-0.73,2.44,0.11600476396305037
1998-02-10,4.51,-4.71,-0.52,0.9,0.41,-3.28,6.96,0.36343417692620494
1998-02-11,6.41,-5.3,-0.08,0.0,0.41,-9.04,13.87,0.6537683277761479
1998-02-12,6.86,-4.99,-0.09,0.0,0.41,-8.71,14.38,0.6759562711084883
1998-02-13,10.74,-3.21,2.91,0.0,0.41,-7.54,14.63,0.9436501130122732
1998-02-14,11.16,-1.59,3.06,0.19,0.41,-4.38,14.36,0.8853143054688372
1998-02-15,11.83,-1.17,4.11,2.11,0.41,-0.64,10.45,0.8039892013725284
1998-02-16,4.67,-1.88,0.98,4.33,0.41,-1.13,5.7,0.2900621270503069
1998-02-17,6.9,-3.13,0.81,0.08,0.41,-2.97,9.53,0.5042756848163561
1998-02-18,6.24,-3.26,0.86,0.07,0.41,-5.24,12.68,0.5371994126991958
1998-02-19,6.11,-3.0,0.84,0.0,0.41,-6.4,14.31,0.5638038420279448
1998-02-20,7.85,-3.57,1.12,0.0,0.41,-6.15,16.36,0.6760726640220285
1998-02-21,11.85,-3.42,3.32,0.0,0.41,-5.09,17.13,0.9704448474501438
1998-02-22,14.03,-0.18,6.34,0.07,0.41,-4.39,13.67,1.1606264770679535
1998-02-23,12.11,-0.7,5.0,0.27,0.4,-3.01,17.25,0.9235085341456614
1998-02-24,14.88,-1.71,6.67,1.61,0.4,-2.0,15.92,1.1648058061122089
1998-02-25,8.31,-0.6,4.4,0.59,0.41,-7.15,9.25,0.7384473289552533
1998-02-26,3.82,-4.96,-1.02,0.0,0.4,-11.52,15.59,0.5499618167290148
1998-02-27,-1.26,-5.87,-3.29,0.0,0.4,-12.51,13.07,0.32339700943616645
1998-02-28,2.37,-4.96,-1.97,0.0,0.4,-13.7,18.76,0.5125360552874481
1998-03-01,1.7,-5.15,-2.2,0.21,0.4,-12.57,15.87,0.4581569754707292
1998-03-02,3.48,-6.93,-2.2,0.02,0.4,-10.15,16.01,0.501642591723414
1998-03-03,10.09,-4.05,1.76,0.04,0.4,-8.01,19.55,0.9012812563849955
1998-03-04,7.55,-5.12,-0.3,0.24,0.4,-5.84,6.71,0.6452742387150899
1998-03-05,5.23,-5.15,-1.28,0.11,0.4,-7.14,18.04,0.5289562105262363
1998-03-06,3.42,-4.75,-1.64,0.71,0.4,-4.91,3.97,0.35658924515063134
1998-03-07,-1.62,-8.38,-4.51,0.63,0.4,-8.71,5.35,0.2261189901194856
1998-03-08,-0.06,-8.63,-5.24,0.02,0.4,-13.21,17.95,0.38745855712952737
1998-03-09,0.93,-10.35,-5.32,0.05,0.4,-11.59,19.16,0.4017662066114636
1998-03-10,8.21,-9.41,-0.89,0.04,0.4,-10.15,18.97,0.805879668683233
1998-03-11,-3.06,-12.93,-8.18,0.07,0.4,-14.04,12.84,0.2812632256363232
1998-03-12,12.18,-8.92,1.69,0.0,0.39,-8.24,19.91,1.0911339123555486
1998-03-13,16.61,-1.8,5.88,0.0,0.39,-5.73,20.14,1.4919606865525226
1998-03-14,9.66,-4.2,1.41,0.04,0.39,-3.05,18.33,0.7124620669626207
1998-03-15,15.82,-1.84,6.11,0.05,0.39,1.26,20.0,1.1283524741651272
1998-03-16,8.11,0.44,3.29,0.16,0.39,-0.13,7.81,0.4757870526183896
1998-03-17,10.81,-1.39,3.49,1.15,0.39,-0.89,15.2,0.7238748079383228
1998-03-18,1.16,-4.45,-1.46,8.09,0.39,-3.56,8.06,0.19479853618385212
1998-03-19,3.87,-5.89,-2.39,0.3,0.4,-7.38,13.91,0.45497301194042816
1998-03-20,9.12,-5.57,1.22,0.01,0.4,-7.58,23.01,0.8119269169737016
1998-03-21,13.44,-2.95,4.86,0.0,0.4,-6.48,23.13,1.1652983451502896
1998-03-22,17.48,0.98,9.15,0.06,0.4,-2.03,22.11,1.4712234497548704
1998-03-23,19.33,4.89,11.94,0.01,0.4,2.17,18.21,1.5287693569503578
1998-03-24,24.21,5.16,14.21,0.01,0.4,2.56,21.28,2.2873092724103077
1998-03-25,25.49,5.61,15.82,0.0,0.39,-0.17,23.36,2.6581363570728267
1998-03-26,25.03,8.02,16.34,0.15,0.39,-0.22,21.44,2.572353370400221
1998-03-27,18.65,5.67,10.82,0.67,0.39,1.47,13.57,1.4705476095003909
1998-03-28,19.89,4.36,11.34,0.0,0.39,-0.49,19.18,1.7330477958662034
1998-03-29,16.88,0.23,8.94,0.61,0.39,-5.51,23.4,1.5179014763579193
1998-03-30,1.68,-3.78,-0.47,0.61,0.38,-5.96,10.88,0.2981996169557075
1998-03-31,6.96,-5.62,0.46,0.01,0.39,-7.7,15.02,0.6568424479281194
1998-04-01,17.56,-2.32,7.72,0.01,0.38,-6.1,24.25,1.6203065146754314
1998-04-02,8.47,-0.35,2.93,14.82,0.4,-0.41,5.2,0.5147832561728383
1998-04-03,11.89,-1.3,4.43,0.12,0.41,-2.52,23.73,0.8849705778946733
1998-04-04,18.02,-1.74,7.95,0.24,0.41,-1.69,25.26,1.5269505583420644
1998-04-05,17.49,1.42,9.61,0.59,0.4,-0.88,24.83,1.4259530723283016
1998-04-06,12.92,1.04,6.34,6.21,0.4,0.61,15.34,0.8514968240171683
1998-04-07,6.33,-0.05,3.2,1.43,0.41,0.27,12.12,0.3337828067471239
1998-04-08,11.21,-2.44,3.81,0.44,0.41,-3.15,23.79,0.846980374886855
1998-04-09,13.14,-1.64,6.76,0.34,0.41,-2.49,24.35,1.002957293178162
1998-04-10,17.95,0.73,9.41,0.0,0.41,-4.34,26.03,1.6147471189117928
1998-04-11,26.62,3.75,16.19,0.07,0.4,-1.55,26.38,2.941385019698587
1998-04-12,20.47,6.37,12.78,0.08,0.4,-1.47,22.58,1.8587202908239908
1998-04-13,15.71,3.89,9.98,0.79,0.39,-1.27,22.4,1.2282790110913955
1998-04-14,12.18,0.9,6.54,1.28,0.39,0.47,13.06,0.7872868400892984
1998-04-15,8.39,-1.16,3.11,1.13,0.4,-2.06,11.58,0.5765267115187389
1998-04-16,9.02,-5.22,1.55,0.5,0.4,-8.37,25.42,0.8247655609683788
1998-04-17,12.51,-4.62,4.47,0.77,0.39,-6.22,22.58,1.0667139729805253
1998-04-18,9.34,-0.14,3.99,0.52,0.39,-3.58,16.65,0.7058697487963452
1998-04-19,15.69,-1.21,7.27,0.22,0.39,-6.41,23.62,1.4044340909747772
1998-04-20,13.26,0.6,6.49,0.46,0.39,-6.58,27.44,1.1501887165001135
1998-04-21,13.83,0.95,6.99,0.51,0.39,-3.51,21.07,1.1097579219062264
1998-04-22,19.78,1.46,10.85,0.0,0.39,-4.46,28.39,1.867859984215404
1998-04-23,25.2,4.48,15.05,0.04,0.39,-1.45,28.48,2.656440092984116
1998-04-24,27.83,8.72,18.32,0.35,0.38,0.88,22.69,3.091632249379615
1998-04-25,18.53,5.92,12.4,0.38,0.38,1.42,23.29,1.4568993913357091
1998-04-26,12.6,3.74,8.17,0.99,0.38,-4.89,20.1,1.0343202225996435
1998-04-27,12.44,2.09,6.03,0.39,0.38,0.86,12.14,0.7936755737122457
1998-04-28,14.74,-0.3,6.96,0.04,0.38,-4.87,21.52,1.2516562305071337
1998-04-29,19.0,-0.27,9.48,0.0,0.38,-6.02,29.64,1.807743759791665
1998-04-30,23.9,3.17,14.25,0.05,0.38,-3.79,28.75,2.504560845043227
1998-05-01,23.85,6.91,14.6,0.46,0.37,1.5,26.22,2.276370613078224
1998-05-02,19.93,3.57,11.42,0.17,0.37,-1.87,28.31,1.7956615175076125
1998-05-03,25.47,4.46,15.1,1.04,0.37,2.35,27.88,2.53403872751622
1998-05-04,27.33,8.99,18.21,0.14,0.37,0.39,26.32,3.0065951176701415
1998-05-05,20.3,7.67,13.66,9.17,0.38,4.34,22.38,1.5491296918165025
1998-05-06,21.02,7.1,13.33,2.39,0.39,4.83,22.4,1.6280488461211937
1998-05-07,16.22,6.66,11.15,6.15,0.4,3.32,18.07,1.068846064564124
1998-05-08,17.87,1.74,10.36,15.08,0.41,5.32,17.98,1.1551893830111504
1998-05-09,16.66,2.12,8.94,2.24,0.42,3.33,13.98,1.1206718381967502
1998-05-10,23.39,6.73,14.1,1.39,0.42,5.03,22.74,2.0022558819875664
1998-05-11,20.48,6.61,12.99,1.46,0.41,4.0,21.61,1.5954076093931389
1998-05-12,21.71,3.61,13.45,0.01,0.41,2.14,28.87,1.8848136179347712
1998-05-13,29.39,6.77,19.08,0.0,0.4,-1.03,28.37,3.530343926415409
1998-05-14,25.27,8.5,17.32,0.11,0.39,1.94,28.12,2.516465387824753
1998-05-15,22.08,6.81,14.17,0.6,0.39,0.46,24.77,2.0252975762058854
1998-05-16,26.5,6.26,17.19,0.0,0.39,-1.42,29.57,2.9115949973261084
1998-05-17,30.76,10.53,21.45,0.0,0.38,-2.04,30.32,3.9057207380985837
1998-05-18,30.84,14.74,21.96,0.18,0.38,2.79,21.42,3.70528441696781
1998-05-19,32.3,11.24,21.77,0.09,0.37,3.88,24.01,4.02955978440291
1998-05-20,30.31,12.66,20.89,0.21,0.37,4.05,28.28,3.502968787703568
1998-05-21,31.06,13.11,22.14,1.39,0.37,3.98,27.79,3.6958441202862167
1998-05-22,23.08,9.31,16.57,3.93,0.37,9.46,27.38,1.6388318595958795
1998-05-23,23.48,6.16,15.42,0.69,0.37,1.86,26.3,2.193440669983701
1998-05-24,22.0,10.49,15.68,6.71,0.38,7.15,12.4,1.6317067632781284
1998-05-25,21.96,7.11,15.24,0.8,0.38,6.26,25.04,1.6854162359792388
1998-05-26,26.26,9.48,18.44,0.46,0.38,8.6,24.15,2.2960474158627475
1998-05-27,31.92,11.66,22.25,0.0,0.38,1.35,31.1,4.059839492151237
1998-05-28,31.17,13.14,22.37,0.54,0.37,4.19,31.14,3.7120548367493615
1998-05-29,31.21,12.11,22.27,0.2,0.37,8.28,27.81,3.4531841413707802
1998-05-30,31.2,13.88,23.09,0.0,0.37,2.5,22.14,3.8127056764277745
1998-05-31,27.1,12.37,19.4,0.0,0.36,2.25,28.43,2.8679440064848665
1998-06-01,32.98,13.29,22.7,0.07,0.36,1.32,30.64,4.3524769460022386
1998-06-02,30.23,13.62,21.94,0.2,0.36,1.5,30.73,3.6185758752444492
1998-06-03,13.75,3.45,7.74,2.69,0.36,4.32,11.59,0.7410925312353919
1998-06-04,19.29,3.3,9.65,2.46,0.36,2.91,12.1,1.4845252292452518
1998-06-05,13.8,3.9,8.19,1.5,0.37,0.96,12.25,0.9231587528978451
1998-06-06,21.95,3.8,14.02,0.9,0.37,2.18,30.42,1.921101059871792
1998-06-07,29.4,9.21,18.64,2.37,0.37,7.52,24.44,3.0610093475274605
1998-06-08,20.78,8.85,14.96,2.18,0.37,7.6,24.97,1.409703910584306
1998-06-09,25.42,6.68,16.49,0.16,0.37,4.69,30.26,2.394283328459582
1998-06-10,29.4,7.99,18.62,0.12,0.37,2.81,23.64,3.3515993469501795
1998-06-11,27.79,11.22,19.94,0.16,0.37,3.55,28.12,2.9460970401259
1998-06-12,29.35,10.28,20.7,0.0,0.36,3.4,29.86,3.307864254304856
1998-06-13,31.29,11.86,20.79,0.38,0.36,2.22,30.08,3.85047022967344
1998-06-14,24.94,11.65,17.14,2.46,0.36,5.13,27.28,2.2762154020853993
1998-06-15,22.67,8.19,15.44,0.0,0.36,0.77,28.78,2.1079596640502687
1998-06-16,30.27,10.12,20.53,0.04,0.36,2.69,27.3,3.567964160570413
1998-06-17,30.32,9.41,18.02,0.7,0.36,4.72,28.06,3.4661609662325326
1998-06-18,27.01,7.77,17.79,0.06,0.36,2.24,28.8,2.8495787070871716
1998-06-19,30.99,12.99,22.35,0.01,0.36,0.86,31.88,3.8399315311330695
1998-06-20,30.04,14.08,21.5,3.54,0.35,3.83,31.27,3.449228310289607
1998-06-21,27.99,11.79,20.09,4.8,0.36,9.01,27.21,2.6288937389819607
1998-06-22,28.76,12.95,21.77,2.28,0.37,11.69,32.25,2.5763053594753593
1998-06-23,32.03,11.79,22.8,0.39,0.37,1.36,30.23,4.0888741277006
1998-06-24,34.18,14.36,24.19,0.0,0.36,-1.92,30.32,4.842261935644399
1998-06-25,33.89,12.74,24.04,0.0,0.36,3.02,30.77,4.527925293499874
1998-06-26,36.5,17.0,27.4,0.0,0.35,0.28,30.96,5.48257084145907
1998-06-27,33.6,15.58,24.74,0.0,0.35,3.5,30.41,4.416849363363952
1998-06-28,33.18,14.84,24.69,0.01,0.35,8.76,30.41,3.9515789454730372
1998-06-29,35.85,18.15,26.87,0.49,0.35,8.4,30.45,4.789929948215508
1998-06-30,31.12,16.72,23.38,4.31,0.35,10.03,27.16,3.292942253343128
1998-07-01,29.92,16.96,23.35,4.77,0.36,15.2,27.54,2.4962051801819896
1998-07-02,31.66,16.15,24.86,0.08,0.36,12.5,27.73,3.2146992541374804
1998-07-03,32.79,17.02,24.92,4.12,0.36,12.41,29.07,3.5302628441570345
1998-07-04,31.64,16.42,24.56,8.65,0.37,15.39,27.06,2.910259105435084
1998-07-05,34.72,18.0,26.52,0.26,0.37,12.33,28.94,4.102870521628876
1998-07-06,32.1,18.3,24.56,0.77,0.37,13.43,25.74,3.241286378557425
1998-07-07,33.59,17.13,25.21,0.41,0.37,12.05,16.41,3.7918314328410476
1998-07-08,23.21,17.23,19.79,13.79,0.38,16.93,18.45,0.9161704559525634
1998-07-09,29.36,18.07,23.11,7.83,0.4,17.4,22.37,2.102373209732301
1998-07-10,27.49,18.75,22.6,1.96,0.4,17.03,24.92,1.7277086943596793
1998-07-11,32.04,17.44,24.71,1.05,0.4,15.38,29.48,3.0180162702560023
1998-07-12,34.33,18.01,26.24,0.08,0.39,9.43,30.33,4.235939295085672
1998-07-13,36.59,19.21,28.14,0.08,0.38,10.16,24.2,4.8948448604364
1998-07-14,36.65,18.46,27.88,1.12,0.37,9.94,28.77,4.9331429126539765
1998-07-15,30.78,18.45,24.64,9.13,0.38,14.46,28.64,2.7896738383380644
1998-07-16,29.46,17.75,23.08,0.93,0.38,13.91,24.65,2.5241081610642793
1998-07-17,34.69,16.88,26.2,0.0,0.38,10.42,30.29,4.264101934608565
1998-07-18,35.94,18.27,27.49,2.64,0.38,9.92,30.05,4.700072494888234
1998-07-19,38.44,19.79,29.42,0.03,0.37,8.06,28.72,5.706845490790624
1998-07-20,39.38,20.0,30.26,0.46,0.37,8.14,28.15,6.052313194959918
1998-07-21,38.6,20.24,29.33,0.73,0.36,9.6,28.69,5.647296878786792
1998-07-22,26.03,17.41,20.84,13.97,0.37,15.48,20.18,1.608640043559524
1998-07-23,23.81,17.24,20.16,4.4,0.39,16.71,15.2,1.0476537864242377
1998-07-24,26.56,17.59,21.62,9.03,0.4,17.08,16.37,1.526759084010275
1998-07-25,25.92,17.96,21.24,20.32,0.42,17.67,15.8,1.324026033967054
1998-07-26,25.05,17.24,20.56,10.13,0.44,16.43,15.44,1.3083924044554365
1998-07-27,28.13,14.32,21.37,0.01,0.44,13.15,29.77,2.2961058928891123
1998-07-28,29.0,15.64,22.63,0.41,0.42,13.78,29.29,2.4297531093227414
1998-07-29,23.66,18.35,20.6,18.34,0.44,18.51,17.32,0.7924509725135809
1998-07-30,24.38,16.12,19.72,10.72,0.45,16.56,11.21,1.1683032406921872
1998-07-31,26.31,14.77,19.91,1.39,0.45,15.28,11.79,1.6872013020381478
1998-08-01,24.67,16.06,19.95,6.3,0.45,16.34,15.08,1.2478890959123035
1998-08-02,28.34,13.15,20.91,1.29,0.44,10.96,28.9,2.5461808425153274
1998-08-03,24.46,14.99,19.66,2.07,0.43,12.15,24.6,1.650806078125927
1998-08-04,23.04,13.39,17.7,2.21,0.43,12.08,14.11,1.4062620820297813
1998-08-05,24.87,11.34,18.14,0.06,0.42,11.12,20.92,1.8201088044134393
1998-08-06,27.17,12.14,19.84,0.01,0.41,10.96,25.45,2.2918258010742214
1998-08-07,29.34,12.86,21.45,0.37,0.4,11.35,27.65,2.741490031216861
1998-08-08,33.48,15.49,24.45,0.17,0.4,12.52,27.49,3.71578627573353
1998-08-09,25.85,18.44,21.83,16.51,0.41,15.99,20.49,1.5146230536768377
1998-08-10,26.62,16.21,20.78,1.6,0.42,15.68,24.05,1.7051705489400673
1998-08-11,24.67,16.57,20.19,5.7,0.42,16.14,21.66,1.271431056847705
1998-08-12,29.42,15.41,21.72,0.03,0.42,11.33,27.5,2.762145673370803
1998-08-13,29.11,13.47,21.06,0.0,0.41,9.08,27.33,2.876931645258254
1998-08-14,31.76,14.82,23.44,0.1,0.4,10.01,26.86,3.4618832477738684
1998-08-15,32.54,15.14,23.79,0.04,0.4,11.17,26.89,3.5741817660185897
1998-08-16,33.81,17.37,25.74,0.16,0.39,10.53,27.12,3.9909840439993243
1998-08-17,33.94,18.33,26.31,0.54,0.38,10.48,26.77,4.033492652652752
1998-08-18,32.5,20.24,25.89,0.1,0.38,12.35,26.44,3.4555155651540757
1998-08-19,26.23,17.59,21.91,8.89,0.39,16.6,20.6,1.5182620366835102
1998-08-20,28.16,17.19,22.55,0.18,0.39,15.72,25.82,2.029266621806558
1998-08-21,31.21,17.89,24.48,0.1,0.39,13.53,25.85,2.9960888097865945
1998-08-22,32.7,18.34,24.91,0.0,0.38,11.52,26.0,3.5873351707736574
1998-08-23,35.06,19.25,27.11,0.01,0.38,9.91,25.79,4.420777764585614
1998-08-24,33.39,15.45,25.01,0.69,0.38,7.17,23.62,4.1276226497947555
1998-08-25,27.19,14.81,20.11,3.64,0.38,12.93,25.0,2.1143492406201116
1998-08-26,32.22,17.09,23.99,0.25,0.38,14.08,22.74,3.2072837583709966
1998-08-27,31.02,16.51,23.03,0.29,0.38,8.8,19.72,3.3650693560055998
1998-08-28,31.23,13.29,22.16,0.0,0.37,4.4,25.34,3.715310822613084
1998-08-29,32.77,15.49,24.06,0.01,0.37,5.12,24.9,4.085970798191524
1998-08-30,33.6,16.86,24.92,0.0,0.37,7.02,21.12,4.198695321015873
1998-08-31,30.5,17.67,23.58,2.88,0.36,8.79,20.05,3.234404717502122
1998-09-01,25.6,15.12,19.42,4.03,0.38,10.06,14.76,2.0498626424635122
1998-09-02,30.79,12.6,21.61,0.0,0.37,6.95,25.25,3.4407353228852906
1998-09-03,34.73,15.77,24.65,0.01,0.37,3.65,24.83,4.745871241781996
1998-09-04,34.39,16.11,24.98,0.0,0.37,4.86,24.35,4.5720376375585925
1998-09-05,34.61,15.93,25.1,0.0,0.36,6.57,24.28,4.529949087428341
1998-09-06,34.86,16.17,25.2,0.0,0.36,6.35,23.56,4.621307628412325
1998-09-07,30.96,14.95,22.23,0.0,0.36,9.82,20.23,3.2691422463925086
1998-09-08,33.0,14.63,23.62,0.0,0.36,9.01,22.31,3.8813115081459664
1998-09-09,33.35,16.09,24.26,0.06,0.36,7.32,23.26,4.105658833766862
1998-09-10,33.68,16.22,24.59,0.0,0.36,8.76,23.25,4.09563623872825
1998-09-11,32.9,15.82,23.7,0.0,0.35,6.54,22.95,4.031351499125928
1998-09-12,32.1,14.18,22.55,2.28,0.35,8.45,22.83,3.6756157719042015
1998-09-13,28.6,14.26,21.06,1.98,0.36,11.45,20.04,2.5615089387235135
1998-09-14,23.83,12.59,17.6,0.4,0.36,9.5,16.51,1.7661849572959465
1998-09-15,25.45,11.03,17.91,0.0,0.36,7.91,21.42,2.1874761201583284
1998-09-16,27.3,11.17,19.05,0.01,0.36,8.53,22.42,2.5164604687651404
1998-09-17,30.17,13.58,21.62,0.0,0.36,8.95,21.98,3.1404258916800702
1998-09-18,31.89,13.96,22.7,0.0,0.36,8.29,21.65,3.631157056470407
1998-09-19,28.02,13.98,20.82,0.66,0.36,5.96,20.92,2.8518113989065266
1998-09-20,23.5,11.25,16.84,2.93,0.36,6.55,20.38,1.92421156202023
1998-09-21,15.64,8.42,10.96,2.22,0.37,7.38,6.48,0.7485926888586301
1998-09-22,20.06,7.42,12.35,0.04,0.37,6.04,10.71,1.4092780215123053
1998-09-23,26.2,8.3,16.56,0.74,0.37,6.32,18.66,2.445357253816462
1998-09-24,28.4,10.11,18.93,0.02,0.36,8.67,21.34,2.746147743591762
1998-09-25,32.99,13.5,23.02,0.0,0.36,2.9,20.87,4.274921808440442
1998-09-26,27.76,11.56,19.25,0.0,0.36,1.96,21.07,3.0238050719174803
1998-09-27,26.17,9.65,17.37,0.0,0.36,5.69,18.95,2.4801393718335785
1998-09-28,30.62,11.88,20.57,0.1,0.36,6.02,19.73,3.4599044101510636
1998-09-29,29.39,14.54,20.83,1.55,0.36,9.55,18.3,2.9054258801333477
1998-09-30,21.48,10.08,16.28,0.71,0.36,8.66,14.43,1.439327491968306
1998-10-01,9.21,4.93,6.93,6.93,0.37,2.71,4.39,0.42213846428960866
1998-10-02,17.76,5.53,10.49,1.75,0.38,4.97,9.06,1.1625619054868874
1998-10-03,19.82,5.55,11.35,0.82,0.38,5.66,5.87,1.3990285486118048
1998-10-04,15.43,4.69,9.75,3.44,0.38,2.75,11.86,1.0087072477868815
1998-10-05,11.2,2.5,6.8,0.0,0.38,-4.22,14.37,0.8834775866701987
1998-10-06,17.03,2.59,9.2,0.0,0.38,-3.16,16.11,1.4576073447398052
1998-10-07,20.91,4.23,11.65,0.0,0.38,-1.08,19.27,1.9088629464156694
1998-10-08,25.63,6.05,14.99,0.0,0.38,1.67,18.75,2.599465829178777
1998-10-09,24.95,9.0,15.42,0.01,0.37,-1.33,18.63,2.6042081915743256
1998-10-10,25.75,7.97,15.99,0.0,0.37,1.7,18.53,2.621447381773867
1998-10-11,18.49,6.08,11.72,0.0,0.37,-2.61,18.68,1.62437687639897
1998-10-12,21.25,3.2,10.91,0.0,0.37,-0.81,14.03,1.949735209372565
1998-10-13,24.48,5.74,14.08,0.01,0.37,2.18,14.85,2.356190856227764
1998-10-14,27.96,9.57,17.12,0.01,0.37,1.98,14.88,3.066503624051115
1998-10-15,25.35,7.92,14.91,0.05,0.37,0.92,15.56,2.5814951006460225
1998-10-16,20.8,5.41,11.15,0.09,0.37,1.16,15.21,1.792285465812221
1998-10-17,8.82,0.85,4.7,0.32,0.36,-1.39,11.68,0.5824695551328268
1998-10-18,17.29,1.08,8.04,0.0,0.36,-3.41,17.05,1.498786900347194
1998-10-19,18.68,1.96,9.6,0.9,0.37,-1.3,16.51,1.5985342420606372
1998-10-20,12.89,3.38,7.08,0.01,0.37,-0.99,11.95,0.9188589423393505
1998-10-21,16.44,1.3,8.13,0.0,0.37,-4.02,16.71,1.4164454523098764
1998-10-22,21.83,3.21,11.24,0.01,0.36,2.19,15.54,1.901364852470226
1998-10-23,21.32,7.59,13.25,0.22,0.36,5.11,15.69,1.6572797308694698
1998-10-24,20.21,4.65,11.89,0.0,0.36,1.94,15.26,1.666234105514137
1998-10-25,18.81,5.91,11.16,0.05,0.36,3.11,11.52,1.4077786858991135
1998-10-26,21.89,8.71,13.95,0.31,0.36,7.18,12.42,1.6119473860614706
1998-10-27,18.16,7.69,12.86,7.73,0.36,10.07,9.44,0.8511105487691153
1998-10-28,14.89,6.28,9.89,2.08,0.38,3.85,10.22,0.8885917540117267
1998-10-29,15.73,5.01,9.69,0.14,0.38,-0.35,14.98,1.1917490305835672
1998-10-30,11.28,1.15,4.84,4.47,0.38,2.13,4.01,0.6251137838057185
1998-10-31,4.86,0.46,1.82,4.72,0.39,-0.21,3.28,0.26229497111536926
1998-11-01,4.94,-0.08,1.77,3.56,0.4,-0.63,5.1,0.28530803296493146
1998-11-02,3.52,-2.04,0.69,5.72,0.4,-0.86,3.18,0.21257928089874234
1998-11-03,3.73,-3.14,-0.59,0.35,0.41,-2.81,6.7,0.3013199021889245
1998-11-04,7.23,-3.26,0.89,0.59,0.41,-2.76,8.07,0.5193226301254319
1998-11-05,6.86,-3.2,1.08,0.29,0.41,-1.6,8.82,0.44903633644494856
1998-11-06,11.55,0.2,3.59,0.86,0.4,-0.2,3.35,0.7595177139327579
1998-11-07,5.1,-3.91,0.96,2.29,0.4,-1.07,7.31,0.31357722663042165
1998-11-08,9.63,-3.47,1.1,2.08,0.4,-2.03,6.84,0.6716065635498797
1998-11-09,2.19,-5.85,-1.17,0.66,0.4,-4.49,3.44,0.27752211443691605
1998-11-10,4.8,-5.83,-1.73,0.0,0.4,-11.02,12.98,0.5967983873228003
1998-11-11,7.12,-5.13,0.28,0.0,0.4,-9.01,10.55,0.7011970754996435
1998-11-12,9.35,-1.48,2.44,0.04,0.4,-6.33,13.06,0.7949977263426123
1998-11-13,16.11,-1.4,6.09,0.0,0.4,-3.8,13.04,1.3699548684147047
1998-11-14,15.83,1.82,7.6,0.0,0.4,-1.86,12.53,1.2657360147875751
1998-11-15,23.75,3.46,11.1,0.0,0.39,-0.64,11.97,2.3565047254180573
1998-11-16,16.44,2.15,8.04,0.0,0.39,-1.93,11.97,1.339873049219983
1998-11-17,14.25,2.37,7.47,0.0,0.39,-1.88,6.18,1.0926120846628447
1998-11-18,13.48,1.75,7.41,0.18,0.39,-4.63,12.36,1.1122922659281413
1998-11-19,4.33,-2.59,0.78,2.13,0.39,-2.25,5.15,0.3146153209917054
1998-11-20,9.57,-3.29,1.96,0.0,0.39,-6.65,10.5,0.8217846881405657
1998-11-21,18.29,-0.89,7.54,0.0,0.39,-6.98,8.32,1.7400178272387083
1998-11-22,22.57,4.47,11.52,0.0,0.39,-3.22,10.81,2.2555501373326043
1998-11-23,11.7,0.74,5.62,0.0,0.39,-3.7,10.11,0.9104340279924334
1998-11-24,21.47,1.88,10.21,0.01,0.39,-4.98,10.64,2.1378995566793897
1998-11-25,15.08,-0.82,6.37,0.03,0.39,-5.23,9.76,1.3002729046517891
1998-11-26,19.34,3.95,9.72,0.0,0.38,-3.43,11.02,1.7703073993321823
1998-11-27,20.64,4.18,9.62,0.0,0.38,-1.36,10.6,1.8796143280979254
1998-11-28,20.48,5.55,11.39,0.0,0.38,-2.73,6.3,1.909084661249795
1998-11-29,15.84,4.62,10.1,0.05,0.38,1.01,4.31,1.1426040297325455
1998-11-30,16.75,1.52,7.91,0.0,0.38,0.29,10.82,1.2834300043755111
1998-12-01,19.96,3.59,9.82,0.0,0.38,-2.67,10.04,1.830676650300482
1998-12-02,18.31,3.1,9.13,0.0,0.38,-2.39,9.38,1.5921867543375885
1998-12-03,16.37,3.55,8.21,0.0,0.38,-2.33,10.2,1.3470404643506766
1998-12-04,17.24,4.55,9.62,0.0,0.38,0.54,10.07,1.3321724182924601
1998-12-05,8.2,-3.73,2.11,0.16,0.38,-5.1,9.77,0.6694807867708237
1998-12-06,2.13,-5.59,-2.33,0.44,0.38,-8.84,8.6,0.39913220085620477
1998-12-07,2.08,-5.43,-2.55,0.02,0.38,-11.48,9.9,0.4558233840590238
1998-12-08,7.38,-5.12,-1.4,0.0,0.38,-11.94,10.55,0.7836662487391537
1998-12-09,0.2,-3.95,-2.35,0.79,0.38,-8.69,7.32,0.3029396691435334
1998-12-10,2.1,-5.47,-2.95,0.04,0.38,-8.56,10.11,0.39065500010976273
1998-12-11,6.63,-5.68,-0.72,0.06,0.38,-11.38,10.73,0.7207719238482229
1998-12-12,10.06,-1.89,1.69,0.0,0.38,-7.36,10.31,0.8814873748508538
1998-12-13,11.53,-1.12,2.46,0.0,0.38,-6.84,10.53,0.9938418925363317
1998-12-14,12.59,-0.42,3.39,0.0,0.38,-7.49,10.2,1.1101751149172818
1998-12-15,6.63,-2.7,0.49,0.0,0.38,-6.18,10.72,0.5917887196390477
1998-12-16,5.83,-2.84,0.47,0.0,0.38,-5.21,9.36,0.5096538287706573
1998-12-17,16.1,-1.09,5.8,0.05,0.38,-5.5,10.54,1.4244829779087689
1998-12-18,4.21,-8.81,-0.56,0.86,0.38,-6.17,10.15,0.4401659516682466
1998-12-19,-9.65,-14.06,-12.24,1.01,0.38,-16.58,3.24,0.12682655216039193
1998-12-20,-13.53,-19.53,-15.58,1.06,0.38,-18.71,2.72,0.07569256435650168
1998-12-21,-12.37,-19.45,-16.57,0.72,0.38,-20.59,6.31,0.11789575295127282
1998-12-22,-8.66,-17.8,-14.44,0.04,0.38,-19.17,6.77,0.18366356294754005
1998-12-23,-8.84,-17.45,-13.99,0.0,0.38,-19.59,7.31,0.18397648556434926
1998-12-24,-0.52,-17.73,-9.74,0.0,0.38,-16.44,7.12,0.41917667214783566
1998-12-25,6.28,-10.02,-2.07,0.0,0.38,-10.21,8.96,0.6724051752263798
1998-12-26,10.36,-4.09,1.67,0.05,0.38,-6.74,8.16,0.8892277689271717
1998-12-27,6.91,-1.9,0.87,0.14,0.38,-7.61,9.77,0.6510140834928931
1998-12-28,10.78,-1.49,3.87,0.01,0.38,-5.69,8.43,0.8940279622582858
1998-12-29,7.8,-3.0,0.44,0.01,0.38,-2.8,6.94,0.5612580302648786
1998-12-30,13.85,-4.73,3.82,0.0,0.38,-2.42,9.61,1.071872544897329
1998-12-31,4.97,-4.33,-0.94,0.06,0.38,-4.45,9.07,0.43138803722288055
1999-01-01,4.49,-5.31,-1.85,1.55,0.38,-5.69,6.22,0.4421272541002748
1999-01-02,-2.81,-12.75,-6.82,0.05,0.38,-12.73,9.09,0.26713867109018946
1999-01-03,-6.12,-14.08,-10.6,0.32,0.38,-16.57,9.54,0.21961883589149514
1999-01-04,3.68,-10.14,-3.62,0.12,0.38,-10.45,7.26,0.5194520448754201
1999-01-05,7.9,-1.67,1.96,0.0,0.38,-6.06,8.21,0.6770272642211602
1999-01-06,10.14,-6.32,1.28,0.01,0.38,-5.87,9.14,0.8453799050269468
1999-01-07,7.42,-5.36,-0.28,0.0,0.38,-5.2,8.58,0.6162992106469589
1999-01-08,-1.01,-7.56,-3.76,0.01,0.38,-7.79,6.84,0.22745507107959556
1999-01-09,7.54,-7.04,-0.27,0.0,0.38,-8.42,10.95,0.7160402817782521
1999-01-10,9.06,-1.01,2.33,0.0,0.38,-6.07,10.95,0.7645628101476933
1999-01-11,14.19,0.57,6.88,0.0,0.38,-4.99,9.72,1.1969259416175368
1999-01-12,9.4,-4.45,3.23,0.03,0.38,-4.26,8.24,0.7340107830696879
1999-01-13,7.61,-4.13,0.22,0.03,0.38,-3.19,4.96,0.5618798675602487
1999-01-14,11.6,-3.9,1.68,0.0,0.38,-8.54,10.0,1.0454417358825372
1999-01-15,14.79,0.93,6.14,0.05,0.38,-7.27,5.76,1.32854600367842
1999-01-16,10.35,-1.99,3.65,0.01,0.38,-1.61,9.58,0.7142304842235687
1999-01-17,5.28,-5.1,0.27,0.01,0.38,-10.84,9.95,0.6222798008451522
1999-01-18,15.21,-4.33,4.14,0.02,0.38,-5.88,9.63,1.3346906202719195
1999-01-19,12.07,-0.32,4.9,0.07,0.38,-1.89,10.58,0.8773311539752281
1999-01-20,13.0,0.14,5.16,0.01,0.38,-4.15,10.6,1.0486155799641061
1999-01-21,8.75,-2.44,1.98,0.49,0.38,-3.06,9.98,0.6413767409330615
1999-01-22,3.81,-4.25,-1.43,0.63,0.38,-6.92,10.86,0.4388600073967789
1999-01-23,10.82,-4.34,1.87,0.02,0.38,-7.82,11.24,0.958002188761319
1999-01-24,1.65,-5.79,-2.34,0.39,0.38,-6.23,11.69,0.3047358274268918
1999-01-25,1.91,-5.0,-2.07,0.08,0.38,-5.67,5.29,0.3008861167356619
1999-01-26,12.52,-2.13,2.32,0.01,0.38,-6.34,11.91,1.0711863000668562
1999-01-27,5.94,-4.9,-0.12,0.04,0.38,-7.55,11.11,0.5849526708155894
1999-01-28,5.44,-5.36,-1.63,0.05,0.38,-6.49,12.61,0.5236279994713164
1999-01-29,6.82,-3.22,0.62,0.6,0.38,-5.86,9.74,0.5950906308135069
1999-01-30,4.17,-1.6,0.36,1.24,0.38,-3.21,4.18,0.3410398942558855
1999-01-31,7.09,-2.2,1.41,0.12,0.38,-0.68,9.84,0.42684116816202533
1999-02-01,8.88,-3.38,0.87,0.09,0.38,-5.56,5.58,0.735188087423529
1999-02-02,11.13,-3.68,2.7,0.0,0.38,-10.26,12.54,1.044228557504087
1999-02-03,8.82,-3.65,2.84,0.0,0.38,-10.59,13.64,0.8615598623140719
1999-02-04,14.09,-3.53,4.48,0.11,0.38,-6.39,12.05,1.2292235791654016
1999-02-05,14.36,0.06,6.81,0.12,0.38,-3.23,10.29,1.1550530536754988
1999-02-06,11.09,-2.26,3.03,0.01,0.38,-4.14,11.56,0.8710940038145725
1999-02-07,16.33,-0.17,7.91,0.0,0.38,-4.38,8.19,1.4155421667194585
1999-02-08,17.27,0.24,8.37,0.0,0.38,-4.23,11.56,1.524680682517353
1999-02-09,15.64,-2.66,6.01,0.0,0.38,-6.16,12.92,1.3914051712200677
1999-02-10,20.14,-5.29,8.18,1.81,0.38,-4.63,13.39,1.9254630069343643
1999-02-11,-1.12,-6.34,-4.59,0.65,0.37,-15.56,7.88,0.38097327745292386
1999-02-12,8.58,-6.21,0.74,0.0,0.37,-13.66,12.14,0.903183491106031
1999-02-13,17.11,-1.98,5.56,0.06,0.38,-8.79,14.17,1.636945834490802
1999-02-14,21.55,0.8,9.22,0.0,0.38,-7.71,15.23,2.2302741513155753
1999-02-15,7.65,-4.04,1.46,0.0,0.37,-5.94,8.67,0.6554189602374758
1999-02-16,10.8,-4.83,2.02,0.0,0.37,-7.73,14.44,0.9538939489972097
1999-02-17,10.18,-0.57,4.02,0.0,0.37,-6.03,8.25,0.8535017832144651
1999-02-18,6.44,-2.63,1.06,0.0,0.37,-10.98,14.72,0.6997264619811281
1999-02-19,12.92,-3.2,2.98,0.01,0.37,-9.29,8.76,1.1877404441630133
1999-02-20,5.16,-3.57,-0.14,0.01,0.37,-7.49,13.43,0.5342057628246744
1999-02-21,3.44,-4.71,-0.4,0.08,0.37,-7.43,12.27,0.4322390743399645
1999-02-22,3.27,-2.02,0.86,0.02,0.37,-9.47,9.19,0.47446092449601335
1999-02-23,13.05,-3.3,4.11,0.0,0.37,-9.24,15.36,1.1992729829205928
1999-02-24,16.84,-0.66,8.1,0.0,0.37,-6.16,15.86,1.5326787642550768
1999-02-25,18.04,3.28,9.6,0.0,0.37,-5.95,15.6,1.6774417258431624
1999-02-26,14.31,0.97,6.66,0.0,0.37,-6.99,15.91,1.2694207105750932
1999-02-27,8.73,-2.75,2.35,0.0,0.37,-12.32,16.6,0.8900507147162398
1999-02-28,18.06,-0.66,8.04,0.0,0.37,-6.71,15.95,1.702261133925068
1999-03-01,19.35,2.17,10.43,0.0,0.37,-5.01,13.85,1.824978314881632
1999-03-02,4.42,-5.42,0.84,0.0,0.36,-7.52,16.24,0.49053121333622024
1999-03-03,15.9,-5.46,4.06,0.0,0.36,-8.5,18.38,1.4851454880789947
1999-03-04,11.74,-0.48,4.78,0.48,0.36,-6.15,17.87,0.9929124466328965
1999-03-05,7.88,-4.86,0.59,0.06,0.36,-8.93,11.87,0.7531370746283677
1999-03-06,4.18,-5.78,-2.38,0.01,0.36,-8.69,10.25,0.5068140002171337
1999-03-07,11.89,-5.85,1.73,0.19,0.36,-3.37,15.53,0.9161564177719932
1999-03-08,6.71,-2.89,1.1,0.66,0.37,-4.88,12.59,0.5570519783667074
1999-03-09,11.82,-4.25,2.77,0.23,0.37,-6.08,19.93,0.9981411791847279
1999-03-10,12.88,-3.05,4.31,0.0,0.37,-6.91,20.23,1.122184246584939
1999-03-11,4.82,-5.58,-0.66,0.31,0.36,-5.38,6.53,0.45223478004998496
1999-03-12,0.53,-5.88,-3.5,4.67,0.37,-6.87,4.87,0.2697699750506465
1999-03-13,7.27,-6.37,-0.79,0.34,0.37,-5.73,9.48,0.6221923791977043
1999-03-14,18.0,-3.59,6.62,0.46,0.37,-5.48,20.74,1.6579200302956556
1999-03-15,23.17,2.58,12.07,0.32,0.37,-5.6,20.74,2.436086836843649
1999-03-16,23.56,6.67,13.98,0.03,0.37,-6.26,20.63,2.523472070440859
1999-03-17,10.42,-1.09,4.71,0.14,0.37,-8.61,21.94,0.9441523375905811
1999-03-18,6.07,-0.94,2.11,0.39,0.37,-8.42,12.65,0.6160717329534152
1999-03-19,9.52,-3.26,2.33,0.38,0.37,-3.9,15.61,0.7313273995997633
1999-03-20,18.81,-0.36,8.7,0.0,0.37,-3.93,22.38,1.7148211991964837
1999-03-21,20.46,1.39,9.57,0.0,0.37,-0.1,21.56,1.7993302813818963
1999-03-22,16.44,-0.13,6.56,0.03,0.37,-0.98,19.43,1.301436204621426
1999-03-23,16.77,-0.65,7.77,0.01,0.37,-1.05,21.41,1.3439937224552523
1999-03-24,15.1,0.58,7.72,0.05,0.36,0.2,21.97,1.0966085394375278
1999-03-25,15.23,0.86,7.01,0.08,0.36,-1.24,22.72,1.1729340695078863
1999-03-26,21.19,-0.36,10.6,0.04,0.36,-0.74,19.84,1.9375008712444
1999-03-27,21.38,3.43,11.96,0.84,0.36,0.85,21.96,1.8960166970327137
1999-03-28,14.15,-1.61,6.13,0.23,0.36,-8.94,22.42,1.3035810914353052
1999-03-29,18.61,-1.67,8.41,0.0,0.36,-6.16,22.75,1.7590045370434666
1999-03-30,24.16,3.97,14.14,0.01,0.36,-4.6,18.73,2.578549566407533
1999-03-31,23.75,6.86,15.23,0.0,0.36,-8.74,24.82,2.6238660115429573
1999-04-01,14.98,-0.05,7.98,1.46,0.36,-2.39,18.88,1.190773606865664
1999-04-02,4.41,-3.38,-0.35,2.45,0.36,-5.6,12.62,0.4346624730576644
1999-04-03,7.3,-4.37,0.95,0.36,0.36,-7.68,14.87,0.6798846968156822
1999-04-04,10.37,-4.45,3.57,4.57,0.36,-4.84,15.12,0.8324206047220746
1999-04-05,10.91,-0.71,3.81,6.94,0.38,-2.1,15.03,0.7813625983930529
1999-04-06,19.52,-3.08,8.66,0.0,0.38,-5.58,25.05,1.8667160975658437
1999-04-07,21.37,1.97,11.98,0.03,0.38,-3.29,25.05,2.0649646815555815
1999-04-08,18.71,2.96,10.25,2.26,0.38,-2.76,22.44,1.6594820767107363
1999-04-09,19.81,0.27,8.75,0.38,0.38,-4.75,25.13,1.8816799545940974
1999-04-10,11.55,-0.72,5.59,0.17,0.38,-8.41,23.69,1.0376519269307205
1999-04-11,15.62,-2.85,6.22,0.0,0.37,-6.5,25.46,1.3990683516262294
1999-04-12,22.79,-0.03,11.45,0.12,0.37,-1.81,25.48,2.2390765994812467
1999-04-13,14.24,7.34,10.69,4.38,0.37,8.68,11.1,0.5001965322916913
1999-04-14,8.81,-1.61,4.25,3.84,0.38,-2.5,8.57,0.6251999934458272
1999-04-15,4.21,-3.49,-0.17,0.13,0.38,-10.58,16.76,0.5525282335717852
1999-04-16,4.8,-5.42,-0.36,0.11,0.38,-11.75,19.21,0.6117948292857094
1999-04-17,11.18,-6.38,2.66,0.0,0.38,-12.89,26.23,1.1019934197250163
1999-04-18,22.38,0.76,12.02,0.01,0.38,-3.44,26.88,2.232016243452524
1999-04-19,24.67,5.09,15.59,0.06,0.38,-2.27,25.46,2.5890788662082245
1999-04-20,24.67,7.27,15.89,1.5,0.37,2.34,24.19,2.3830442330868333
1999-04-21,19.17,6.99,12.64,2.0,0.37,2.24,22.01,1.5029530687280448
1999-04-22,10.26,1.06,5.19,24.68,0.4,2.23,7.73,0.5321804832829677
1999-04-23,6.95,-0.69,2.57,5.29,0.42,-0.71,8.08,0.4184734137054005
1999-04-24,9.84,-0.11,4.2,7.23,0.42,1.04,8.22,0.5562514156145928
1999-04-25,12.73,1.63,6.16,9.46,0.44,1.86,18.12,0.7729192341641643
1999-04-26,15.92,2.23,9.29,1.0,0.44,0.79,23.65,1.1621932484450266
1999-04-27,21.76,4.15,13.21,1.02,0.43,3.09,28.35,1.8428807952779132
1999-04-28,18.97,4.81,11.59,6.3,0.43,6.41,20.42,1.2312971392361418
1999-04-29,11.37,5.6,8.33,14.59,0.45,6.09,8.08,0.40439881347645
1999-04-30,13.58,4.35,9.08,24.91,0.47,7.09,4.72,0.5474847485379388
1999-05-01,10.91,2.53,7.06,17.8,0.51,5.12,4.93,0.42523655791085313
1999-05-02,18.37,5.4,10.8,0.47,0.51,3.24,21.19,1.341727370126426
1999-05-03,21.27,6.09,13.5,0.01,0.49,2.07,22.86,1.8193672801178242
1999-05-04,12.01,4.52,8.31,0.61,0.48,1.03,17.97,0.7453566665465318
1999-05-05,11.82,1.24,6.29,0.37,0.47,-5.08,24.17,0.9673786929533679
1999-05-06,14.01,-0.35,6.44,0.0,0.46,-6.77,28.46,1.2318203898711115
1999-05-07,21.13,-0.1,10.9,0.0,0.45,-1.05,28.83,1.9412622287324095
1999-05-08,25.43,6.24,16.37,0.01,0.44,1.86,28.29,2.551223381506942
1999-05-09,27.25,8.66,18.08,0.0,0.43,2.53,24.72,2.885108657232161
1999-05-10,15.84,1.37,8.62,4.6,0.42,1.32,19.93,1.1277566620448938
1999-05-11,13.62,-1.0,6.74,0.55,0.42,-4.24,20.6,1.1134906358165457
1999-05-12,18.98,1.18,10.6,0.01,0.42,-0.38,28.37,1.6005398199921481
1999-05-13,26.9,5.79,15.63,0.29,0.41,5.23,25.38,2.6580612000813333
1999-05-14,25.22,7.76,15.88,0.87,0.41,6.95,20.25,2.2111034585813942
1999-05-15,23.23,4.73,14.36,0.24,0.4,3.59,28.58,2.058669881689373
1999-05-16,18.45,2.69,11.31,9.38,0.4,4.18,17.55,1.2994947374128012
1999-05-17,16.7,2.63,9.48,1.36,0.42,-0.21,26.51,1.2996674496562979
1999-05-18,24.7,4.48,14.86,0.04,0.41,1.68,30.28,2.4219658929638044
1999-05-19,28.95,9.68,19.49,0.4,0.41,6.5,25.33,3.0261407381536403
1999-05-20,19.9,8.97,14.58,0.95,0.4,8.53,20.37,1.2117323865924687
1999-05-21,24.45,7.2,16.56,0.3,0.4,7.41,29.53,2.0350528127543486
1999-05-22,30.57,9.67,19.37,3.06,0.4,7.36,21.95,3.356879620321273
1999-05-23,24.7,9.7,16.9,0.84,0.4,7.13,25.76,2.1007730508954285
1999-05-24,24.47,11.4,17.95,6.98,0.4,10.2,22.49,1.8246209278220296
1999-05-25,15.03,9.18,12.9,7.31,0.42,9.22,12.42,0.5434075775633997
1999-05-26,20.03,8.58,14.05,0.45,0.42,8.1,25.09,1.2625300585108672
1999-05-27,21.56,8.85,15.5,1.93,0.41,8.23,27.13,1.484159657753787
1999-05-28,23.07,9.5,16.85,1.25,0.41,7.93,27.59,1.7536893903016073
1999-05-29,26.47,9.89,18.56,7.15,0.41,10.58,27.95,2.1794585039757415
1999-05-30,27.44,10.49,19.53,0.87,0.41,8.41,28.08,2.5553199312359567
1999-05-31,23.72,10.43,16.04,9.25,0.42,10.76,13.11,1.6422169781158085
1999-06-01,24.35,8.67,16.48,0.29,0.42,3.8,32.4,2.24529649862936
1999-06-02,28.52,9.93,19.37,2.52,0.41,8.12,28.5,2.814328289831343
1999-06-03,28.04,10.51,20.45,0.12,0.41,4.53,30.74,2.9446402323601006
1999-06-04,31.39,11.36,22.59,0.0,0.4,0.04,30.81,3.9807288633985896
1999-06-05,26.93,9.96,18.06,0.03,0.39,-0.23,30.85,2.9500732026329977
1999-06-06,26.33,7.87,17.72,0.07,0.39,1.62,29.38,2.7408928551501326
1999-06-07,31.08,9.2,21.55,0.19,0.38,2.39,30.8,3.787513421828188
1999-06-08,33.63,14.71,24.36,0.02,0.38,3.18,30.47,4.443150180561139
1999-06-09,25.26,12.72,18.67,7.89,0.38,9.28,30.04,2.0472113128286025
1999-06-10,23.34,10.85,16.65,18.51,0.41,11.1,23.59,1.5462683583734775
1999-06-11,21.83,12.03,16.68,8.45,0.43,11.82,22.86,1.2306558317294456
1999-06-12,19.83,9.43,15.01,4.77,0.43,10.73,20.2,1.0244479723373794
1999-06-13,22.06,7.61,14.96,1.18,0.43,8.44,24.6,1.5482717123139995
1999-06-14,22.12,8.82,16.27,3.0,0.43,9.86,21.81,1.446841336803421
1999-06-15,19.97,8.75,14.75,1.45,0.42,8.68,15.83,1.2104657148125935
1999-06-16,18.81,7.49,13.13,0.17,0.42,6.13,23.64,1.2279222298746482
1999-06-17,22.91,8.29,15.67,0.72,0.41,8.59,27.56,1.6775340175099247
1999-06-18,26.75,9.86,19.05,0.3,0.41,9.4,28.43,2.333925903698978
1999-06-19,31.13,12.69,22.4,1.57,0.4,9.78,29.53,3.315972618682032
1999-06-20,31.64,13.99,22.99,0.42,0.4,9.85,26.42,3.443224183980598
1999-06-21,29.58,14.66,22.63,0.75,0.39,10.98,28.73,2.8309428887118475
1999-06-22,31.73,16.28,23.93,0.37,0.39,9.85,24.73,3.4670346079791705
1999-06-23,31.87,14.02,23.31,2.48,0.38,11.03,30.39,3.4046230835353657
1999-06-24,31.07,17.8,23.75,2.68,0.39,13.43,28.9,2.970103233481443
1999-06-25,33.62,16.44,24.63,2.76,0.39,13.51,27.62,3.6592673910297218
1999-06-26,31.85,15.88,23.99,1.21,0.38,12.05,30.08,3.307425546873441
1999-06-27,30.79,15.06,22.38,2.69,0.38,10.21,22.64,3.193809245329055
1999-06-28,25.78,12.44,18.65,0.21,0.38,8.23,31.17,2.228281407416227
1999-06-29,31.29,11.94,21.93,0.21,0.38,7.39,25.84,3.538292578560876
1999-06-30,31.02,15.46,22.48,5.56,0.38,12.17,22.66,3.079346310565213
1999-07-01,30.37,16.22,22.85,0.72,0.38,14.27,29.17,2.7071172342353833
1999-07-02,39.26,17.8,28.76,0.07,0.38,8.31,24.44,5.994012376805882
1999-07-03,36.72,19.59,28.98,0.23,0.37,9.03,27.9,5.0293586657991405
1999-07-04,37.06,21.12,29.13,0.05,0.37,10.98,29.08,4.984380534850369
1999-07-05,28.66,17.52,23.92,0.25,0.36,11.03,26.5,2.6123078744149355
1999-07-06,29.36,15.07,22.74,0.96,0.37,13.93,21.11,2.498412884386842
1999-07-07,34.38,17.31,26.43,0.11,0.36,13.2,29.71,3.9153645286287504
1999-07-08,35.22,18.27,26.57,1.81,0.36,12.6,28.57,4.232383800286366
1999-07-09,27.75,15.2,22.01,0.81,0.36,6.96,21.16,2.7261453651154266
1999-07-10,28.85,10.93,19.98,0.01,0.36,6.47,29.54,3.005108697903642
1999-07-11,29.36,10.93,20.56,2.23,0.36,9.4,25.48,2.9103154812637198
1999-07-12,30.99,14.01,23.02,1.14,0.37,10.07,29.34,3.2563006605427187
1999-07-13,35.85,16.01,26.75,0.0,0.36,7.11,29.53,4.88282609322208
1999-07-14,37.3,18.86,28.02,0.96,0.36,10.48,26.38,5.110052672840004
1999-07-15,32.9,21.14,26.48,0.73,0.36,12.49,22.77,3.553472039799067
1999-07-16,27.21,17.34,22.27,2.94,0.36,13.81,12.63,2.030501452027184
1999-07-17,30.21,16.73,23.37,2.32,0.37,14.29,20.07,2.665502768155286
1999-07-18,33.35,17.94,25.54,3.87,0.37,14.95,20.74,3.429881083279832
1999-07-19,32.12,17.84,25.36,2.39,0.37,14.16,28.76,3.171833940847064
1999-07-20,29.08,17.4,23.9,2.86,0.37,14.05,27.94,2.4204344756301497
1999-07-21,32.83,19.07,26.28,0.8,0.37,13.23,28.59,3.461926064272131
1999-07-22,33.61,17.96,26.19,4.8,0.38,13.76,29.47,3.6309593865205385
1999-07-23,34.5,20.16,27.23,0.03,0.37,13.25,28.2,3.946704803793593
1999-07-24,32.75,21.46,26.06,1.78,0.37,14.69,23.2,3.288431125256942
1999-07-25,34.43,19.42,26.96,3.25,0.37,13.73,26.91,3.8771344580048224
1999-07-26,32.28,19.16,25.63,4.51,0.38,14.89,26.97,3.137220214297016
1999-07-27,32.47,17.99,25.82,0.27,0.38,14.12,26.19,3.271428233506714
1999-07-28,35.74,19.38,27.68,0.6,0.37,13.37,27.29,4.322360072645343
1999-07-29,34.86,18.76,27.26,0.73,0.37,12.36,27.26,4.143111818546238
1999-07-30,33.07,19.21,25.76,2.16,0.37,13.72,27.73,3.4801437755464946
1999-07-31,28.74,15.32,22.08,7.7,0.38,11.49,24.43,2.5897956834524276
1999-08-01,18.2,13.88,16.15,19.42,0.41,14.16,7.1,0.4748087437286479
1999-08-02,24.85,12.53,18.3,0.8,0.42,12.67,13.63,1.6738403185312245
1999-08-03,27.67,14.64,21.01,1.36,0.41,14.28,20.73,2.0800207697387862
1999-08-04,22.7,16.25,19.27,11.19,0.42,15.69,15.1,0.9762675103637048
1999-08-05,25.53,15.87,19.63,31.42,0.47,16.51,12.27,1.3907999843207175
1999-08-06,26.52,15.64,21.17,3.21,0.47,16.17,24.18,1.6280373948673417
1999-08-07,28.68,16.73,22.17,0.21,0.46,13.4,27.94,2.394781690510438
1999-08-08,28.33,16.25,22.27,1.03,0.45,15.51,25.64,2.09101769609068
1999-08-09,30.55,17.19,23.62,2.76,0.44,14.36,27.65,2.7424338784106714
1999-08-10,28.59,18.32,23.22,3.43,0.43,15.94,23.84,2.1004112123950183
1999-08-11,30.32,16.8,23.83,0.6,0.42,13.34,26.36,2.7901593055862337
1999-08-12,29.73,14.63,21.96,0.4,0.41,8.45,26.19,3.071700813551617
1999-08-13,28.87,10.73,19.49,0.05,0.41,9.17,26.79,2.8143705356042528
1999-08-14,32.84,14.38,23.56,0.02,0.4,9.91,24.68,3.7646029362635103
1999-08-15,31.68,18.99,24.84,0.1,0.39,11.64,24.27,3.2998531152486086
1999-08-16,31.8,16.6,23.95,0.09,0.39,9.38,26.34,3.52343349554335
1999-08-17,33.56,17.78,24.95,3.89,0.39,13.85,24.23,3.6072118195803573
1999-08-18,30.23,15.65,22.44,0.14,0.39,10.13,25.75,3.060661984539329
1999-08-19,30.56,16.14,23.11,1.31,0.38,11.79,25.48,2.9980121248535445
1999-08-20,32.14,17.39,24.4,0.61,0.38,12.82,24.11,3.3122947886335545
1999-08-21,30.03,17.92,23.23,5.83,0.38,12.96,23.26,2.756515289875806
1999-08-22,29.2,16.45,22.28,4.48,0.4,12.67,25.15,2.5864641670981454
1999-08-23,30.76,15.69,22.68,0.0,0.39,9.14,25.68,3.2726073765040047
1999-08-24,34.28,15.64,24.57,0.0,0.39,9.74,25.37,4.196019514859905
1999-08-25,34.87,17.67,25.99,0.04,0.38,10.85,24.59,4.282724255898039
1999-08-26,32.21,19.42,25.14,0.01,0.38,11.31,23.43,3.471480980825628
1999-08-27,34.19,17.51,25.51,0.18,0.38,9.43,24.98,4.193951846560214
1999-08-28,29.85,18.68,23.4,8.41,0.38,15.53,20.96,2.442281835018463
1999-08-29,30.96,17.73,23.75,1.57,0.39,14.69,21.32,2.8107644001572627
1999-08-30,33.66,17.68,25.38,0.13,0.38,10.45,24.36,3.953899390560459
1999-08-31,34.78,19.85,26.39,1.14,0.38,11.46,21.95,4.20127494498742
1999-09-01,33.34,16.13,24.26,0.51,0.38,11.49,24.36,3.770788613356646
1999-09-02,30.33,15.77,23.29,0.48,0.38,11.98,20.93,2.9233267726319854
1999-09-03,28.53,16.12,21.94,1.49,0.37,11.64,21.22,2.5285419129689446
1999-09-04,25.77,13.53,18.47,0.26,0.38,9.68,23.88,2.1141290768891956
1999-09-05,24.65,12.37,17.87,1.05,0.37,9.75,21.72,1.8947916019215012
1999-09-06,32.02,13.32,21.95,0.15,0.37,5.6,23.87,3.850624320719702
1999-09-07,30.45,13.77,21.35,0.19,0.37,3.19,23.86,3.5857740362567863
1999-09-08,24.75,8.97,16.59,0.02,0.37,1.95,20.38,2.4177900120751885
1999-09-09,29.0,10.8,19.42,0.02,0.37,2.87,23.51,3.254874218813675
1999-09-10,30.44,13.0,21.32,0.89,0.37,6.5,22.55,3.383354143794842
1999-09-11,26.76,12.21,18.31,0.6,0.37,6.89,16.21,2.5211302301611633
1999-09-12,17.47,7.52,11.67,0.36,0.37,2.1,16.16,1.2854953344529447
1999-09-13,22.45,4.4,13.22,0.02,0.37,3.12,21.11,1.953079866149964
1999-09-14,21.08,7.3,13.79,0.04,0.37,1.86,20.78,1.8006500263526686
1999-09-15,18.71,8.14,13.09,0.79,0.37,8.11,9.48,1.077118565115629
1999-09-16,21.19,10.01,14.19,0.23,0.37,9.28,10.85,1.3462205536863041
1999-09-17,25.92,9.97,15.79,0.04,0.37,6.96,17.41,2.346465970621566
1999-09-18,28.02,10.01,18.39,0.0,0.37,2.17,22.79,3.0700617377192705
1999-09-19,13.46,6.41,9.92,2.29,0.37,4.34,6.16,0.7105093153857975
1999-09-20,15.5,3.83,8.66,2.54,0.37,3.24,8.68,0.9902520043651118
1999-09-21,22.85,4.33,13.21,0.0,0.37,0.73,22.25,2.1400267033345717
1999-09-22,27.45,7.47,17.23,0.28,0.37,-1.59,22.14,3.1169228200610704
1999-09-23,27.72,11.64,18.3,0.03,0.37,0.65,20.93,3.0784353382722034
1999-09-24,27.26,11.55,18.49,0.09,0.37,2.42,10.45,2.892951673214527
1999-09-25,29.92,11.52,20.88,0.0,0.37,3.38,21.24,3.445186531430347
1999-09-26,17.63,6.27,11.35,0.48,0.37,1.23,21.14,1.3487682119573123
1999-09-27,14.45,3.19,8.13,2.16,0.37,0.35,9.65,1.019355629737899
1999-09-28,4.81,-1.0,3.0,16.04,0.39,0.76,3.11,0.21538756667533865
1999-09-29,19.37,-1.92,7.75,0.0,0.4,-2.18,20.12,1.7282068045319954
1999-09-30,18.87,4.15,11.13,0.0,0.4,0.45,21.17,1.5485393908367606
1999-10-01,25.67,1.39,11.87,0.01,0.39,-0.49,20.6,2.7070624770662235
1999-10-02,13.16,-1.49,4.65,0.02,0.39,-1.75,18.61,0.9762690786629648
1999-10-03,12.05,-0.93,4.43,0.0,0.39,-1.17,11.67,0.8464877894892728
1999-10-04,23.12,1.28,10.79,0.0,0.39,0.09,19.35,2.215081213318666
1999-10-05,25.52,5.16,14.56,0.0,0.39,-1.05,19.36,2.70155972089922
1999-10-06,29.42,8.09,18.8,0.03,0.38,3.8,17.07,3.302050352689918
1999-10-07,20.73,8.9,14.44,2.16,0.38,8.25,5.65,1.3548848929683215
1999-10-08,20.64,5.3,12.31,0.0,0.38,2.34,18.54,1.7095422854224198
1999-10-09,27.14,7.84,16.13,0.31,0.38,1.6,18.55,2.909033679188652
1999-10-10,20.93,5.57,12.79,0.0,0.38,4.83,18.34,1.6143186115231667
1999-10-11,28.89,5.91,16.06,0.0,0.38,1.62,17.54,3.293604071782765
1999-10-12,29.21,10.84,18.7,0.0,0.38,-1.94,17.3,3.524790013496607
1999-10-13,22.0,5.5,12.97,0.0,0.37,3.46,17.1,1.8610668148494756
1999-10-14,28.66,8.09,17.13,0.0,0.37,-1.59,17.17,3.3840095642393426
1999-10-15,13.01,3.58,9.07,0.15,0.37,-1.29,12.15,0.9429701168254673
1999-10-16,5.01,-1.28,1.96,2.81,0.37,-3.12,5.74,0.38766245266609967
1999-10-17,11.41,-5.04,3.03,0.0,0.38,-8.33,16.78,1.0230569283973714
1999-10-18,8.96,0.35,4.28,1.9,0.38,-3.21,8.96,0.6629581992471554
1999-10-19,12.67,-1.62,5.25,0.05,0.38,-3.92,17.09,1.0087402136279997
1999-10-20,19.14,1.13,9.3,0.04,0.38,-5.28,17.3,1.8043547203885926
1999-10-21,21.45,5.06,12.0,0.01,0.38,-4.63,15.68,2.1234250138051243
1999-10-22,20.84,2.91,10.4,0.0,0.38,-3.13,15.77,1.9777729432038313
1999-10-23,19.11,1.86,9.25,0.0,0.37,-0.65,14.87,1.6300152732537705
1999-10-24,24.49,3.85,12.51,0.0,0.37,-3.83,15.26,2.6127033093016983
1999-10-25,21.65,3.73,11.83,0.0,0.37,-4.1,15.13,2.137199537543197
1999-10-26,25.66,6.67,14.08,0.0,0.37,-4.29,15.0,2.850031442762993
1999-10-27,22.51,2.79,11.48,0.0,0.37,-3.78,11.53,2.2654026214146104
1999-10-28,16.78,-0.64,7.37,0.0,0.37,-2.36,13.85,1.3973575016382793
1999-10-29,12.72,3.25,8.35,0.09,0.37,-1.75,5.38,0.9333075638558593
1999-10-30,14.12,-0.21,6.49,0.0,0.37,-6.22,13.73,1.2273768837637835
1999-10-31,21.38,3.0,10.69,0.0,0.37,-5.85,13.89,2.150896813681493
1999-11-01,8.44,-3.07,4.33,0.0,0.37,-8.67,14.01,0.7880386492819074
1999-11-02,14.11,-6.3,3.31,0.0,0.37,-9.79,13.62,1.3195464435972184
1999-11-03,17.62,1.29,8.61,0.0,0.37,-7.47,14.34,1.6667506656247357
1999-11-04,23.65,3.33,12.0,0.0,0.36,-6.67,11.44,2.5511353169081183
1999-11-05,13.86,1.11,6.65,0.0,0.36,-4.11,13.8,1.1336273888539592
1999-11-06,22.16,2.99,10.33,0.0,0.36,-5.19,13.94,2.2546876210693387
1999-11-07,23.95,5.12,12.12,0.0,0.36,-5.53,13.72,2.5704506650848122
1999-11-08,22.8,7.25,13.24,0.0,0.36,-3.99,13.29,2.321028902637896
1999-11-09,18.96,4.62,10.56,0.0,0.36,-2.25,10.65,1.674185868153306
1999-11-10,20.0,2.1,9.53,0.0,0.36,-1.15,12.5,1.7767494934484929
1999-11-11,20.83,5.03,11.69,0.04,0.36,-4.44,8.29,2.0217240146764635
1999-11-12,22.92,3.92,11.75,0.0,0.36,-4.84,12.65,2.369550322315188
1999-11-13,23.1,5.72,12.15,0.04,0.36,-5.71,12.8,2.4274731148131936
1999-11-14,20.75,5.61,11.73,0.0,0.36,0.26,12.41,1.826615233410994
1999-11-15,22.3,4.53,12.19,0.0,0.36,-4.34,12.53,2.24990236934739
1999-11-16,22.35,2.84,10.62,0.0,0.36,-4.66,12.57,2.2686856472727004
1999-11-17,23.42,5.77,12.66,0.04,0.36,-4.69,12.31,2.450406894482846
1999-11-18,13.92,3.03,9.55,0.0,0.36,-5.72,11.18,1.1916272241695247
1999-11-19,14.12,-0.33,5.55,0.0,0.36,-6.57,10.85,1.2375622521137704
1999-11-20,17.93,1.26,7.39,0.22,0.36,-6.43,7.54,1.6773433257597832
1999-11-21,10.37,0.18,4.42,2.16,0.36,-2.56,11.44,0.7527972273677147
1999-11-22,1.65,-2.9,-0.69,3.71,0.36,-2.65,1.43,0.18559214801356694
1999-11-23,1.87,-6.68,-3.08,0.35,0.36,-7.89,5.31,0.3618583215368828
1999-11-24,4.47,-6.55,-2.5,0.01,0.37,-9.46,7.08,0.5423754997998915
1999-11-25,9.0,-4.96,1.61,0.26,0.37,-7.75,7.07,0.807121032743835
1999-11-26,18.84,2.79,8.48,0.0,0.37,-1.65,9.6,1.6343234985522455
1999-11-27,9.97,-0.17,4.65,0.03,0.37,0.18,7.68,0.6066483177953719
1999-11-28,12.57,-1.76,3.76,0.0,0.37,-0.86,10.63,0.8825460510635972
1999-11-29,10.7,0.09,3.78,0.0,0.37,0.2,3.37,0.6670170198994324
1999-11-30,20.29,1.66,9.52,0.0,0.37,-3.71,9.76,1.9163130269124322
1999-12-01,12.83,2.23,8.33,0.0,0.37,-5.17,5.27,1.0654263387270944
1999-12-02,8.21,-2.48,1.7,0.0,0.37,-3.01,10.68,0.5989480400527579
1999-12-03,4.96,-2.77,0.38,2.66,0.37,-3.02,5.41,0.3809823848146947
1999-12-04,1.55,-7.61,-3.18,0.7,0.37,-9.83,6.3,0.39365026685637106
1999-12-05,7.23,-7.2,-0.92,0.0,0.37,-11.46,9.59,0.7635149055999896
1999-12-06,9.04,-2.09,1.75,0.37,0.37,-9.57,10.78,0.855561333738347
1999-12-07,8.54,-3.41,2.03,0.15,0.37,-7.38,7.23,0.7619910225251227
1999-12-08,1.96,-5.16,-2.23,0.15,0.37,-7.66,5.21,0.3602906570156378
1999-12-09,4.87,-5.68,-1.84,0.01,0.37,-11.15,10.67,0.6037457889349167
1999-12-10,4.78,-4.09,-0.41,0.05,0.37,-8.59,3.29,0.5397041191629521
1999-12-11,3.68,-3.42,-0.74,0.0,0.37,-7.35,9.26,0.4434313719239179
1999-12-12,5.09,-2.9,-0.27,0.01,0.37,-8.85,10.65,0.5649508977799935
1999-12-13,7.29,-2.3,1.18,0.1,0.37,-7.23,5.15,0.6670063852068775
1999-12-14,0.65,-4.76,-2.49,0.04,0.37,-13.83,8.79,0.43054376658643156
1999-12-15,5.3,-5.61,-1.29,0.06,0.37,-12.92,9.53,0.6647902145549955
1999-12-16,10.23,-1.91,2.38,0.21,0.37,-6.71,10.14,0.8774896590958813
1999-12-17,4.9,-3.06,0.84,2.93,0.38,-2.1,3.95,0.3427216399040439
1999-12-18,6.59,-2.21,1.04,0.05,0.38,-4.5,5.49,0.5365590120944947
1999-12-19,-0.25,-7.36,-2.87,0.33,0.38,-10.82,6.18,0.33212018553992634
1999-12-20,-1.35,-6.45,-4.29,0.12,0.38,-11.04,7.31,0.2903444413252077
1999-12-21,2.07,-7.72,-2.77,0.24,0.38,-9.21,7.04,0.405062608627438
1999-12-22,2.25,-9.13,-2.55,0.0,0.38,-7.41,3.49,0.3683050097325999
1999-12-23,7.95,-2.58,1.23,0.0,0.38,-5.92,10.22,0.6764760862451343
1999-12-24,10.38,-1.2,2.14,0.02,0.38,-5.63,10.24,0.8581359473203316
1999-12-25,10.67,-1.9,1.86,0.0,0.38,-6.08,9.88,0.8963329008274623
1999-12-26,8.58,-3.27,0.92,0.0,0.38,-6.81,9.87,0.7492007170437172
1999-12-27,6.64,-1.28,1.19,0.0,0.38,-6.73,9.47,0.6084022936793392
1999-12-28,13.3,0.72,5.15,0.0,0.38,-6.6,10.19,1.1547454609526433
1999-12-29,14.3,-0.51,4.96,0.0,0.38,-6.81,9.87,1.263304798828444
1999-12-30,10.66,-2.22,2.7,0.0,0.37,-6.89,10.05,0.9189068988030948
1999-12-31,13.73,-2.18,3.85,0.0,0.37,-7.48,9.79,1.2226434633848855
2000-01-01,12.37,0.65,4.54,0.64,0.37,-6.1,8.56,1.049884156081281
2000-01-02,6.37,-3.63,0.77,0.42,0.37,-5.46,10.44,0.5526461598261427
2000-01-03,-2.54,-8.15,-5.43,4.4,0.37,-10.59,2.35,0.23408365966247507
2000-01-04,5.67,-7.31,-1.89,0.0,0.38,-12.0,7.9,0.6705049301317935
2000-01-05,6.13,-3.41,0.83,0.02,0.38,-8.05,6.29,0.6104924954865816
2000-01-06,2.86,-5.58,-1.99,0.0,0.38,-11.28,9.26,0.49229215405600396
2000-01-07,8.33,-3.94,1.08,0.0,0.38,-11.47,10.27,0.8430473347309309
2000-01-08,8.05,-1.84,1.29,0.0,0.38,-8.11,10.02,0.7449160876205051
2000-01-09,5.44,-2.13,0.72,0.0,0.38,-9.67,10.5,0.6061913064285953
2000-01-10,6.49,-4.61,0.3,0.0,0.38,-8.88,7.6,0.6551906911490203
2000-01-11,11.97,-4.36,2.48,0.0,0.38,-7.08,8.6,1.0406698335923472
2000-01-12,11.93,-2.81,3.81,0.0,0.38,-7.53,10.7,1.0492855380065036
2000-01-13,4.91,-5.01,-0.93,0.0,0.38,-9.16,10.56,0.5615243445656259
2000-01-14,12.51,-2.34,4.36,0.0,0.38,-7.15,6.74,1.09325054154152
2000-01-15,16.97,-0.17,6.29,0.0,0.38,-7.16,8.37,1.5771419234850268
2000-01-16,5.88,-4.27,0.24,0.14,0.37,-5.06,9.22,0.5081078392934513
2000-01-17,17.12,1.44,7.03,0.0,0.37,-1.78,7.59,1.416453593845725
2000-01-18,8.48,1.22,3.74,0.11,0.37,-0.28,5.9,0.5098832217007185
2000-01-19,9.93,-4.94,2.96,0.0,0.37,-3.98,11.75,0.7672697464155838
2000-01-20,12.07,-3.68,2.32,0.0,0.37,-6.59,10.96,1.0360916042751547
2000-01-21,9.12,-1.03,3.4,0.0,0.37,-2.65,4.47,0.6548320144802686
2000-01-22,8.49,-0.95,2.75,0.0,0.37,-4.54,9.99,0.6729804748524856
2000-01-23,5.6,-3.61,0.49,0.0,0.37,-9.68,10.72,0.6164819413397682
2000-01-24,10.46,-4.0,2.02,0.0,0.37,-9.42,6.64,0.9672036454844681
2000-01-25,-0.85,-5.24,-3.49,0.07,0.37,-8.52,5.83,0.2529763564784069
2000-01-26,-0.51,-5.07,-3.25,0.32,0.37,-7.21,10.8,0.23296974845006718
2000-01-27,-0.88,-4.58,-3.03,1.2,0.37,-6.48,5.96,0.19664186113763327
2000-01-28,-0.11,-6.42,-3.64,0.11,0.37,-8.86,7.0,0.29331763444563125
2000-01-29,-1.08,-9.16,-5.22,0.11,0.37,-10.59,9.51,0.2918123095461556
2000-01-30,3.07,-10.04,-4.28,0.0,0.37,-11.12,12.54,0.5002309336747917
2000-01-31,6.34,-7.83,-1.46,0.0,0.37,-12.46,13.8,0.7227896492174578
2000-02-01,7.74,-7.69,-0.61,0.04,0.37,-11.31,13.71,0.7965619337344545
2000-02-02,15.05,-1.69,4.8,0.03,0.37,-7.33,13.13,1.3586043914351074
2000-02-03,4.57,-3.89,0.02,0.0,0.37,-5.13,12.34,0.42943511986089483
2000-02-04,2.69,-6.23,-2.58,0.0,0.37,-12.04,13.95,0.4985864024682063
2000-02-05,12.76,-3.89,2.21,0.0,0.37,-8.95,13.42,1.1640110511986834
2000-02-06,13.32,-2.48,3.73,0.0,0.37,-7.2,12.74,1.1736089144704802
2000-02-07,11.31,-3.3,2.63,0.15,0.37,-5.71,12.66,0.941008321713978
2000-02-08,18.69,-0.46,8.14,0.0,0.37,-8.04,11.19,1.8219274759926927
2000-02-09,11.63,2.64,6.56,0.01,0.37,-5.18,5.21,0.9532552578421882
2000-02-10,11.48,-4.4,3.64,0.36,0.37,-3.38,12.85,0.8792800730216035
2000-02-11,0.42,-6.0,-4.4,0.31,0.37,-7.79,4.1,0.28984393936252123
2000-02-12,4.89,-4.93,-0.62,0.01,0.37,-5.95,4.23,0.47389130579183786
2000-02-13,9.78,-5.6,0.33,0.0,0.37,-8.4,11.83,0.8858908208949514
2000-02-14,15.99,-2.25,6.11,0.0,0.37,-6.09,13.51,1.4295607870955376
2000-02-15,14.01,-0.87,6.04,0.0,0.37,-6.26,15.73,1.2170995506017595
2000-02-16,9.78,-2.92,3.34,0.27,0.37,-8.37,14.78,0.8851295621099402
2000-02-17,2.45,-3.67,-0.43,2.78,0.37,-4.84,6.0,0.30237027393601956
2000-02-18,2.59,-5.8,-2.83,1.15,0.37,-7.96,8.8,0.4005865550062379
2000-02-19,9.57,-4.69,0.7,0.0,0.37,-8.99,13.7,0.8835917375727611
2000-02-20,17.03,-3.85,5.11,0.04,0.37,-7.56,15.24,1.5954056340051561
2000-02-21,20.54,2.91,10.62,0.01,0.37,-4.76,16.93,1.9886806777478818
2000-02-22,14.14,1.32,7.21,5.6,0.37,0.26,12.03,0.9907317429551575
2000-02-23,15.87,3.44,8.19,0.51,0.38,-1.56,16.62,1.258406636359131
2000-02-24,18.07,1.7,9.53,0.35,0.38,-4.97,13.62,1.650954041073298
2000-02-25,9.57,0.93,4.55,0.96,0.38,-8.38,11.23,0.8684315188604815
2000-02-26,10.4,-0.83,3.96,0.27,0.38,-10.2,18.04,0.9800573834873331
2000-02-27,15.26,-1.28,6.37,0.0,0.38,-8.91,17.19,1.422717816011909
2000-02-28,20.01,1.47,10.28,0.0,0.38,-6.66,11.13,1.9687751100249864
2000-02-29,11.9,1.98,6.19,0.0,0.37,-3.83,16.26,0.9332343837531925
2000-03-01,14.86,-0.79,6.07,0.01,0.37,-5.37,14.99,1.2805478934096493
2000-03-02,4.2,-2.22,0.77,6.77,0.38,-2.09,3.62,0.30087372080502983
2000-03-03,12.91,-4.48,4.0,0.07,0.38,-2.72,18.37,0.9890196737652374
2000-03-04,17.7,-0.62,7.29,0.24,0.38,-3.35,19.95,1.5483958770854607
2000-03-05,20.78,3.24,10.73,0.01,0.38,-2.73,20.14,1.9540113018890124
2000-03-06,18.14,1.17,9.66,0.02,0.38,-5.0,18.08,1.6610515689539858
2000-03-07,16.92,3.78,9.89,14.98,0.39,4.61,8.15,1.079080845544833
2000-03-08,12.05,-4.17,4.46,7.48,0.42,-5.38,17.95,0.9980185038121021
2000-03-09,7.96,-4.86,0.37,0.48,0.41,-5.28,10.55,0.6575453164846392
2000-03-10,3.59,-5.37,-1.52,0.44,0.41,-5.38,12.43,0.38091267892435254
2000-03-11,11.54,-4.58,3.53,0.02,0.41,-7.19,20.98,1.00450458625728
2000-03-12,6.71,-2.14,2.33,0.03,0.4,-4.57,15.19,0.5469511750729483
2000-03-13,13.74,-3.08,4.65,0.0,0.4,-5.36,20.74,1.1620310302485133
2000-03-14,16.63,-2.95,6.5,0.01,0.4,-4.62,19.14,1.459270338328545
2000-03-15,7.43,-4.28,2.62,3.04,0.39,-3.99,10.78,0.5772249574543502
2000-03-16,7.86,-6.75,-0.19,0.21,0.39,-7.75,17.95,0.7216433014162091
2000-03-17,11.83,-5.53,2.22,0.73,0.39,-4.1,18.07,0.9360674547312291
2000-03-18,4.16,-3.48,1.18,0.92,0.39,-4.94,8.21,0.3993657292390582
2000-03-19,16.65,-3.7,5.63,0.03,0.39,-8.78,21.24,1.580585970600254
2000-03-20,4.79,-2.56,0.7,1.15,0.39,-4.67,5.92,0.4277563481095893
2000-03-21,4.37,-3.04,-0.26,3.48,0.39,-3.01,5.1,0.3454240022809787
2000-03-22,10.11,-3.58,2.71,1.45,0.39,-1.27,12.8,0.6804443127773226
2000-03-23,14.85,0.25,5.83,0.08,0.39,-0.05,17.18,1.0803661304714245
2000-03-24,15.94,2.45,8.55,0.01,0.39,-4.21,22.08,1.364202312288156
2000-03-25,18.58,0.1,9.47,0.01,0.39,-1.3,21.64,1.5850998946105284
2000-03-26,17.04,3.99,10.03,0.0,0.39,-0.63,21.18,1.3592905248849858
2000-03-27,21.87,1.4,11.13,0.0,0.39,-4.31,23.53,2.1792875790000865
2000-03-28,14.38,-0.17,6.21,0.02,0.38,-5.32,19.83,1.2274044722212571
2000-03-29,12.37,0.06,4.72,1.16,0.38,-1.97,14.01,0.9085696471306872
2000-03-30,8.49,-0.41,3.07,7.32,0.38,-0.47,12.8,0.5188796350733028
2000-03-31,2.39,-2.46,-0.01,12.81,0.4,-2.51,5.22,0.2177510162979991
2000-04-01,7.36,-5.71,1.0,0.29,0.41,-5.38,18.13,0.6177192068508708
2000-04-02,8.95,-2.37,1.89,0.36,0.41,-4.72,14.68,0.713970967927542
2000-04-03,4.26,-5.62,-1.13,0.09,0.41,-9.12,21.06,0.5219798583475782
2000-04-04,23.02,-2.94,11.06,0.0,0.41,-2.91,25.69,2.3199119898055223
2000-04-05,24.96,7.72,15.47,0.07,0.4,-0.64,23.99,2.5773084461206537
2000-04-06,22.05,4.14,12.56,0.0,0.4,-1.72,22.36,2.113557897941488
2000-04-07,9.62,-1.79,4.95,0.14,0.39,-7.04,23.77,0.8368075410984264
2000-04-08,17.68,-4.58,6.53,0.0,0.39,-7.29,24.91,1.6694921885578062
2000-04-09,23.4,3.37,13.21,0.0,0.39,-3.14,25.16,2.3935974562181235
2000-04-10,16.49,2.82,9.62,0.0,0.39,-1.0,21.52,1.3082299802309332
2000-04-11,15.62,0.44,7.6,0.0,0.38,-2.71,21.97,1.2742913062157464
2000-04-12,22.01,1.46,11.48,0.0,0.38,-0.46,24.48,2.054891088610108
2000-04-13,26.15,7.23,16.46,0.0,0.38,-3.58,24.81,2.9225329392616097
2000-04-14,27.23,2.56,16.74,0.0,0.38,-3.02,20.97,3.124836701277729
2000-04-15,7.53,-3.13,1.44,0.92,0.37,-4.49,7.94,0.6011368115293474
2000-04-16,17.25,-4.1,6.0,0.02,0.37,-4.04,25.61,1.515748750128666
2000-04-17,25.08,1.42,13.42,0.51,0.37,-2.27,25.78,2.6659419587112105
2000-04-18,28.32,7.96,18.16,0.25,0.37,-4.88,25.61,3.4259024683723562
2000-04-19,17.38,2.65,7.84,1.17,0.37,-6.76,19.3,1.6167816711407776
2000-04-20,19.16,-1.28,8.78,0.0,0.37,-7.14,26.86,1.8619642212682108
2000-04-21,25.38,3.71,14.19,0.06,0.37,-4.64,25.26,2.807359461859317
2000-04-22,24.79,8.83,16.08,3.13,0.37,0.91,23.66,2.4759123172742328
2000-04-23,21.46,7.33,13.3,4.46,0.37,5.23,22.34,1.6717345562828334
2000-04-24,22.67,4.55,13.18,2.25,0.38,2.2,19.45,2.038042581454288
2000-04-25,19.92,1.26,11.09,0.08,0.38,-3.75,27.8,1.8638439991410176
2000-04-26,25.91,5.13,14.81,0.18,0.38,-1.16,24.84,2.782478327221604
2000-04-27,20.61,5.77,12.29,0.0,0.37,-4.74,28.37,1.998481901551021
2000-04-28,22.2,2.69,12.83,0.51,0.37,0.8,28.1,2.0290428851413154
2000-04-29,27.52,7.53,17.3,10.51,0.37,5.24,22.56,2.7885305633494255
2000-04-30,13.44,2.15,7.3,16.0,0.42,0.2,7.83,0.9216804049380981
2000-05-01,17.96,3.55,9.8,0.01,0.41,-2.48,21.46,1.5498403834212673
2000-05-02,21.76,3.52,12.92,0.21,0.41,-0.16,28.19,2.0017768118493966
2000-05-03,26.63,6.52,16.58,0.0,0.4,5.0,28.2,2.6163645571226883
2000-05-04,30.34,9.82,20.14,0.0,0.39,4.53,28.31,3.4824140640175685
2000-05-05,31.48,11.1,20.95,0.0,0.39,6.95,25.34,3.618404336889363
2000-05-06,27.4,12.46,19.4,0.01,0.38,8.22,23.38,2.5609184332691406
2000-05-07,31.35,11.35,21.11,1.14,0.38,4.87,22.85,3.718463102585175
2000-05-08,12.48,4.75,7.93,10.69,0.39,3.51,6.65,0.6619421702884831
2000-05-09,21.19,2.94,12.68,1.19,0.4,1.36,28.22,1.8422109718492319
2000-05-10,26.85,6.68,18.02,0.0,0.39,1.95,29.16,2.830964421253517
2000-05-11,23.89,3.89,16.75,0.04,0.39,1.8,29.03,2.2686679126824942
2000-05-12,15.75,2.6,8.74,0.0,0.38,-9.87,25.29,1.5007833076932262
2000-05-13,18.16,0.46,10.42,0.0,0.38,-7.65,28.8,1.7412448461650365
2000-05-14,23.44,5.15,14.98,0.0,0.38,-3.54,28.63,2.414842304746975
2000-05-15,29.23,8.52,19.08,0.0,0.37,0.32,21.3,3.434056064558857
2000-05-16,30.34,13.57,20.29,0.01,0.37,-1.61,12.38,3.7836856804023573
2000-05-17,25.23,3.85,14.84,5.72,0.37,-0.75,26.58,2.633182163637417
2000-05-18,14.67,2.62,8.34,2.54,0.38,0.24,13.71,1.0478995136990232
2000-05-19,21.98,4.53,13.6,0.01,0.38,-0.55,27.4,2.0539303227966026
2000-05-20,20.64,8.64,14.59,0.05,0.38,3.31,21.16,1.6579384425994306
2000-05-21,26.07,7.86,18.0,0.0,0.37,1.87,29.98,2.6762710589056926
2000-05-22,30.69,12.99,22.32,0.0,0.37,4.47,26.57,3.5733495768519066
2000-05-23,33.22,14.16,24.39,0.0,0.37,5.71,29.26,4.17605382439745
2000-05-24,25.58,12.33,18.48,1.95,0.37,8.61,16.57,2.160719064147749
2000-05-25,25.4,10.64,17.96,2.81,0.37,11.64,24.73,1.8744276767298986
2000-05-26,26.77,13.03,18.15,7.03,0.37,10.01,21.05,2.288727430542008
2000-05-27,25.79,9.14,17.78,0.0,0.38,3.94,31.94,2.5101033075625434
2000-05-28,34.46,11.92,23.75,0.22,0.38,3.08,30.67,4.694942214062107
2000-05-29,36.47,16.22,26.98,0.22,0.37,5.36,27.1,5.201447351650524
2000-05-30,27.95,13.57,21.03,0.03,0.37,9.1,24.56,2.6131004674158174
2000-05-31,32.72,11.41,21.84,0.09,0.36,8.77,22.53,3.821338929386938
2000-06-01,24.43,11.85,17.63,0.04,0.36,3.62,29.11,2.2700390202802256
2000-06-02,22.94,9.41,16.87,0.02,0.36,6.61,30.5,1.8239150400481607
2000-06-03,33.37,12.85,23.0,0.0,0.36,7.52,29.28,4.097289310926421
2000-06-04,25.97,12.12,19.04,0.0,0.36,5.96,30.93,2.422960228546384
2000-06-05,27.38,7.58,17.59,0.0,0.36,5.95,24.86,2.7137228439591783
2000-06-06,35.71,12.53,24.78,0.03,0.35,7.99,27.62,4.7750788623718226
2000-06-07,37.15,17.09,27.67,0.0,0.35,5.06,29.71,5.450291729667828
2000-06-08,35.66,17.9,27.32,0.0,0.35,5.37,30.77,4.935962716749325
2000-06-09,34.41,18.58,26.31,0.02,0.35,4.61,27.43,4.593052792664329
2000-06-10,30.1,14.32,22.17,0.1,0.34,1.31,30.49,3.5959160251521896
2000-06-11,31.81,15.22,23.48,3.45,0.35,9.32,24.85,3.530845899981272
2000-06-12,35.75,15.33,25.93,0.22,0.35,4.62,29.42,5.010548253542761
2000-06-13,27.2,11.72,20.32,0.09,0.34,4.51,22.21,2.764467957168665
2000-06-14,27.05,10.07,18.99,0.0,0.34,1.48,30.73,2.896002870962184
2000-06-15,34.74,9.89,22.68,0.36,0.34,2.73,28.9,4.79901482008556
2000-06-16,20.95,8.51,14.16,1.4,0.34,2.42,15.05,1.7522425045944294
2000-06-17,20.12,6.81,12.88,4.85,0.35,4.09,15.05,1.5372801512666365
2000-06-18,30.98,8.75,20.3,0.07,0.35,6.02,30.12,3.551074446418642
2000-06-19,32.96,15.7,23.86,1.9,0.35,7.38,25.54,3.990570359607923
2000-06-20,28.12,12.78,19.79,0.67,0.35,4.16,26.96,2.983956321098897
2000-06-21,30.09,9.42,20.24,0.23,0.35,4.67,30.94,3.412598069220097
2000-06-22,35.02,15.09,25.62,1.98,0.35,9.04,25.23,4.477733122106182
2000-06-23,33.29,16.79,24.88,2.38,0.35,10.01,18.78,3.8837653072805063
2000-06-24,33.76,17.47,26.07,0.49,0.35,8.07,26.94,4.170695994548328
2000-06-25,30.05,15.07,23.27,1.66,0.35,9.3,22.03,3.083712538150733
2000-06-26,21.37,11.97,16.16,7.12,0.35,8.25,15.68,1.4529199583072903
2000-06-27,23.73,11.87,16.88,5.95,0.37,11.73,5.97,1.5581132367702815
2000-06-28,24.08,12.6,17.6,0.39,0.37,9.91,23.39,1.7776991389978811
2000-06-29,33.18,13.07,22.65,0.99,0.37,9.52,27.39,3.892138423312703
2000-06-30,31.87,13.08,23.27,0.12,0.37,8.28,30.97,3.6265580921248572
2000-07-01,34.51,17.99,26.36,0.2,0.36,9.64,29.55,4.273528712681779
2000-07-02,35.43,17.61,27.04,0.26,0.36,9.2,29.66,4.594032383315189
2000-07-03,33.57,20.09,26.46,0.56,0.36,12.68,27.96,3.726516412761727
2000-07-04,36.74,17.86,27.54,0.07,0.35,3.69,27.92,5.3908105237470405
2000-07-05,35.04,15.45,25.91,0.02,0.35,3.94,27.81,4.825290895105447
2000-07-06,38.7,20.2,29.75,0.0,0.35,7.02,28.55,5.87642080646323
2000-07-07,37.5,19.67,28.5,0.26,0.34,7.29,29.51,5.425746416306676
2000-07-08,36.45,19.55,28.52,0.29,0.34,8.64,27.78,4.968823831836366
2000-07-09,34.59,19.6,27.24,5.63,0.35,11.55,27.88,4.135026524051088
2000-07-10,30.14,19.45,24.5,4.68,0.35,15.73,22.08,2.490091601187121
2000-07-11,34.15,18.28,26.16,0.85,0.35,14.29,28.11,3.7349080655465983
2000-07-12,28.54,19.62,23.93,1.69,0.35,14.45,21.91,2.2545274847833157
2000-07-13,34.36,16.77,25.98,0.44,0.35,12.28,28.95,3.998142748373196
2000-07-14,35.5,18.78,27.69,0.16,0.35,12.18,28.62,4.360642058048423
2000-07-15,36.56,20.62,28.61,2.12,0.35,11.61,28.32,4.759086400185961
2000-07-16,30.7,17.36,23.77,18.61,0.36,14.14,14.0,2.8032425599154687
2000-07-17,23.76,16.87,19.73,11.12,0.4,16.33,12.12,1.0842336500881657
2000-07-18,33.29,16.09,24.48,4.15,0.4,12.75,28.33,3.639098694486896
2000-07-19,31.65,15.37,22.91,3.06,0.4,14.67,27.27,2.992087883345521
2000-07-20,27.86,17.17,22.43,7.62,0.4,16.77,22.37,1.8395614359106713
2000-07-21,29.56,16.77,22.19,7.39,0.4,15.53,27.75,2.3727352912361632
2000-07-22,29.38,15.13,22.14,0.46,0.4,12.55,27.79,2.6402391284180386
2000-07-23,34.39,16.92,25.86,0.08,0.39,12.24,29.65,4.010945479852154
2000-07-24,36.59,18.98,27.11,0.01,0.38,7.87,27.0,5.072728009846903
2000-07-25,34.03,19.69,26.49,0.02,0.38,9.28,28.48,4.15819351706697
2000-07-26,36.38,19.64,27.98,0.5,0.37,9.58,23.76,4.872161806565948
2000-07-27,35.52,18.64,27.44,2.34,0.37,12.95,27.14,4.293429810142807
2000-07-28,31.34,18.15,24.43,0.29,0.37,13.2,28.21,3.0628094319639954
2000-07-29,31.81,15.55,23.89,0.01,0.36,10.88,27.67,3.401682432841463
2000-07-30,31.04,16.59,23.48,0.13,0.36,9.08,27.35,3.3485532085596654
2000-07-31,32.33,13.89,23.6,0.01,0.36,5.84,28.22,3.9193620577276014
2000-08-01,35.32,16.67,26.02,0.15,0.35,6.03,27.54,4.785839916173435
2000-08-02,35.72,19.36,27.11,1.04,0.35,8.49,27.47,4.741232696857034
2000-08-03,36.11,18.64,27.09,0.09,0.35,9.38,27.44,4.799080248828954
2000-08-04,35.84,19.4,27.55,2.24,0.35,12.26,25.79,4.46224974354026
2000-08-05,34.62,20.12,26.65,1.14,0.35,11.35,27.09,4.162090186601624
2000-08-06,33.01,17.41,25.22,0.39,0.35,9.56,26.24,3.840747387290252
2000-08-07,36.69,18.18,27.49,1.22,0.35,9.01,27.49,5.020800308493533
2000-08-08,37.61,19.48,28.19,0.04,0.35,5.22,27.51,5.600523168282033
2000-08-09,36.07,19.34,27.35,0.01,0.34,10.54,28.15,4.690742701927482
2000-08-10,32.55,17.33,24.85,0.14,0.34,13.92,27.47,3.3142387044625283
2000-08-11,37.38,18.82,28.14,0.04,0.34,10.65,26.26,5.1233750612875095
2000-08-12,34.92,21.01,28.02,0.86,0.34,11.45,23.25,4.24536693574178
2000-08-13,33.5,19.28,26.26,0.34,0.34,12.65,25.82,3.709128978615653
2000-08-14,37.37,19.41,28.29,0.01,0.34,9.44,25.4,5.219745036258027
2000-08-15,36.65,22.09,29.13,1.0,0.34,10.08,25.83,4.921616027552848
2000-08-16,33.77,19.35,26.37,3.55,0.34,12.12,18.01,3.8378176246741003
2000-08-17,28.27,15.79,21.36,1.09,0.35,4.76,22.77,2.9819581687652916
2000-08-18,23.88,14.11,19.48,1.39,0.35,10.5,23.24,1.6927758741259376
2000-08-19,32.72,16.63,24.34,0.06,0.35,10.28,25.53,3.7004888320397984
2000-08-20,34.58,18.58,26.05,3.15,0.35,9.39,18.21,4.314803446724172
2000-08-21,29.37,15.1,22.16,7.77,0.35,13.08,24.93,2.586501161425421
2000-08-22,32.6,17.63,23.96,1.66,0.36,12.45,23.63,3.473653080435624
2000-08-23,32.05,15.62,23.87,0.17,0.36,9.04,25.45,3.617059780561817
2000-08-24,33.74,18.36,25.57,2.25,0.36,10.7,24.73,3.955972896178892
2000-08-25,34.92,18.42,26.38,1.66,0.36,10.68,22.21,4.31281621315926
2000-08-26,32.09,17.72,24.5,6.99,0.36,13.79,23.78,3.202061485203748
2000-08-27,32.74,16.86,24.96,3.08,0.37,11.33,24.99,3.615463287247537
2000-08-28,34.05,18.55,25.86,3.4,0.37,10.88,24.62,4.031806858414587
2000-08-29,30.61,14.16,21.98,2.29,0.37,9.54,24.12,3.2031800371117694
2000-08-30,33.6,18.0,25.57,0.52,0.37,10.31,20.71,3.948224928616691
2000-08-31,24.46,15.76,19.58,1.92,0.37,11.32,15.76,1.7264038353042352
2000-09-01,31.25,11.92,20.99,0.01,0.37,8.44,19.0,3.4515869590376216
2000-09-02,31.25,14.13,22.61,0.29,0.36,4.87,18.67,3.6925043038101117
2000-09-03,32.03,15.46,23.41,0.0,0.36,2.43,18.69,4.035188247298411
2000-09-04,35.33,14.85,24.97,0.91,0.36,5.54,24.27,4.820305824337186
2000-09-05,36.36,17.94,26.41,0.23,0.36,9.12,21.54,4.9019533570835705
2000-09-06,35.43,16.65,26.25,0.03,0.35,6.06,22.45,4.81869606573351
2000-09-07,26.26,12.89,19.08,0.0,0.35,1.76,23.48,2.7198379863874145
2000-09-08,34.2,14.76,23.33,0.42,0.35,5.97,21.07,4.445612213366189
2000-09-09,30.87,15.96,22.99,0.0,0.35,2.86,24.59,3.709179069339964
2000-09-10,32.3,13.07,22.7,0.02,0.35,1.16,23.26,4.171646665487343
2000-09-11,28.36,13.84,20.32,0.0,0.34,0.9,22.41,3.2079042500101735
2000-09-12,29.76,10.6,19.63,0.0,0.34,2.97,22.15,3.4288495724692125
2000-09-13,33.81,14.56,23.71,0.0,0.34,1.69,21.49,4.573106362317255
2000-09-14,28.62,13.51,20.65,0.0,0.34,3.71,21.61,3.1217389991015843
2000-09-15,32.49,12.58,21.37,0.0,0.34,2.13,21.5,4.175792678422126
2000-09-16,35.71,15.23,24.71,0.0,0.34,1.11,22.02,5.185176543909829
2000-09-17,35.28,15.07,25.3,0.45,0.34,3.2,20.58,4.9416928145921615
2000-09-18,30.64,16.21,22.59,0.2,0.34,4.23,17.86,3.574810946341599
2000-09-19,26.28,11.69,19.45,1.63,0.34,6.66,18.7,2.438773171733487
2000-09-20,15.35,4.49,9.57,9.84,0.36,-1.2,21.02,1.1846831260934314
2000-09-21,29.29,5.99,15.59,4.49,0.36,2.92,18.02,3.3198250765286983
2000-09-22,13.51,2.84,8.48,1.01,0.37,3.98,6.78,0.736358762624804
2000-09-23,8.8,0.99,3.72,2.74,0.37,-0.17,5.45,0.5293564574272801
2000-09-24,5.57,-0.9,1.7,6.74,0.38,-2.7,7.85,0.40693249433880463
2000-09-25,18.78,-1.08,8.04,0.0,0.38,-2.87,20.87,1.6730156466939616
2000-09-26,22.39,3.38,11.92,0.24,0.38,-1.22,19.38,2.148786947757519
2000-09-27,24.8,7.95,14.84,0.0,0.38,-1.32,20.12,2.575679952540378
2000-09-28,26.62,7.06,16.41,0.0,0.37,-0.41,18.97,2.8938103978938576
2000-09-29,28.93,12.53,20.22,0.07,0.37,4.57,13.69,3.14303047952231
2000-09-30,28.55,13.16,20.25,0.01,0.37,3.21,18.63,3.133545516238219
2000-10-01,30.01,13.22,20.62,0.08,0.36,1.38,19.21,3.5705611073305503
2000-10-02,29.44,9.96,18.8,0.0,0.36,3.76,19.25,3.3090396040355685
2000-10-03,27.44,10.3,17.12,0.07,0.36,4.57,18.26,2.811943980526569
2000-10-04,18.16,6.58,12.08,4.8,0.36,7.29,9.31,1.062860625914666
2000-10-05,11.93,0.36,7.06,1.61,0.37,2.66,3.87,0.656428265527492
2000-10-06,6.22,-2.49,0.84,0.83,0.37,-4.55,6.53,0.5136579793677979
2000-10-07,9.75,-3.12,2.48,0.09,0.37,-5.51,11.92,0.802400826654883
2000-10-08,11.04,-3.62,3.05,0.0,0.37,-6.67,18.16,0.9455402254141949
2000-10-09,16.43,-2.54,6.14,0.02,0.37,-1.72,17.58,1.3303904405616067
2000-10-10,21.79,1.26,10.92,0.0,0.36,0.31,17.65,1.985559467484614
2000-10-11,25.97,7.5,16.89,0.0,0.36,4.75,17.76,2.498278449616705
2000-10-12,26.09,9.37,16.67,0.0,0.36,2.47,15.71,2.649633134335093
2000-10-13,18.5,4.19,10.65,0.08,0.36,0.11,13.78,1.5140702162149733
2000-10-14,16.92,4.45,10.39,0.14,0.36,-0.98,15.78,1.3593414866638163
2000-10-15,17.85,4.34,10.41,0.28,0.36,-0.45,15.69,1.4535191894698463
2000-10-16,19.79,4.16,11.43,0.08,0.36,0.06,17.53,1.6945844851268546
2000-10-17,21.72,5.33,12.84,0.02,0.36,0.05,16.48,1.986117402143011
2000-10-18,24.52,6.94,14.66,0.0,0.36,1.95,16.49,2.3752073868809696
2000-10-19,23.84,6.4,14.16,0.0,0.35,-0.79,16.09,2.378818646009025
2000-10-20,18.67,4.58,10.8,0.61,0.35,0.09,15.28,1.5377472218990702
2000-10-21,22.39,7.02,13.67,1.25,0.36,5.17,15.48,1.8247199114873833
2000-10-22,11.76,5.76,10.21,8.97,0.37,8.55,5.32,0.2668986724471858
2000-10-23,15.94,5.27,10.15,1.11,0.37,6.34,6.99,0.8539795305082627
2000-10-24,20.08,7.03,12.97,0.43,0.38,6.12,9.09,1.406979449215289
2000-10-25,17.5,4.48,10.97,0.04,0.37,0.5,14.43,1.3665999809049116
2000-10-26,18.54,6.4,11.02,0.0,0.37,0.12,15.09,1.5189638455608394
2000-10-27,19.62,4.43,11.96,0.68,0.37,5.19,8.21,1.399891962214357
2000-10-28,14.43,11.21,12.76,20.01,0.38,11.58,3.52,0.2795732784263867
2000-10-29,14.83,5.02,9.18,8.81,0.42,3.97,10.49,0.8752255501912146
2000-10-30,17.52,2.96,8.81,0.0,0.42,1.17,12.15,1.3377034945136541
2000-10-31,12.77,1.94,6.61,1.96,0.42,1.35,9.45,0.8019019197013026
2000-11-01,10.27,0.61,4.47,0.17,0.41,-1.34,9.76,0.6966178596294236
2000-11-02,8.63,0.64,3.65,0.03,0.41,-3.25,8.07,0.6391139629760818
2000-11-03,10.46,-2.24,3.19,0.0,0.4,-2.38,9.76,0.7535725372803446
2000-11-04,15.01,-0.79,6.2,0.14,0.4,1.83,14.21,1.0093419870716955
2000-11-05,9.14,-2.74,3.27,3.21,0.4,-0.83,8.34,0.5840888908423453
2000-11-06,-0.09,-5.95,-3.49,0.55,0.4,-9.62,8.38,0.3123716347496001
2000-11-07,0.73,-6.48,-3.72,0.01,0.4,-11.39,11.85,0.3883122976523853
2000-11-08,3.75,-5.51,-2.34,0.05,0.39,-13.17,13.81,0.5776605995908779
2000-11-09,5.18,-5.76,-1.86,0.0,0.39,-10.54,13.66,0.6096288666563111
2000-11-10,1.87,-6.71,-3.05,0.24,0.39,-6.84,1.08,0.3332619739790989
2000-11-11,-3.08,-9.18,-5.07,2.93,0.39,-8.9,3.28,0.17508077959622148
2000-11-12,-0.96,-9.66,-6.54,0.14,0.39,-12.8,8.33,0.34124642990729354
2000-11-13,0.98,-11.04,-5.7,0.0,0.39,-14.05,10.79,0.4497568750510498
2000-11-14,4.58,-10.32,-4.12,0.04,0.39,-11.58,12.49,0.5952294559853932
2000-11-15,1.83,-6.42,-2.47,0.06,0.39,-8.3,10.44,0.37047302050877856
2000-11-16,-0.36,-10.07,-5.84,0.05,0.39,-11.08,10.51,0.33283456881273693
2000-11-17,0.99,-9.71,-4.84,0.0,0.38,-10.3,10.57,0.37725183030428355
2000-11-18,5.11,-10.11,-2.94,0.0,0.38,-11.14,10.83,0.6181418407855206
2000-11-19,5.78,-5.19,-1.3,0.0,0.38,-9.61,11.97,0.6262898830011747
2000-11-20,4.78,-9.19,-2.24,0.0,0.38,-9.88,12.3,0.5705631609927595
2000-11-21,9.58,-3.49,1.31,0.0,0.38,-9.26,11.89,0.890901161946481
2000-11-22,6.68,-1.93,1.18,0.0,0.38,-6.61,6.99,0.6076708624903102
2000-11-23,5.02,-2.58,-0.4,0.0,0.38,-7.68,9.65,0.5307294560584084
2000-11-24,10.39,-3.01,1.74,0.0,0.38,-7.9,11.66,0.9234428459537571
2000-11-25,5.23,-2.85,0.03,0.0,0.38,-5.11,11.44,0.4687444027471619
2000-11-26,9.41,-1.94,1.36,0.0,0.38,-7.19,8.79,0.8241704235680771
2000-11-27,7.31,-1.4,1.46,0.01,0.38,-5.56,7.48,0.6197869383725201
2000-11-28,3.73,-3.27,-0.2,0.0,0.38,-8.32,9.76,0.47181573640081564
2000-11-29,4.24,-5.87,-1.64,0.0,0.38,-8.91,11.07,0.5157171460552743
2000-11-30,10.18,-3.18,2.34,0.0,0.38,-7.21,10.9,0.8873247875772405
2000-12-01,2.96,-4.7,-2.35,0.0,0.38,-7.09,10.2,0.3967735050639867
2000-12-02,2.72,-7.79,-3.44,0.0,0.38,-8.64,9.18,0.4247869529282734
2000-12-03,9.72,-6.77,0.43,0.0,0.38,-7.23,9.54,0.8501335743545229
2000-12-04,4.13,-2.8,-0.3,0.0,0.38,-7.17,10.17,0.4641020032190173
2000-12-05,9.44,-5.16,-0.33,2.25,0.38,-6.59,5.59,0.8096761964550951
2000-12-06,7.76,-5.86,0.13,0.0,0.38,-8.99,9.72,0.7459263520170283
2000-12-07,11.5,-2.57,3.27,0.04,0.38,-4.58,9.22,0.9221837830079946
2000-12-08,2.42,-3.28,-1.25,0.0,0.38,-4.34,7.28,0.28437280521610137
2000-12-09,11.43,-1.15,3.37,0.0,0.38,-2.95,10.26,0.859252742813293
2000-12-10,1.07,-9.76,-5.61,1.29,0.38,-8.99,2.51,0.35060124594065994
2000-12-11,-10.38,-16.31,-13.42,1.3,0.38,-18.44,7.16,0.1346639881968499
2000-12-12,-5.04,-13.06,-9.64,0.02,0.38,-14.79,4.99,0.2260940226206704
2000-12-13,-0.91,-12.39,-6.97,0.0,0.38,-11.7,8.47,0.32209819717827654
2000-12-14,7.43,-7.33,-0.77,0.0,0.38,-7.83,8.65,0.6930032954670131
2000-12-15,8.19,-2.58,0.97,0.0,0.38,-7.28,8.08,0.7331239675808203
2000-12-16,1.14,-9.99,-4.38,0.0,0.38,-13.71,10.46,0.4515373851573036
2000-12-17,10.54,-4.99,1.4,0.0,0.38,-7.92,10.22,0.9366524690492023
2000-12-18,0.58,-4.08,-1.97,0.0,0.38,-9.71,8.56,0.3447177416852843
2000-12-19,8.96,-6.58,0.36,0.01,0.38,-11.65,10.18,0.8945409327279601
2000-12-20,1.1,-10.42,-4.07,0.23,0.38,-10.73,8.12,0.39187707459500093
2000-12-21,0.4,-11.94,-6.85,0.0,0.38,-12.92,9.5,0.40285377434524894
2000-12-22,11.17,-6.63,0.77,0.05,0.38,-6.14,9.39,0.9415401392296878
2000-12-23,6.46,-3.94,-0.28,0.0,0.38,-4.29,9.51,0.5208740379336791
2000-12-24,-0.56,-6.98,-3.93,0.03,0.38,-8.03,7.7,0.2527643894005348
2000-12-25,-5.35,-9.23,-7.43,0.07,0.38,-9.96,3.42,0.12349374008269437
2000-12-26,2.09,-9.26,-4.92,0.16,0.38,-8.31,10.29,0.383825073780778
2000-12-27,9.07,-5.66,0.93,0.0,0.38,-6.78,10.1,0.7859622195338993
2000-12-28,2.99,-4.53,-0.3,0.12,0.38,-6.42,7.76,0.379359284772965
2000-12-29,1.53,-8.02,-4.34,0.02,0.38,-8.62,9.8,0.36370472539395526
2000-12-30,3.45,-9.1,-3.54,1.39,0.38,-8.92,6.89,0.47117108238210986
2000-12-31,-0.35,-9.01,-4.85,1.33,0.38,-7.78,3.65,0.2552710121915206
2001-01-01,2.19,-9.01,-4.46,0.0,0.38,-7.86,3.4,0.3772604816098903
2001-01-02,4.45,-7.05,-2.09,0.0,0.38,-6.75,10.02,0.4709923725661473
2001-01-03,9.67,-3.01,1.87,0.11,0.39,-7.45,9.22,0.8520934898961012
2001-01-04,12.69,-1.03,3.6,0.0,0.39,-5.35,10.64,1.057555203859925
2001-01-05,13.36,0.09,4.42,0.0,0.39,-6.35,10.7,1.1535006518909539
2001-01-06,13.86,-2.99,3.35,0.0,0.39,-5.86,10.4,1.1896869141571451
2001-01-07,3.51,-4.15,-1.23,0.0,0.39,-7.77,10.93,0.44522665065263667
2001-01-08,9.32,-4.17,0.27,0.0,0.38,-10.92,10.92,0.907591475095584
2001-01-09,9.62,-2.19,1.66,0.0,0.38,-8.87,10.65,0.8846772315625071
2001-01-10,11.02,-1.86,2.76,0.05,0.38,-5.47,10.51,0.9080813857563388
2001-01-11,10.53,-3.15,1.56,0.0,0.38,-5.41,11.27,0.8640194180198015
2001-01-12,12.98,-3.18,3.35,0.06,0.38,-7.4,11.02,1.1454794379981348
2001-01-13,0.44,-4.67,-2.58,3.19,0.38,-6.37,6.47,0.25131369560513966
2001-01-14,3.96,-4.75,-1.51,0.05,0.38,-9.42,10.08,0.5118467323460791
2001-01-15,1.98,-5.24,-2.43,0.19,0.38,-9.2,9.05,0.40027079428257034
2001-01-16,-3.95,-8.87,-5.97,2.15,0.38,-8.83,2.54,0.14262603917103378
2001-01-17,-0.05,-10.75,-6.17,0.02,0.38,-11.23,10.94,0.3495663670510795
2001-01-18,0.92,-6.29,-3.73,0.23,0.38,-8.0,9.2,0.31856005866405873
2001-01-19,0.42,-10.08,-5.47,0.11,0.38,-9.38,7.41,0.3296510313480213
2001-01-20,2.97,-7.8,-2.26,0.04,0.38,-7.45,4.65,0.4071772236329395
2001-01-21,5.17,-7.17,-1.77,0.0,0.39,-8.1,11.83,0.5509466547106636
2001-01-22,8.29,-3.42,0.74,0.0,0.39,-8.55,9.73,0.7738392230242754
2001-01-23,2.1,-3.94,-1.42,0.05,0.39,-4.75,9.65,0.28146684560675994
2001-01-24,3.35,-6.99,-2.14,0.0,0.39,-6.82,11.44,0.4103904944740266
2001-01-25,7.38,-4.31,0.58,0.08,0.39,-4.37,10.34,0.5865423072223481
2001-01-26,2.57,-4.6,-1.18,0.09,0.39,-7.21,11.45,0.37942205017321057
2001-01-27,-0.55,-6.35,-3.41,5.4,0.39,-7.35,6.43,0.23508591377802812
2001-01-28,-1.54,-7.47,-4.97,1.31,0.39,-7.29,2.89,0.1923082747098223
2001-01-29,0.87,-7.92,-3.34,1.32,0.39,-6.84,3.6,0.28473213235022116
2001-01-30,0.65,-5.5,-1.55,0.16,0.39,-7.73,2.55,0.2988353910446757
2001-01-31,2.65,-6.63,-2.65,0.0,0.39,-10.3,11.66,0.46016497866194406
2001-02-01,0.2,-6.03,-3.64,0.02,0.39,-9.92,9.19,0.3322187202368534
2001-02-02,8.78,-5.75,1.36,0.0,0.39,-7.49,10.93,0.7832129825280034
2001-02-03,6.87,-2.35,1.64,0.0,0.39,-4.65,8.97,0.5604460065017577
2001-02-04,6.16,-4.73,-0.21,0.0,0.39,-7.9,12.95,0.6085358551503022
2001-02-05,14.67,-2.29,4.46,0.0,0.39,-3.53,13.49,1.1988608194583072
2001-02-06,5.12,-4.09,-0.55,0.01,0.39,-3.93,8.39,0.42298494633076705
2001-02-07,7.96,-5.79,0.14,0.12,0.39,-3.58,8.04,0.6010213917087044
2001-02-08,-5.99,-12.59,-8.36,1.55,0.39,-12.73,3.5,0.1610696128139658
2001-02-09,-5.16,-14.19,-10.61,0.8,0.39,-17.76,9.7,0.26502455714207473
2001-02-10,4.29,-12.66,-5.17,0.07,0.39,-11.05,8.0,0.5672339354316894
2001-02-11,10.63,-6.9,0.6,0.01,0.39,-8.24,14.34,0.9526111713577216
2001-02-12,6.79,-3.96,0.07,0.0,0.39,-6.71,14.78,0.6179756064234037
2001-02-13,13.25,-7.32,1.3,0.26,0.39,-6.51,13.76,1.147178247951962
2001-02-14,-0.71,-9.61,-6.35,0.35,0.39,-10.46,8.6,0.30449701390646994
2001-02-15,6.57,-6.86,-1.18,0.0,0.39,-9.7,15.39,0.6800766313472963
2001-02-16,1.92,-8.46,-3.86,0.01,0.39,-8.78,9.0,0.38703229120484156
2001-02-17,9.49,-8.7,-1.44,0.0,0.39,-7.61,11.97,0.8419521289904748
2001-02-18,9.36,-3.22,2.33,0.0,0.39,-5.14,7.9,0.7595623101884781
2001-02-19,13.07,-0.85,4.57,0.0,0.39,-3.85,14.96,1.0452265324583312
2001-02-20,9.07,-4.87,2.04,0.0,0.39,-3.47,11.22,0.6807892172686445
2001-02-21,8.36,-5.36,-0.45,0.0,0.39,-5.75,8.54,0.7015731047562466
2001-02-22,11.88,-1.36,4.32,0.01,0.39,-4.84,15.95,0.9651823868044127
2001-02-23,13.78,-1.1,4.01,0.62,0.39,0.15,4.41,0.9584243857665474
2001-02-24,1.93,-4.58,-1.24,1.14,0.39,-4.37,7.14,0.2603541179181769
2001-02-25,10.43,-4.11,2.03,0.03,0.39,-8.28,17.15,0.9366568642543347
2001-02-26,2.3,-6.78,-1.67,0.3,0.39,-7.31,8.29,0.36815032354821864
2001-02-27,-4.86,-9.79,-7.54,3.39,0.39,-12.05,5.18,0.18320233890593998
2001-02-28,-0.11,-8.87,-4.26,0.75,0.39,-9.32,5.13,0.30443099066285556
2001-03-01,10.11,-5.77,0.69,0.25,0.39,-6.43,13.91,0.8594644810873753
2001-03-02,9.41,-4.05,1.32,0.11,0.39,-6.74,18.61,0.8115753886216908
2001-03-03,9.2,-2.57,2.12,0.02,0.39,-3.88,16.17,0.7052835386073286
2001-03-04,9.08,-4.18,0.99,0.0,0.39,-6.38,19.43,0.7752468415913393
2001-03-05,15.79,-3.18,5.34,0.0,0.39,-5.87,18.09,1.3998897345499361
2001-03-06,13.53,0.78,6.07,0.0,0.39,-3.1,13.45,1.0645111604867168
2001-03-07,13.81,-0.28,6.2,0.33,0.39,-2.75,16.44,1.0801602010429734
2001-03-08,14.95,-1.83,5.69,0.02,0.39,-2.51,18.78,1.1920346358911544
2001-03-09,18.15,-0.02,8.68,0.06,0.38,-1.89,18.48,1.5518164575134161
2001-03-10,4.84,-3.24,1.26,6.66,0.39,-2.63,3.56,0.3592989185620177
2001-03-11,2.15,-6.88,-2.72,4.58,0.39,-5.95,3.82,0.3215081431148787
2001-03-12,7.5,-6.9,0.69,0.14,0.39,-5.85,16.15,0.6420259346178137
2001-03-13,13.12,-0.65,5.52,0.02,0.4,-4.49,20.67,1.0717963731003912
2001-03-14,13.72,-0.54,4.57,1.32,0.4,-6.04,20.12,1.1807352416655355
2001-03-15,3.43,-5.6,-1.53,0.35,0.4,-8.35,10.13,0.4558500825359616
2001-03-16,6.86,-5.52,0.09,0.1,0.4,-8.89,19.73,0.6803937998215757
2001-03-17,3.26,-3.51,-1.26,0.85,0.39,-5.51,7.99,0.36672231872674244
2001-03-18,10.59,-3.72,2.67,0.22,0.39,-5.19,13.93,0.862225818623995
2001-03-19,14.27,-3.51,5.21,0.0,0.39,-6.21,20.9,1.2428169100164537
2001-03-20,21.35,1.65,11.07,0.06,0.39,-1.4,18.76,1.9896785517176392
2001-03-21,18.05,2.27,8.77,0.75,0.39,1.56,19.03,1.3867588570705882
2001-03-22,17.88,2.6,10.24,0.09,0.39,2.8,20.45,1.3013898184295711
2001-03-23,16.41,-2.09,7.86,0.01,0.39,0.5,15.25,1.233067104085827
2001-03-24,8.14,-4.13,1.05,0.03,0.38,-4.95,5.63,0.6602622911597908
2001-03-25,6.73,-3.8,0.63,2.11,0.38,-3.85,5.02,0.5240186459950182
2001-03-26,6.8,-3.51,0.93,0.86,0.39,-3.48,8.21,0.5158251596006993
2001-03-27,12.87,-2.67,4.75,1.55,0.39,-1.73,12.45,0.9470374941597763
2001-03-28,12.13,-2.8,5.23,0.09,0.39,-2.77,15.38,0.9165345686491291
2001-03-29,10.3,-1.45,4.61,1.0,0.39,-3.15,14.33,0.768696964583208
2001-03-30,14.82,0.62,6.76,1.13,0.39,-1.72,17.57,1.147242292210445
2001-03-31,9.25,-3.28,2.73,0.42,0.39,-5.2,23.95,0.7527723544104006
2001-04-01,21.33,-0.61,10.84,0.0,0.39,-2.47,21.2,2.02852404978621
2001-04-02,17.69,0.9,10.0,0.25,0.38,2.54,16.12,1.2907188514724677
2001-04-03,20.03,4.67,11.62,0.18,0.38,5.12,12.56,1.462982238419583
2001-04-04,22.33,5.51,12.42,0.08,0.38,2.53,10.83,1.9647218480932436
2001-04-05,22.45,5.09,13.15,0.12,0.38,2.64,15.22,1.978701479526014
2001-04-06,20.17,7.49,13.42,1.37,0.38,2.29,14.91,1.642580365667914
2001-04-07,19.55,4.41,12.44,0.0,0.38,-5.55,22.22,1.8700266828418974
2001-04-08,21.1,4.02,12.26,0.04,0.38,-4.2,25.9,2.0548577197778886
2001-04-09,18.1,1.14,9.65,0.15,0.37,-2.06,25.79,1.5519303333213552
2001-04-10,15.77,0.54,8.01,7.63,0.37,1.59,12.54,1.1065429352036693
2001-04-11,5.64,-2.49,1.59,16.08,0.4,-1.44,8.05,0.3623806355646245
2001-04-12,10.6,-3.49,3.6,0.48,0.41,-3.53,17.99,0.8076259283128537
2001-04-13,14.14,0.29,6.43,0.0,0.41,-5.19,27.2,1.198048531355728
2001-04-14,19.14,-1.57,8.57,0.09,0.41,-3.96,22.11,1.7610290510498452
2001-04-15,15.56,-1.2,7.11,0.0,0.4,-3.9,26.52,1.3101180783068267
2001-04-16,9.33,-1.49,3.14,0.0,0.4,-4.01,11.39,0.7199887181197206
2001-04-17,14.02,-3.19,5.08,0.04,0.4,-3.86,25.75,1.1416097987410383
2001-04-18,27.18,1.72,15.44,0.0,0.39,-1.77,24.44,3.0667073083033816
2001-04-19,27.82,9.91,18.03,0.01,0.39,-2.69,22.7,3.2394201225441757
2001-04-20,23.61,4.57,14.31,0.81,0.38,-0.72,16.11,2.3352512380326984
2001-04-21,20.11,4.21,11.85,0.63,0.38,0.02,25.14,1.7425612208726613
2001-04-22,10.22,-1.38,4.87,6.78,0.39,1.59,10.9,0.5609804875094541
2001-04-23,14.24,-2.12,6.53,0.13,0.39,-4.99,28.27,1.202176769071432
2001-04-24,19.19,3.24,11.23,0.1,0.39,-2.43,27.76,1.7127176199858845
2001-04-25,23.24,4.19,13.95,0.06,0.39,-0.86,27.77,2.276867062926373
2001-04-26,25.55,7.1,16.62,0.01,0.38,-0.21,28.23,2.6715234868904325
2001-04-27,27.51,8.82,18.39,0.14,0.38,1.34,26.1,3.000417857121744
2001-04-28,27.25,11.17,19.46,0.21,0.38,4.9,26.53,2.751727023266506
2001-04-29,29.09,11.05,19.85,0.39,0.37,2.35,25.14,3.303045409906149
2001-04-30,24.99,9.15,17.34,0.0,0.37,-0.07,24.73,2.558195968038335
2001-05-01,32.0,11.18,21.38,0.07,0.37,1.16,22.83,4.090444536002416
2001-05-02,14.27,3.74,8.89,2.74,0.37,2.0,8.93,0.9211894563036606
2001-05-03,12.67,1.51,6.53,3.24,0.37,1.32,5.45,0.7937133463760969
2001-05-04,7.97,4.54,5.83,23.17,0.4,4.08,7.09,0.25272714048689804
2001-05-05,12.68,1.45,6.27,24.92,0.46,3.59,15.07,0.6766166009773121
2001-05-06,16.51,3.8,9.66,6.3,0.46,2.06,27.76,1.1696932948695282
2001-05-07,18.73,3.05,10.53,0.6,0.46,3.55,22.62,1.3727912994054738
2001-05-08,23.51,6.32,15.25,0.0,0.45,2.31,30.07,2.175825282900628
2001-05-09,28.15,10.18,19.49,0.04,0.43,3.09,28.61,3.050449397854144
2001-05-10,23.14,10.92,16.65,0.19,0.42,5.5,20.17,1.9300862571960473
2001-05-11,22.46,8.0,14.83,0.08,0.42,7.7,23.38,1.6679291618625265
2001-05-12,28.15,9.12,18.77,0.0,0.41,8.58,29.83,2.697179703216087
2001-05-13,30.15,12.29,21.37,0.0,0.4,6.98,30.4,3.2792244239509376
2001-05-14,29.57,11.91,21.25,0.05,0.4,7.71,29.0,3.0877666170717464
2001-05-15,30.02,14.13,22.4,0.1,0.39,5.07,27.86,3.371352402612547
2001-05-16,28.78,14.84,22.19,0.49,0.38,8.02,25.04,2.8808006126161763
2001-05-17,17.8,9.47,13.75,2.1,0.39,8.94,17.5,0.8947610419306737
2001-05-18,25.07,7.45,16.58,1.77,0.39,7.88,29.08,2.1169773650303334
2001-05-19,21.4,10.6,16.22,5.05,0.39,10.1,13.29,1.312555076040217
2001-05-20,23.2,0.97,13.27,4.45,0.39,2.63,28.97,2.105505938448096
2001-05-21,13.66,0.97,7.54,0.55,0.4,-5.63,25.75,1.1622250580989217
2001-05-22,22.74,3.38,13.53,0.0,0.39,-1.62,29.68,2.22312813926571
2001-05-23,24.93,6.53,15.42,0.0,0.39,-0.45,30.57,2.563509704661766
2001-05-24,21.16,4.56,12.61,0.0,0.38,-3.91,32.18,2.054204966234054
2001-05-25,21.72,3.84,13.39,0.0,0.38,0.88,31.35,1.9480998860412346
2001-05-26,26.24,8.01,17.67,0.04,0.38,3.39,25.34,2.630427002521022
2001-05-27,27.88,11.91,19.12,1.94,0.38,9.27,22.58,2.5844299027122783
2001-05-28,20.94,10.34,16.44,10.97,0.39,11.72,22.26,1.1009771015880914
2001-05-29,25.51,13.31,18.48,7.89,0.41,11.04,10.93,1.949085007430316
2001-05-30,20.35,9.83,15.36,0.21,0.41,8.1,21.69,1.309327795349268
2001-05-31,25.21,7.28,17.13,0.82,0.4,6.52,29.28,2.2383065788164584
2001-06-01,27.21,10.0,19.34,0.0,0.4,5.46,31.07,2.708781335536111
2001-06-02,30.54,7.82,19.4,0.68,0.39,7.57,29.42,3.334515981843543
2001-06-03,24.64,11.38,17.64,1.41,0.39,11.25,12.02,1.7657925100572183
2001-06-04,21.91,8.49,13.32,2.69,0.39,8.0,11.66,1.5566934033991313
2001-06-05,24.63,7.56,16.15,0.59,0.39,4.68,30.15,2.2456131835361464
2001-06-06,29.89,11.16,20.23,0.04,0.38,7.49,30.97,3.180296258190091
2001-06-07,26.68,12.27,19.9,8.71,0.39,15.2,11.44,1.7715220770703866
2001-06-08,29.21,15.37,21.92,1.68,0.39,13.39,29.19,2.5181353367666635
2001-06-09,34.1,15.07,24.4,1.3,0.39,11.6,24.0,3.9829530410384493
2001-06-10,35.03,16.57,25.84,0.38,0.38,5.79,29.01,4.710410107681803
2001-06-11,36.47,16.11,26.68,0.55,0.38,4.11,31.14,5.276344424962968
2001-06-12,32.94,14.39,23.99,0.64,0.37,5.66,26.1,4.099918574982437
2001-06-13,25.32,4.17,15.97,7.84,0.37,0.01,27.57,2.617417896934117
2001-06-14,20.96,4.09,13.83,2.76,0.39,0.33,31.45,1.855275494047603
2001-06-15,28.95,9.26,19.74,0.0,0.38,-1.13,32.93,3.431760238020355
2001-06-16,32.1,10.45,21.43,0.08,0.38,2.03,32.55,4.0745523081309925
2001-06-17,35.85,12.24,25.35,0.0,0.37,2.83,29.39,5.1436047308741815
2001-06-18,35.93,16.07,25.98,0.07,0.37,0.15,31.14,5.300718025400848
2001-06-19,24.12,12.14,17.52,0.76,0.36,5.61,26.9,2.0953178349353365
2001-06-20,26.22,10.61,18.06,1.94,0.37,9.57,16.26,2.2123793592335796
2001-06-21,28.1,10.5,19.84,0.87,0.37,6.92,31.62,2.805626959315583
2001-06-22,32.41,13.25,23.39,1.8,0.37,8.73,29.97,3.7387648259014776
2001-06-23,35.12,15.93,26.23,0.0,0.36,5.13,31.94,4.779822415754214
2001-06-24,36.82,16.39,27.23,0.81,0.36,8.85,31.45,5.07707771889729
2001-06-25,35.4,18.53,27.45,1.14,0.36,10.98,22.85,4.437216896676011
2001-06-26,34.52,17.99,26.35,0.6,0.36,9.13,28.94,4.317034712587962
2001-06-27,33.67,16.64,25.85,0.37,0.36,10.38,27.45,3.962715854801983
2001-06-28,35.77,18.24,27.37,0.02,0.35,8.55,27.79,4.752811978457705
2001-06-29,37.15,19.56,28.59,0.91,0.35,9.43,23.76,5.144423262631997
2001-06-30,36.61,18.83,28.0,0.43,0.35,11.07,27.86,4.82390828247863
2001-07-01,35.04,19.24,26.62,6.85,0.36,12.73,27.64,4.163602022826093
2001-07-02,36.33,18.7,27.59,4.3,0.36,12.05,28.71,4.642218796692108
2001-07-03,35.72,19.4,27.59,1.42,0.36,12.95,26.8,4.357453794833807
2001-07-04,35.95,17.96,27.28,1.32,0.36,12.08,28.19,4.514739059209242
2001-07-05,36.18,19.95,27.68,0.13,0.36,7.66,28.79,4.951744059183328
2001-07-06,38.9,20.69,30.04,0.11,0.36,9.73,29.56,5.748103481865433
2001-07-07,37.49,20.81,29.46,0.1,0.35,12.43,30.3,5.001401695582484
2001-07-08,36.4,21.08,28.42,0.28,0.35,13.94,28.87,4.48023890873557
2001-07-09,35.49,18.89,27.47,2.01,0.35,13.74,27.29,4.204926725500813
2001-07-10,32.79,18.64,25.45,6.43,0.36,14.84,27.58,3.2833397998483713
2001-07-11,32.43,17.16,24.78,4.2,0.37,14.12,25.6,3.260441148324658
2001-07-12,34.36,19.03,26.34,8.23,0.37,14.05,22.81,3.823013927409413
2001-07-13,28.31,18.92,23.07,4.03,0.38,17.31,25.13,1.872570739283799
2001-07-14,27.9,18.1,22.46,6.79,0.38,16.93,22.13,1.8288269214905033
2001-07-15,31.54,16.85,24.37,5.57,0.39,13.76,27.97,3.0586889712217045
2001-07-16,34.12,16.58,25.69,0.3,0.39,8.58,30.38,4.239013982305617
2001-07-17,34.63,16.56,26.19,1.52,0.38,5.92,22.46,4.578768149840152
2001-07-18,34.16,18.34,26.65,0.01,0.38,10.23,26.12,4.11981382314033
2001-07-19,35.84,18.84,27.63,1.24,0.37,11.48,25.63,4.533851319784452
2001-07-20,35.9,19.78,28.26,0.24,0.37,12.01,28.74,4.504989669482299
2001-07-21,36.95,20.48,28.82,0.4,0.36,13.0,27.77,4.759975548299168
2001-07-22,36.6,20.73,28.54,0.55,0.36,11.98,26.32,4.738673201972607
2001-07-23,32.33,19.01,25.14,16.56,0.37,15.34,21.46,3.1011280860235138
2001-07-24,31.63,18.98,23.93,8.46,0.39,16.93,25.32,2.7271089950865917
2001-07-25,29.76,18.23,23.68,3.12,0.4,17.11,28.71,2.2337256134437435
2001-07-26,29.48,19.49,23.46,11.19,0.4,17.63,19.89,2.101682443736932
2001-07-27,29.25,16.53,22.43,1.83,0.41,13.78,24.91,2.4879894730059378
2001-07-28,32.64,15.53,24.57,0.03,0.4,11.86,29.77,3.5397915844999197
2001-07-29,36.93,18.71,27.9,0.0,0.39,12.31,29.03,4.819437582406665
2001-07-30,36.41,20.02,29.11,0.0,0.38,11.08,27.93,4.756241775225574
2001-07-31,35.18,21.81,28.53,1.61,0.38,13.35,27.07,4.14645299300446
2001-08-01,34.05,20.23,26.65,11.42,0.38,15.09,26.29,3.6188340357259743
2001-08-02,33.71,19.72,26.23,4.68,0.4,16.39,27.85,3.3698912604797315
2001-08-03,34.9,18.54,26.82,0.7,0.39,13.59,26.94,4.035114039124546
2001-08-04,35.93,20.07,28.39,0.1,0.38,12.85,27.9,4.435080288367541
2001-08-05,33.74,19.93,26.98,0.68,0.38,13.18,25.57,3.727240033434663
2001-08-06,35.84,20.68,28.15,0.19,0.38,12.84,25.35,4.406874583343896
2001-08-07,34.75,19.27,26.91,1.68,0.37,11.21,27.28,4.214301598205626
2001-08-08,34.7,17.41,26.24,0.18,0.37,8.26,28.17,4.43820388223822
2001-08-09,25.63,14.77,20.22,0.44,0.37,10.22,16.43,2.0424317820949067
2001-08-10,25.99,12.48,19.62,1.91,0.37,9.33,19.86,2.1855462806889143
2001-08-11,30.56,16.04,23.15,0.39,0.37,13.07,25.98,2.876629061519278
2001-08-12,32.89,16.27,24.65,0.18,0.36,10.0,25.08,3.77123176499616
2001-08-13,28.32,16.57,22.71,2.69,0.37,13.9,22.69,2.2626724420524242
2001-08-14,29.03,17.88,22.72,0.75,0.37,12.72,19.7,2.5420698691802177
2001-08-15,29.22,17.0,22.52,1.34,0.37,8.93,24.01,2.9142442315393717
2001-08-16,27.06,14.4,20.97,4.04,0.37,11.04,18.3,2.2617010023376154
2001-08-17,29.72,14.05,21.7,0.82,0.37,8.49,26.12,3.0662943794663464
2001-08-18,32.81,14.36,23.89,0.0,0.37,3.96,27.74,4.165812494075866
2001-08-19,36.58,15.47,25.78,0.0,0.36,4.01,24.98,5.318850444773854
2001-08-20,36.38,20.51,26.71,0.31,0.36,7.48,21.71,5.03062611148578
2001-08-21,32.47,18.56,25.48,0.25,0.36,9.6,20.76,3.6870910668288874
2001-08-22,31.86,18.59,24.51,0.56,0.36,9.0,18.83,3.5692276686624975
2001-08-23,27.0,16.23,21.09,1.49,0.36,11.95,13.47,2.167393829377529
2001-08-24,33.84,15.43,23.92,0.02,0.36,5.7,26.49,4.356191256675981
2001-08-25,22.04,15.81,19.17,2.06,0.36,11.29,8.27,1.3121497041982149
2001-08-26,31.91,15.18,23.31,0.01,0.36,8.09,25.28,3.651284551924134
2001-08-27,33.86,16.89,24.93,0.11,0.35,4.43,26.33,4.439730542471991
2001-08-28,32.2,16.55,24.21,0.0,0.35,5.45,25.46,3.9086828737152763
2001-08-29,33.18,16.21,24.19,0.42,0.35,11.35,23.6,3.737589167851719
2001-08-30,28.94,14.09,21.26,0.48,0.35,9.83,23.09,2.7777655760431506
2001-08-31,23.25,15.74,19.62,9.05,0.36,14.57,21.23,1.1934956330955255
2001-09-01,31.36,15.56,23.06,0.41,0.37,8.79,22.93,3.453618133039087
2001-09-02,33.94,16.43,24.85,0.01,0.36,4.95,24.38,4.432244634132132
2001-09-03,33.26,16.93,24.89,0.0,0.36,6.7,24.35,4.122566037842994
2001-09-04,32.33,16.08,23.84,0.0,0.36,8.8,24.55,3.7115228026509004
2001-09-05,29.75,17.31,22.59,0.17,0.36,10.48,22.6,2.9145768266387897
2001-09-06,34.21,13.99,23.39,1.56,0.36,8.2,20.77,4.294302911516766
2001-09-07,16.31,8.49,12.79,11.69,0.37,5.75,12.93,0.9355565582220287
2001-09-08,10.98,3.55,6.92,8.98,0.39,2.4,6.69,0.5848714644581647
2001-09-09,23.09,3.25,13.07,0.0,0.39,-1.37,24.98,2.2722493928997807
2001-09-10,29.85,7.71,18.25,0.23,0.39,1.46,24.53,3.5278629570298965
2001-09-11,31.88,11.19,21.79,0.0,0.38,1.73,23.78,4.030505401462431
2001-09-12,30.9,12.59,21.47,0.04,0.38,4.33,23.3,3.634733440475297
2001-09-13,31.46,14.18,22.85,0.18,0.37,9.8,22.07,3.3999907689044537
2001-09-14,27.85,13.8,20.31,4.59,0.37,11.3,19.73,2.4079200106217806
2001-09-15,23.25,13.71,17.42,3.66,0.38,12.27,7.44,1.4244699219566221
2001-09-16,27.8,13.68,19.16,1.25,0.38,10.92,13.77,2.4303851765818454
2001-09-17,19.56,11.68,15.56,5.77,0.39,12.77,6.17,0.7999613099999876
2001-09-18,20.18,10.2,14.59,0.56,0.39,9.16,16.89,1.2039339643654805
2001-09-19,27.44,11.3,18.74,0.0,0.39,4.34,21.81,2.8254859599253117
2001-09-20,25.58,13.33,18.07,0.0,0.38,5.41,22.11,2.381286581282134
2001-09-21,29.82,11.7,20.25,0.13,0.38,8.79,20.87,3.0675795191882926
2001-09-22,28.01,12.63,19.95,0.03,0.38,4.17,20.53,2.959088274717552
2001-09-23,22.27,7.17,13.67,0.0,0.37,2.91,21.0,1.9348163856725829
2001-09-24,25.32,5.93,14.58,0.0,0.37,2.72,20.86,2.4858231176401837
2001-09-25,28.62,8.2,17.48,0.0,0.37,4.05,20.99,3.1024213880412663
2001-09-26,31.87,10.52,20.45,0.0,0.37,4.25,20.29,3.892274410199697
2001-09-27,32.24,14.05,21.75,0.0,0.36,2.55,19.84,4.085737554014567
2001-09-28,28.7,11.6,19.13,0.0,0.36,6.48,20.16,2.970110370403648
2001-09-29,27.16,11.4,17.88,0.01,0.36,6.25,13.93,2.6475260866751738
2001-09-30,26.22,10.96,17.97,0.02,0.36,7.54,18.62,2.365784550946314
2001-10-01,28.15,11.49,19.43,0.0,0.36,6.63,19.28,2.83638186961207
2001-10-02,29.76,13.34,20.19,0.0,0.36,1.14,17.55,3.5216301353998456
2001-10-03,26.43,8.42,16.35,0.05,0.36,1.94,19.45,2.7452190629851296
2001-10-04,14.82,3.74,9.44,0.94,0.36,2.88,11.41,0.9343469291939372
2001-10-05,10.71,0.77,4.57,0.95,0.36,-3.22,10.77,0.8059792511890936
2001-10-06,22.53,0.57,10.47,0.0,0.36,-3.25,19.06,2.2499926001193487
2001-10-07,27.06,8.48,17.29,0.14,0.36,1.23,16.34,2.9102196970799414
2001-10-08,26.12,10.81,17.89,0.37,0.36,1.9,17.7,2.684751136241116
2001-10-09,22.25,5.37,13.86,1.31,0.36,4.82,16.7,1.8230771938221415
2001-10-10,13.98,2.19,7.61,0.01,0.36,-1.62,17.76,1.0541005560284902
2001-10-11,21.23,3.74,11.6,0.03,0.36,-2.84,15.67,2.026852715890155
2001-10-12,11.08,1.42,6.24,1.42,0.36,-3.58,7.67,0.8508827454048669
2001-10-13,14.39,1.96,7.81,1.41,0.36,-3.64,11.82,1.1727932830050332
2001-10-14,17.27,-0.05,8.14,0.24,0.36,-3.45,16.73,1.4977135388179903
2001-10-15,9.54,-1.51,3.6,3.17,0.36,-5.4,17.27,0.7820668263234467
2001-10-16,20.97,-0.31,8.55,0.08,0.37,-5.53,16.35,2.077902721503884
2001-10-17,25.91,5.98,14.57,0.04,0.36,-3.68,13.65,2.878274846630083
2001-10-18,13.19,4.89,8.27,0.0,0.36,-1.38,15.32,0.9643766088169109
2001-10-19,19.8,4.49,11.09,0.0,0.36,-5.25,16.91,1.8962412022577342
2001-10-20,18.69,5.98,11.04,0.0,0.36,-1.38,9.78,1.6031424143291457
2001-10-21,15.35,1.98,8.93,0.0,0.36,0.48,12.55,1.1116854389351607
2001-10-22,22.43,6.37,13.33,0.05,0.36,0.9,14.16,2.0620398367983803
2001-10-23,23.43,6.05,13.13,0.03,0.36,-3.32,14.1,2.4052879788062524
2001-10-24,11.61,0.35,5.65,0.0,0.36,-10.6,16.59,1.094502383972967
2001-10-25,12.93,-2.62,4.16,0.0,0.36,-10.27,15.97,1.2112765460334591
2001-10-26,13.04,-2.7,4.83,0.0,0.36,-8.67,15.65,1.1843889966675545
2001-10-27,24.41,0.76,10.73,0.0,0.36,-5.64,15.07,2.657000690742723
2001-10-28,26.83,8.83,16.87,0.04,0.35,0.77,10.48,2.884047206859412
2001-10-29,14.38,4.11,8.04,0.04,0.35,0.31,12.17,1.01373670378426
2001-10-30,24.79,3.96,13.13,0.0,0.35,-0.23,7.99,2.5277169996836193
2001-10-31,23.58,7.39,16.1,0.05,0.35,-0.59,8.6,2.324451539451754
2001-11-01,18.64,5.54,11.19,0.0,0.35,-3.33,13.63,1.670828600667338
2001-11-02,17.85,3.18,9.97,0.03,0.35,-1.94,14.22,1.514845978763555
2001-11-03,18.09,4.79,9.94,0.0,0.35,-0.51,11.36,1.4872001736377345
2001-11-04,20.04,3.58,10.88,0.04,0.35,4.36,13.08,1.5099778171715896
2001-11-05,23.68,6.24,13.08,0.03,0.35,0.62,13.63,2.288166606196868
2001-11-06,21.91,6.91,12.78,0.09,0.35,0.23,13.25,2.008362233603148
2001-11-07,22.37,1.17,11.5,5.98,0.35,1.75,12.47,2.011032085875839
2001-11-08,6.78,-2.82,1.36,3.13,0.36,-6.25,9.96,0.6039872901580785
2001-11-09,17.4,-3.32,5.33,0.0,0.36,-9.82,12.96,1.6975808727769848
2001-11-10,16.42,-2.16,5.01,0.82,0.37,-6.77,13.77,1.4998205814418621
2001-11-11,17.86,0.83,7.76,0.0,0.37,-0.15,12.67,1.441726096564997
2001-11-12,19.65,3.39,10.07,0.0,0.37,0.12,12.48,1.67194252468965
2001-11-13,19.65,3.4,10.9,0.0,0.37,-1.14,10.28,1.7261528661651389
2001-11-14,17.78,3.61,8.9,0.02,0.37,0.21,11.09,1.4154123732294015
2001-11-15,17.62,5.75,10.19,0.0,0.37,5.75,11.71,1.0961393941277902
2001-11-16,15.02,6.6,9.51,0.04,0.36,6.59,7.19,0.7335431059335311
2001-11-17,16.35,4.1,8.67,0.01,0.36,3.44,11.44,1.0775780258469243
2001-11-18,10.32,-4.38,3.7,0.19,0.36,-2.81,9.2,0.7579286575446476
2001-11-19,9.62,-6.08,0.37,0.0,0.36,-6.89,12.42,0.8326093241953192
2001-11-20,17.93,-1.01,6.6,0.07,0.36,-9.47,12.37,1.756973023259246
2001-11-21,16.29,-0.99,7.06,0.0,0.36,-9.4,12.21,1.5526418965629365
2001-11-22,13.97,3.75,7.23,2.08,0.36,-4.99,4.38,1.173998859498127
2001-11-23,2.89,1.09,1.85,10.31,0.37,0.03,2.16,0.1397360589076474
2001-11-24,6.78,-2.7,1.71,0.06,0.38,-4.19,11.38,0.5390214475578239
2001-11-25,6.81,-3.1,-0.06,4.86,0.38,-3.66,4.84,0.5228404484477835
2001-11-26,-3.01,-10.4,-6.61,0.47,0.39,-10.2,8.14,0.20805087095494956
2001-11-27,-4.71,-11.44,-8.64,0.07,0.38,-14.11,10.21,0.22555248973757536
2001-11-28,-1.44,-13.31,-8.13,0.0,0.38,-13.0,10.88,0.3251864705150683
2001-11-29,5.7,-10.3,-3.18,0.21,0.38,-10.43,10.07,0.6397520724449475
2001-11-30,6.26,-3.89,0.82,0.13,0.38,-6.56,10.41,0.5782540798629999
2001-12-01,7.4,-2.15,1.66,0.03,0.38,-9.05,10.82,0.7217348899739764
2001-12-02,11.65,-0.19,4.01,0.0,0.38,-5.38,9.66,0.9613442683357902
2001-12-03,12.44,0.63,5.99,0.0,0.38,-4.46,2.93,1.0050131590096956
2001-12-04,14.55,-0.22,5.86,0.0,0.38,-5.01,10.21,1.235706443562835
2001-12-05,8.48,-2.06,2.32,0.09,0.38,-8.77,10.66,0.7935218222855258
2001-12-06,13.1,-1.17,4.13,0.0,0.38,-8.14,10.48,1.176860262472041
2001-12-07,6.59,-4.81,1.11,0.0,0.38,-6.14,9.81,0.5879184155242159
2001-12-08,7.48,-5.08,-0.19,0.0,0.38,-12.44,10.64,0.8004213919433874
2001-12-09,13.4,-1.95,3.49,0.0,0.38,-10.07,10.71,1.2532853137508542
2001-12-10,5.25,-4.03,-0.69,0.03,0.38,-7.31,10.12,0.53486595819785
2001-12-11,8.35,-3.25,1.47,0.5,0.37,-9.68,9.96,0.8055654817312186
2001-12-12,-1.8,-5.78,-3.82,1.42,0.37,-6.62,2.87,0.16317035659796497
2001-12-13,4.09,-5.56,-1.55,0.0,0.37,-11.27,9.88,0.5602421899294232
2001-12-14,10.08,-1.36,2.06,0.0,0.37,-7.75,9.66,0.8936216060213888
2001-12-15,7.43,-3.89,1.32,0.08,0.37,-6.96,8.28,0.669359444933536
2001-12-16,5.22,-5.26,-0.89,0.03,0.37,-8.01,10.23,0.5516912888237564
2001-12-17,12.75,-2.25,2.75,0.03,0.37,-7.28,9.88,1.1198460677936526
2001-12-18,4.8,-5.16,-0.18,0.0,0.37,-5.43,6.6,0.4525873093746761
2001-12-19,10.17,-4.31,1.0,0.0,0.37,-7.85,10.16,0.9037245798404305
2001-12-20,6.97,-3.56,0.75,0.0,0.37,-7.08,9.62,0.6406745636744194
2001-12-21,14.26,-2.04,3.16,0.27,0.37,-6.67,7.38,1.2551094108140177
2001-12-22,2.66,-6.9,-2.68,0.39,0.37,-8.26,7.27,0.412022925270275
2001-12-23,3.21,-7.94,-3.24,0.0,0.37,-12.15,8.88,0.5286127884925997
2001-12-24,0.82,-5.83,-3.19,0.01,0.37,-11.05,8.85,0.38544999334183894
2001-12-25,1.53,-6.14,-3.31,0.0,0.37,-10.52,7.05,0.40811613842232747
2001-12-26,6.48,-6.43,-0.84,0.0,0.37,-10.86,9.21,0.6998415801947051
2001-12-27,4.98,-5.82,-0.62,0.0,0.37,-10.23,9.71,0.5905533260475786
2001-12-28,7.67,-6.82,-1.27,0.05,0.37,-10.39,6.01,0.7719020288005662
2001-12-29,0.54,-10.29,-6.0,0.2,0.37,-13.26,9.34,0.4154448444970303
2001-12-30,-2.26,-9.55,-6.67,0.21,0.37,-11.66,6.78,0.2671265586078701
2001-12-31,1.91,-10.52,-5.45,0.03,0.37,-9.9,10.23,0.4131240744864836
2002-01-01,-2.97,-11.73,-6.12,0.36,0.37,-10.86,7.39,0.22392257294535467
2002-01-02,-0.22,-13.77,-7.64,0.0,0.37,-15.76,10.42,0.4222998863674354
2002-01-03,9.48,-7.16,-0.34,0.0,0.37,-11.59,10.67,0.9341908016855183
2002-01-04,2.94,-1.73,0.47,0.14,0.37,-4.74,7.22,0.3249796734430167
2002-01-05,4.06,-3.22,-0.52,0.01,0.37,-9.88,10.46,0.5282598640376497
2002-01-06,3.91,-4.02,-0.62,0.01,0.37,-7.58,10.4,0.4626500336428772
2002-01-07,12.17,-0.48,3.86,0.0,0.37,-3.47,9.89,0.945652206043109
2002-01-08,17.82,2.77,8.64,0.54,0.37,-2.68,10.09,1.5392972508981282
2002-01-09,14.55,0.48,6.57,0.96,0.37,-1.47,5.32,1.1080998580306227
2002-01-10,5.11,-3.55,-0.08,0.74,0.37,-5.05,9.98,0.4594518146578648
2002-01-11,9.56,-3.12,1.04,0.0,0.37,-10.14,10.74,0.9096688116886202
2002-01-12,7.55,-4.78,0.85,0.03,0.37,-6.29,10.71,0.6586675109263151
2002-01-13,6.02,-3.28,1.7,0.0,0.37,-8.3,10.57,0.609775532451736
2002-01-14,2.59,-5.32,-2.37,0.0,0.37,-9.95,9.49,0.4491516563225883
2002-01-15,-0.8,-7.34,-4.92,0.04,0.37,-9.78,5.53,0.28540445998695235
2002-01-16,-1.75,-9.85,-5.73,0.01,0.37,-11.58,10.54,0.2854146408861064
2002-01-17,-0.32,-9.26,-5.26,0.0,0.37,-12.53,11.41,0.3634877880107798
2002-01-18,1.72,-10.04,-4.72,0.04,0.37,-13.0,9.24,0.4671355272888418
2002-01-19,4.91,-9.4,-3.35,0.01,0.37,-16.25,11.73,0.6952394411440082
2002-01-20,2.95,-4.49,-1.58,0.04,0.37,-13.68,11.0,0.542723513155362
2002-01-21,9.62,-5.07,0.75,0.0,0.37,-11.01,12.22,0.9334217796748099
2002-01-22,13.6,-3.49,3.14,0.43,0.37,-7.34,10.15,1.2056120363831093
2002-01-23,-0.73,-5.52,-3.63,0.37,0.37,-11.65,6.93,0.32868093594647224
2002-01-24,4.36,-7.99,-2.07,0.0,0.37,-13.77,12.59,0.6233027137678038
2002-01-25,14.59,-3.22,3.35,0.0,0.37,-8.73,12.23,1.3450334461840887
2002-01-26,17.32,1.56,6.43,0.0,0.37,-8.5,11.75,1.655815742589375
2002-01-27,15.69,-3.5,6.0,0.0,0.37,-7.8,5.29,1.4429781986278991
2002-01-28,11.73,-4.64,2.39,0.0,0.37,-7.14,10.45,1.0203282197861316
2002-01-29,0.61,-8.99,-4.9,0.05,0.37,-10.58,8.11,0.3656219952411301
2002-01-30,-4.48,-8.62,-6.43,1.47,0.37,-11.67,3.0,0.18808509512772537
2002-01-31,-1.97,-8.66,-6.28,2.7,0.37,-14.26,5.81,0.3261072071731667
2002-02-01,3.98,-9.36,-3.66,0.0,0.37,-13.69,7.97,0.599932920002148
2002-02-02,4.8,-5.36,-1.6,0.0,0.37,-10.09,5.66,0.5765296437260216
2002-02-03,5.96,-6.67,-1.27,0.0,0.37,-9.49,11.8,0.6350438265289267
2002-02-04,6.8,-5.44,-0.6,0.0,0.37,-9.95,12.83,0.7013364517669671
2002-02-05,2.64,-4.39,-1.51,0.0,0.37,-9.52,11.73,0.44184741018208185
2002-02-06,8.0,-7.18,-0.1,0.0,0.37,-11.7,14.75,0.8233538753111769
2002-02-07,13.65,-1.21,4.16,0.0,0.37,-9.93,14.98,1.2753542801037758
2002-02-08,14.26,-2.08,4.51,0.28,0.37,-9.77,10.9,1.334811783740091
2002-02-09,-0.36,-5.65,-2.48,1.28,0.37,-9.26,7.99,0.29205542590500233
2002-02-10,4.72,-6.06,-1.57,0.0,0.37,-11.79,14.9,0.6077943440642664
2002-02-11,15.56,-3.48,4.09,0.03,0.37,-10.14,9.75,1.4852562299211065
2002-02-12,1.43,-5.44,-2.62,0.0,0.37,-11.44,12.81,0.42268432534973316
2002-02-13,9.27,-4.67,0.88,0.0,0.37,-12.04,15.93,0.926500667617465
2002-02-14,5.31,-4.23,1.42,0.03,0.37,-9.84,8.77,0.6020107111885684
2002-02-15,10.01,-5.2,0.63,0.0,0.37,-11.24,16.41,0.9699787525172576
2002-02-16,12.92,-3.8,2.46,0.0,0.37,-11.63,16.52,1.2391265995879872
2002-02-17,17.55,-1.75,6.76,0.0,0.37,-8.54,14.36,1.6857539059086049
2002-02-18,14.82,0.44,6.37,0.13,0.36,-6.93,12.26,1.3223752737088148
2002-02-19,7.16,-2.73,1.26,0.5,0.37,-4.22,12.61,0.566128341201946
2002-02-20,10.18,-2.48,3.34,0.09,0.37,-5.68,13.7,0.8429352689020118
2002-02-21,7.36,-3.6,0.88,0.06,0.36,-9.88,16.25,0.7384534112987524
2002-02-22,17.63,-3.12,6.25,0.0,0.36,-8.31,14.95,1.6900837878439634
2002-02-23,16.86,1.38,9.21,0.18,0.36,-6.41,9.04,1.5424442909457106
2002-02-24,5.41,-5.17,-1.19,0.51,0.36,-6.58,10.91,0.5243470788629194
2002-02-25,-5.42,-14.51,-9.83,0.84,0.36,-16.64,10.69,0.24185640523847762
2002-02-26,-2.72,-15.46,-9.85,0.01,0.36,-21.06,13.48,0.3863415031637216
2002-02-27,1.26,-8.6,-4.2,0.05,0.36,-14.12,15.24,0.4643116703752214
2002-02-28,8.55,-8.07,-1.01,0.2,0.36,-11.45,14.19,0.8591416450986906
2002-03-01,-4.78,-14.37,-11.16,1.87,0.36,-15.61,7.32,0.24722424000018658
2002-03-02,-8.09,-16.07,-12.19,0.1,0.36,-18.64,14.95,0.1919001701507201
2002-03-03,-2.74,-12.96,-7.9,0.02,0.36,-17.5,14.63,0.34477764665151045
2002-03-04,9.39,-7.46,0.57,0.0,0.36,-11.74,19.04,0.9300481764119819
2002-03-05,13.86,-0.51,5.04,0.0,0.37,-9.07,18.68,1.2766469747378308
2002-03-06,14.46,-2.85,4.6,0.0,0.37,-9.16,18.51,1.3416332621728535
2002-03-07,17.97,-3.07,5.49,0.0,0.36,-6.15,14.27,1.6743133476633003
2002-03-08,15.26,-10.9,-0.07,0.62,0.36,-8.26,4.91,1.406450466600073
2002-03-09,7.41,-9.46,-1.94,0.0,0.36,-15.71,20.14,0.8508786800093129
2002-03-10,17.79,-4.51,5.1,0.02,0.36,-9.59,17.3,1.741754854048751
2002-03-11,12.49,-1.07,5.33,0.0,0.36,-7.06,20.43,1.0888517796677006
2002-03-12,20.2,-0.6,9.21,0.0,0.36,-7.05,14.67,2.0074318782116984
2002-03-13,13.27,-1.72,5.03,0.0,0.36,-2.48,18.4,1.0154665614600702
2002-03-14,3.41,-5.47,-2.15,1.11,0.36,-7.9,13.59,0.44311870985757107
2002-03-15,2.12,-5.89,-3.09,0.05,0.36,-9.7,16.38,0.4191421728019599
2002-03-16,7.74,-6.03,-0.01,0.03,0.36,-9.34,20.34,0.7528982790681058
2002-03-17,9.27,-5.05,1.85,0.0,0.36,-10.4,18.51,0.892397312999957
2002-03-18,9.51,-3.57,1.84,0.06,0.36,-8.25,18.2,0.860311754289731
2002-03-19,10.48,-4.32,2.22,0.03,0.36,-8.01,21.8,0.9339162753086927
2002-03-20,17.67,-2.74,6.45,0.0,0.36,-9.08,22.9,1.7142997366017818
2002-03-21,-3.73,-12.04,-7.67,0.0,0.36,-14.04,20.26,0.25740415069883504
2002-03-22,12.55,-7.42,1.21,0.0,0.36,-11.35,20.75,1.1977149011481512
2002-03-23,23.02,-0.46,9.13,0.9,0.36,-6.14,16.31,2.426756169788474
2002-03-24,-1.17,-6.36,-3.33,4.51,0.36,-6.51,4.24,0.1854441503040487
2002-03-25,2.5,-8.34,-4.32,0.51,0.36,-8.85,12.48,0.41843843618607385
2002-03-26,14.43,-4.96,4.84,0.0,0.36,-6.17,20.37,1.2585685456251716
2002-03-27,21.36,-0.09,10.02,0.05,0.36,-6.31,20.91,2.1614573227816187
2002-03-28,21.4,-0.97,10.07,0.0,0.36,-4.74,24.18,2.1192046617790763
2002-03-29,13.14,-1.82,5.44,0.0,0.36,-3.4,23.08,1.0363450397508556
2002-03-30,14.96,-1.25,6.72,0.0,0.36,-3.69,21.52,1.2359860823519613
2002-03-31,19.3,-2.76,7.32,0.0,0.36,-3.67,22.48,1.7731858714326045
2002-04-01,25.39,2.24,14.59,0.0,0.36,-6.26,24.09,2.8595732884138245
2002-04-02,3.75,-5.09,-1.08,0.01,0.36,-10.14,15.75,0.516507713291094
2002-04-03,6.73,-7.29,-0.61,0.0,0.36,-13.01,23.14,0.7591273543016717
2002-04-04,16.23,-5.63,4.73,0.0,0.35,-8.23,25.47,1.5167508995163579
2002-04-05,21.03,-0.71,10.32,0.01,0.35,-2.5,25.2,1.9833845550664362
2002-04-06,24.72,4.63,14.22,0.27,0.35,1.26,18.67,2.4461932056196054
2002-04-07,16.23,6.07,11.23,0.37,0.35,4.57,10.76,0.9986998555803787
2002-04-08,13.78,4.99,7.95,0.06,0.35,2.88,5.71,0.8245875105256302
2002-04-09,23.2,3.81,13.13,0.0,0.35,-1.29,25.43,2.2878220890473338
2002-04-10,25.73,8.8,16.39,0.12,0.35,0.19,16.24,2.688862819608482
2002-04-11,19.77,6.9,12.47,0.94,0.35,2.3,23.74,1.5842603861076696
2002-04-12,22.25,4.49,13.82,0.42,0.35,1.72,22.23,1.9928622475731954
2002-04-13,23.66,9.57,16.28,0.1,0.35,0.02,25.63,2.3118729241142155
2002-04-14,28.53,8.78,18.89,0.0,0.35,-2.63,21.02,3.3948391875904105
2002-04-15,31.4,13.57,22.24,0.0,0.35,-4.45,26.54,4.1568194440538315
2002-04-16,23.75,6.56,16.32,0.35,0.34,-5.27,21.23,2.526815796376491
2002-04-17,25.1,3.95,15.05,0.0,0.34,-4.12,27.75,2.7365235532886536
2002-04-18,24.57,2.66,14.11,0.26,0.34,-5.99,27.64,2.6969954853889995
2002-04-19,10.25,-0.64,3.59,0.37,0.34,-4.66,15.26,0.8165093845284999
2002-04-20,6.68,-1.78,1.98,0.79,0.34,-2.29,6.5,0.4638604803795827
2002-04-21,15.35,-1.24,7.09,0.01,0.34,-6.4,22.87,1.3657041411623847
2002-04-22,21.56,-0.09,11.42,0.0,0.34,-7.88,28.56,2.2363416718104587
2002-04-23,27.07,4.83,16.56,0.0,0.34,-6.95,28.24,3.217260283464568
2002-04-24,13.73,0.27,7.13,0.0,0.34,-8.42,28.84,1.2472303027991969
2002-04-25,13.23,-1.61,5.47,0.39,0.34,-6.73,17.28,1.1514961480669388
2002-04-26,21.04,-1.04,10.38,2.95,0.34,2.76,17.11,1.748166644221223
2002-04-27,20.35,2.54,10.96,3.04,0.35,1.09,16.75,1.7284381182820523
2002-04-28,23.38,0.59,12.31,0.01,0.35,-1.03,26.81,2.3081581454785627
2002-04-29,22.39,4.67,14.05,0.0,0.35,-2.27,25.59,2.190474362299176
2002-04-30,24.93,6.65,15.4,0.04,0.35,0.83,27.91,2.5058975481903456
2002-05-01,13.51,1.74,8.51,0.86,0.35,2.51,8.93,0.8166605044331047
2002-05-02,17.57,0.3,8.97,0.02,0.35,-3.25,26.03,1.5282776671819902
2002-05-03,22.88,4.59,14.62,0.0,0.35,-4.14,28.3,2.3396168681209115
2002-05-04,19.82,6.1,12.47,0.0,0.34,0.74,29.22,1.6678648947790997
2002-05-05,29.02,5.48,17.91,0.0,0.34,-2.05,28.35,3.4848483707746225
2002-05-06,29.24,7.8,19.31,0.0,0.34,-3.74,28.18,3.5983399377163714
2002-05-07,26.11,8.03,14.74,0.11,0.34,4.11,17.19,2.563780531409603
2002-05-08,18.29,4.47,10.58,0.11,0.34,-6.56,25.22,1.7281044389333735
2002-05-09,17.38,-1.06,8.7,0.05,0.34,-9.03,29.22,1.676426489437541
2002-05-10,23.13,5.44,14.13,0.4,0.34,0.56,21.33,2.1954575928878275
2002-05-11,20.81,6.15,12.99,0.14,0.34,2.76,23.24,1.7131722001293683
2002-05-12,15.21,3.44,8.58,0.39,0.34,-1.83,19.71,1.194455894271432
2002-05-13,22.76,2.47,13.59,0.0,0.34,-4.79,30.54,2.340971570485275
2002-05-14,26.2,7.63,17.19,0.19,0.34,-1.61,19.97,2.858555583606186
2002-05-15,28.78,9.25,18.81,1.4,0.34,2.88,22.93,3.2036946068453256
2002-05-16,18.62,6.68,12.29,4.93,0.34,5.97,19.63,1.212667840698898
2002-05-17,19.28,6.14,11.58,0.66,0.35,2.98,20.05,1.479381253883565
2002-05-18,26.37,5.57,15.59,0.0,0.35,2.36,29.53,2.7116364706390863
2002-05-19,27.1,6.84,17.26,0.1,0.35,3.71,29.14,2.789500596375294
2002-05-20,25.04,8.05,15.92,0.06,0.35,5.43,22.83,2.2764898495973727
2002-05-21,28.7,10.65,20.19,0.19,0.34,4.35,23.07,3.103239073895501
2002-05-22,25.08,6.7,16.29,0.02,0.34,-8.56,32.4,2.8628518998195553
2002-05-23,20.17,5.31,13.09,0.41,0.34,-2.71,30.03,1.8626729161567586
2002-05-24,10.85,1.68,5.96,1.63,0.34,0.21,8.14,0.6794843072870981
2002-05-25,24.68,4.04,15.39,0.0,0.34,-2.0,29.51,2.580486465791849
2002-05-26,29.32,8.53,19.54,0.13,0.34,0.05,27.92,3.4673253592152595
2002-05-27,29.07,11.62,19.91,0.25,0.34,2.1,23.31,3.3112027337995267
2002-05-28,30.99,10.71,21.23,0.15,0.34,1.63,28.4,3.8028616254159995
2002-05-29,32.15,14.06,23.34,0.02,0.34,1.87,24.96,4.096123798451049
2002-05-30,34.13,16.83,25.7,0.0,0.34,4.02,31.17,4.543476852682286
2002-05-31,37.01,19.29,28.07,0.04,0.33,4.31,30.06,5.447056107840268
2002-06-01,39.83,18.16,30.0,0.15,0.33,3.06,24.12,6.548050842058975
2002-06-02,37.6,19.68,29.07,0.49,0.33,-2.2,26.74,5.963151543459099
2002-06-03,26.51,11.96,19.82,10.99,0.34,11.67,21.1,2.0917875747683734
2002-06-04,17.73,10.37,13.7,22.93,0.39,9.36,10.25,0.852926988973532
2002-06-05,24.45,9.53,17.15,1.28,0.4,7.61,29.11,2.0208639504989803
2002-06-06,31.62,12.1,22.42,0.0,0.39,6.35,30.89,3.6956098035473652
2002-06-07,35.94,14.83,26.06,0.0,0.38,5.28,30.51,5.031959573142667
2002-06-08,35.39,12.05,24.84,0.01,0.37,6.95,30.94,4.74659596619335
2002-06-09,37.81,19.11,28.58,0.0,0.36,3.11,31.64,5.793295556195602
2002-06-10,28.52,13.87,20.7,0.25,0.36,3.29,31.9,3.1223915153410458
2002-06-11,28.57,12.58,21.12,2.95,0.36,8.59,30.32,2.790561866429861
2002-06-12,29.71,12.72,20.81,5.06,0.36,6.95,29.21,3.1745714050256644
2002-06-13,24.59,11.91,17.86,0.53,0.36,5.22,23.64,2.205435699247058
2002-06-14,28.46,10.46,20.1,0.09,0.36,6.78,30.62,2.895535469046742
2002-06-15,31.07,13.47,21.27,2.4,0.36,10.65,23.99,3.228042889256276
2002-06-16,29.68,11.14,20.95,0.1,0.36,6.32,28.67,3.2097751582910523
2002-06-17,35.59,15.35,26.11,0.06,0.35,3.81,30.39,5.006198672341399
2002-06-18,36.6,17.37,27.54,0.25,0.35,0.68,30.98,5.4976912362244414
2002-06-19,32.75,16.38,24.79,6.61,0.35,8.7,30.12,3.835038890085228
2002-06-20,30.86,15.15,23.13,7.83,0.37,12.75,24.64,2.9834562082908267
2002-06-21,35.44,19.09,26.68,0.08,0.37,10.42,26.8,4.497916508500777
2002-06-22,36.21,21.19,27.78,0.15,0.36,10.52,23.63,4.738380230165305
2002-06-23,34.87,17.76,26.71,0.01,0.36,8.44,26.0,4.477062805615702
2002-06-24,37.35,18.09,27.82,0.15,0.35,5.77,25.76,5.475104731314194
2002-06-25,35.97,17.24,26.98,0.94,0.35,9.99,27.58,4.704085741206957
2002-06-26,33.77,18.15,26.08,0.52,0.35,9.85,26.7,4.035844160947271
2002-06-27,34.98,18.5,27.08,0.01,0.35,8.51,29.65,4.505862891737991
2002-06-28,35.92,18.65,27.6,0.02,0.34,8.85,29.11,4.778491572235745
2002-06-29,37.33,19.64,28.67,0.0,0.34,8.65,29.68,5.267286388164329
2002-06-30,37.76,19.78,29.04,0.0,0.34,6.97,29.64,5.539470170345499
2002-07-01,38.34,19.61,29.27,0.0,0.34,10.74,29.08,5.45732673171624
2002-07-02,38.43,19.98,29.48,0.1,0.34,10.57,26.7,5.504689317897869
2002-07-03,35.23,20.89,28.08,0.05,0.34,12.04,29.34,4.2882858213830914
2002-07-04,30.53,17.24,23.56,0.09,0.34,12.71,25.04,2.904176359847549
2002-07-05,30.79,15.86,23.11,0.92,0.34,14.0,18.58,2.840554394165994
2002-07-06,25.25,18.25,21.96,4.07,0.34,15.63,20.92,1.4395002632624216
2002-07-07,30.38,17.19,24.1,0.26,0.34,13.38,28.15,2.8010177322319656
2002-07-08,35.15,16.64,26.56,0.05,0.34,13.51,29.86,4.12098878731528
2002-07-09,37.69,20.14,29.46,0.04,0.34,11.38,29.36,5.168269759939809
2002-07-10,32.79,19.88,26.2,1.83,0.34,13.68,28.55,3.405489632929257
2002-07-11,31.87,17.72,24.6,0.16,0.34,9.49,28.54,3.5333354158665022
2002-07-12,32.88,14.05,23.65,0.0,0.34,6.22,31.33,4.046940643282682
2002-07-13,33.88,14.59,24.62,0.01,0.34,5.79,31.3,4.362221682951968
2002-07-14,34.73,16.03,25.78,0.0,0.34,7.35,30.98,4.513121781182717
2002-07-15,35.99,17.51,27.0,0.0,0.34,10.61,30.32,4.6586702801765405
2002-07-16,36.39,18.93,28.04,0.0,0.33,8.97,30.76,4.923572827419162
2002-07-17,36.09,18.54,27.88,0.02,0.33,6.47,31.07,5.004420603159378
2002-07-18,37.21,18.96,28.89,0.07,0.33,6.67,30.86,5.367562409051469
2002-07-19,37.47,20.85,29.61,0.0,0.33,6.79,30.36,5.449737676845418
2002-07-20,38.09,20.21,29.8,0.17,0.33,8.79,29.23,5.525190644347544
2002-07-21,31.86,19.34,25.31,0.41,0.33,12.96,27.74,3.2234317324052824
2002-07-22,31.35,16.99,23.89,0.0,0.33,8.86,28.42,3.4456423627429866
2002-07-23,30.75,17.99,24.31,0.1,0.33,8.85,25.3,3.292565890184382
2002-07-24,37.9,18.2,28.49,0.02,0.33,8.45,29.85,5.48292513182703
2002-07-25,39.46,21.18,29.94,0.11,0.33,6.35,27.84,6.207958101552719
2002-07-26,33.95,19.07,26.66,0.58,0.33,9.08,26.1,4.150189678608854
2002-07-27,34.9,20.89,27.65,0.17,0.33,5.67,24.36,4.6777194100157935
2002-07-28,35.27,18.75,26.39,1.02,0.33,5.19,24.43,4.823185654323259
2002-07-29,36.03,16.36,27.06,0.14,0.33,7.72,28.44,4.898301700857239
2002-07-30,37.85,20.29,29.7,0.0,0.33,8.0,28.38,5.498444332380822
2002-07-31,39.9,20.7,30.79,0.0,0.33,3.71,27.91,6.539585397829587
2002-08-01,25.92,17.05,21.75,0.0,0.33,0.81,24.45,2.697817126747628
2002-08-02,30.88,14.0,22.28,0.12,0.33,5.6,24.22,3.552463623473826
2002-08-03,34.01,18.67,26.23,1.82,0.33,11.57,22.61,3.9589353060913637
2002-08-04,34.11,18.38,26.28,6.67,0.34,12.3,24.21,3.9213742410409695
2002-08-05,34.54,19.06,26.21,0.36,0.35,13.62,26.88,3.92168594736585
2002-08-06,34.67,20.24,27.1,0.02,0.34,8.89,27.37,4.381377799956754
2002-08-07,34.49,19.04,26.55,0.3,0.34,9.05,26.15,4.314168526916442
2002-08-08,34.9,18.02,26.51,0.42,0.34,10.44,23.77,4.3270373059491805
2002-08-09,30.89,15.65,22.97,1.49,0.34,10.67,17.48,3.1803393130532354
2002-08-10,33.51,15.83,24.9,0.55,0.34,10.5,27.08,3.906126083034976
2002-08-11,36.28,18.25,27.06,0.07,0.34,7.52,27.53,4.994678758286404
2002-08-12,25.06,12.93,19.15,0.24,0.34,6.74,24.01,2.1950047261220993
2002-08-13,24.72,9.89,17.4,0.32,0.34,2.48,25.94,2.385075005381053
2002-08-14,35.11,14.84,24.79,0.0,0.34,3.41,27.91,4.8768548613945795
2002-08-15,29.53,14.3,21.42,0.0,0.34,7.28,27.8,3.108727235004438
2002-08-16,38.86,15.68,27.23,0.04,0.33,5.74,27.41,6.020685527735075
2002-08-17,27.6,12.6,19.66,0.0,0.33,-2.99,27.15,3.2027898410069673
2002-08-18,37.91,12.54,23.93,0.03,0.33,0.47,18.15,5.960574568521276
2002-08-19,32.34,13.52,22.56,0.19,0.33,7.1,23.36,3.838136294473573
2002-08-20,33.85,18.65,25.02,2.41,0.33,12.6,23.77,3.8159670739138387
2002-08-21,32.84,19.0,25.0,0.19,0.34,9.42,20.54,3.804135134583646
2002-08-22,30.69,14.96,22.53,3.94,0.34,10.09,24.78,3.178521665860333
2002-08-23,29.97,16.63,22.93,4.0,0.34,12.07,21.78,2.8267184232448965
2002-08-24,26.09,16.52,20.47,11.72,0.36,14.4,22.24,1.7387885549720201
2002-08-25,30.31,15.51,22.57,0.73,0.36,13.89,24.83,2.7318672380270588
2002-08-26,30.91,16.92,22.97,3.81,0.36,15.28,23.28,2.73329247514031
2002-08-27,26.62,15.73,20.73,2.42,0.37,12.98,22.36,1.9908110563811323
2002-08-28,27.97,14.07,20.98,7.42,0.37,14.41,17.83,2.1316946998742052
2002-08-29,27.27,16.57,20.96,5.49,0.38,15.09,21.84,1.90695424315121
2002-08-30,29.11,15.58,21.67,4.06,0.39,11.65,23.2,2.6606909706566064
2002-08-31,32.35,14.77,23.75,1.03,0.38,11.24,23.03,3.515824114748244
2002-09-01,32.28,17.64,23.57,0.0,0.37,6.42,20.41,3.8678759674432834
2002-09-02,29.56,15.71,21.64,0.0,0.37,5.36,24.47,3.242672682465224
2002-09-03,31.83,13.13,22.4,0.04,0.36,7.19,22.98,3.6942840512293236
2002-09-04,32.66,18.12,25.2,0.05,0.36,8.8,18.99,3.802366738246248
2002-09-05,34.17,15.73,24.91,0.0,0.36,6.19,23.85,4.422334987888641
2002-09-06,33.56,16.4,25.07,0.0,0.35,9.38,23.79,4.012454520892663
2002-09-07,35.26,17.94,25.97,0.03,0.35,10.48,23.24,4.435963384337776
2002-09-08,32.28,18.19,23.97,13.79,0.36,12.53,21.85,3.378187359827133
2002-09-09,22.16,13.14,17.8,3.0,0.37,13.81,5.22,1.090825017238345
2002-09-10,18.06,11.57,14.12,1.99,0.38,8.59,10.14,0.9551421508823728
2002-09-11,23.87,9.82,16.34,2.4,0.38,10.11,18.7,1.7236699579988701
2002-09-12,24.81,13.15,18.53,8.64,0.38,12.85,18.96,1.6489652444205314
2002-09-13,20.05,12.86,15.89,2.81,0.39,10.45,17.34,1.0800423405723603
2002-09-14,23.26,9.95,15.72,0.21,0.39,5.58,21.23,1.9456582304499093
2002-09-15,28.14,8.76,17.86,0.02,0.38,2.34,22.46,3.087855474623971
2002-09-16,29.7,10.52,19.58,0.0,0.38,1.12,22.4,3.508179051629254
2002-09-17,30.04,11.21,20.51,0.04,0.37,2.56,21.67,3.518382811977749
2002-09-18,22.79,9.64,16.01,0.31,0.37,4.02,11.84,1.959543655438725
2002-09-19,19.41,6.9,12.67,0.09,0.36,-0.44,22.24,1.6627168062218936
2002-09-20,26.73,8.62,16.94,0.0,0.36,0.74,22.5,2.8647640821980893
2002-09-21,18.56,5.77,11.4,0.0,0.36,0.94,21.59,1.4839228617201785
2002-09-22,22.26,2.87,11.73,0.0,0.36,1.54,21.37,2.0033752933970383
2002-09-23,20.86,5.41,12.69,1.62,0.36,0.75,21.48,1.820743869269428
2002-09-24,28.76,7.65,17.8,0.04,0.36,3.66,20.9,3.1564517117640465
2002-09-25,18.75,7.4,12.74,0.22,0.36,3.58,18.5,1.3738230179793398
2002-09-26,17.48,3.91,9.92,0.31,0.36,3.37,14.61,1.2195664933562234
2002-09-27,25.64,6.65,15.2,0.08,0.36,4.47,18.16,2.45000500288649
2002-09-28,23.08,10.07,14.63,0.3,0.36,3.86,17.91,2.017778352859707
2002-09-29,27.38,7.56,17.55,0.01,0.35,1.91,19.99,2.944490845143626
2002-09-30,26.21,11.0,17.78,0.08,0.35,0.4,18.68,2.7745833327910847
2002-10-01,21.52,6.0,13.75,2.11,0.35,3.0,18.74,1.809793268850295
2002-10-02,12.01,2.68,6.36,2.27,0.36,1.51,6.13,0.7222125829783282
2002-10-03,18.65,4.19,9.29,1.71,0.36,2.64,10.3,1.4112456608981359
2002-10-04,17.31,3.3,9.71,0.04,0.36,-0.2,19.07,1.3741592242114784
2002-10-05,22.47,4.08,13.25,0.01,0.36,1.03,18.71,2.0624945335302796
2002-10-06,18.87,5.29,11.16,0.02,0.36,0.94,18.48,1.5257639236746874
2002-10-07,24.03,6.18,13.64,0.02,0.36,1.13,19.08,2.3263988632743056
2002-10-08,23.98,8.44,14.55,0.15,0.35,0.96,17.35,2.325521475580665
2002-10-09,22.42,9.41,14.3,0.18,0.35,8.46,8.8,1.6055312455507973
2002-10-10,26.0,7.83,16.1,0.09,0.35,3.22,17.1,2.59176012208322
2002-10-11,28.23,8.08,17.32,0.0,0.35,-0.43,15.94,3.238899090684404
2002-10-12,12.04,1.69,6.46,0.0,0.35,-2.4,17.88,0.8942698919046269
2002-10-13,18.5,1.0,8.86,0.0,0.35,-3.26,16.5,1.6495730461520075
2002-10-14,17.66,3.39,9.68,0.08,0.35,-5.99,18.18,1.629729846782857
2002-10-15,16.14,0.11,7.26,0.0,0.35,-4.47,17.63,1.3961756129386318
2002-10-16,13.58,1.48,6.24,0.0,0.35,-4.47,15.48,1.1171169661606613
2002-10-17,19.85,-0.47,8.5,0.0,0.35,-3.73,17.3,1.853078646899637
2002-10-18,21.56,4.02,11.12,0.04,0.35,-5.32,17.47,2.1627987744263364
2002-10-19,16.6,1.13,7.91,0.0,0.35,-0.31,16.31,1.2919956601306635
2002-10-20,21.6,3.15,11.05,0.0,0.34,-2.37,16.09,2.0670131479048908
2002-10-21,14.4,1.72,7.33,0.0,0.34,-1.12,15.44,1.077805484733064
2002-10-22,9.67,-2.67,4.26,1.4,0.34,0.73,2.47,0.5570480667066164
2002-10-23,2.85,-4.53,-2.07,0.51,0.35,-6.18,4.36,0.3648382138469261
2002-10-24,7.53,-5.28,-0.34,0.04,0.35,-4.94,7.86,0.6158093721590802
2002-10-25,14.75,-1.94,4.96,0.04,0.35,-3.88,14.99,1.2197102875307342
2002-10-26,13.05,-0.19,6.17,1.29,0.35,1.42,7.67,0.8257937711738884
2002-10-27,9.22,0.96,3.92,4.92,0.35,1.23,5.16,0.49754532828239695
2002-10-28,14.98,1.29,6.76,1.47,0.36,1.7,10.96,1.0125172566578422
2002-10-29,3.73,-6.83,0.46,13.98,0.37,-2.3,2.22,0.2821221601040589
2002-10-30,-4.18,-9.73,-7.2,0.95,0.37,-10.44,4.99,0.17224789678758629
2002-10-31,-2.61,-8.52,-6.54,1.85,0.37,-9.47,3.86,0.20611758239350303
2002-11-01,-2.13,-8.63,-5.69,0.17,0.37,-8.98,5.01,0.21268032860905545
2002-11-02,1.37,-5.23,-3.04,0.19,0.37,-5.16,4.91,0.2583666395831867
2002-11-03,3.67,-6.32,-2.1,0.06,0.38,-10.18,12.46,0.5129066192435371
2002-11-04,4.84,-4.8,-1.08,0.04,0.38,-7.98,5.65,0.5277272911884392
2002-11-05,8.02,-3.26,0.64,0.01,0.38,-8.36,13.22,0.7491298716224126
2002-11-06,14.13,-1.03,5.01,0.03,0.38,-6.73,13.65,1.2431827798696673
2002-11-07,22.75,0.26,10.03,0.0,0.38,-7.24,12.89,2.4125319957878157
2002-11-08,18.69,4.47,10.72,0.01,0.37,-2.77,11.52,1.6571561320892365
2002-11-09,17.27,2.58,9.36,1.02,0.37,-1.56,10.05,1.4262975955793613
2002-11-10,11.12,0.68,5.24,0.06,0.37,-6.02,11.8,0.9335723464686736
2002-11-11,7.47,-2.71,1.52,0.55,0.37,-4.52,8.56,0.5978747531745128
2002-11-12,10.88,-3.1,2.28,0.0,0.37,-9.26,13.34,0.9993538704065751
2002-11-13,13.2,0.52,6.46,2.21,0.37,-2.51,5.39,1.0096489526204038
2002-11-14,7.82,-0.37,3.7,0.6,0.37,-1.09,11.56,0.4956755716774256
2002-11-15,5.39,-2.75,1.68,0.11,0.37,-3.9,8.97,0.43865359201002435
2002-11-16,12.23,-3.04,3.42,0.0,0.37,-9.47,12.52,1.126028173662535
2002-11-17,17.24,0.09,7.42,0.03,0.37,-7.23,7.1,1.612419779328741
2002-11-18,10.19,-0.32,4.25,0.01,0.37,-5.8,12.24,0.8474182513554819
2002-11-19,12.03,0.5,5.5,0.0,0.37,-7.09,11.54,1.0464964814785067
2002-11-20,14.11,1.21,6.62,0.0,0.37,-1.64,11.39,1.0684212716291535
2002-11-21,14.29,2.11,6.62,0.03,0.37,0.28,11.24,1.0055796541767408
2002-11-22,22.37,2.76,10.28,0.0,0.37,-1.56,11.31,2.1593112371576946
2002-11-23,10.13,-0.9,3.85,0.01,0.36,-0.91,9.34,0.6671877367939028
2002-11-24,-0.31,-5.33,-3.25,1.2,0.36,-7.64,4.73,0.25328912715276997
2002-11-25,3.14,-8.42,-3.36,0.2,0.36,-9.1,6.56,0.4585615523784758
2002-11-26,-1.29,-8.9,-5.8,0.0,0.36,-13.5,10.49,0.34026947146575287
2002-11-27,6.88,-4.59,-0.32,0.08,0.36,-9.51,7.57,0.6966233898129318
2002-11-28,12.36,-3.05,3.44,0.0,0.36,-4.62,10.93,1.002719684944463
2002-11-29,12.36,-1.85,3.84,0.0,0.36,-3.49,10.28,0.9642039242012186
2002-11-30,6.17,-4.13,-0.05,0.0,0.36,-7.62,10.36,0.6017702591312776
2002-12-01,14.18,-2.13,4.41,0.0,0.36,-5.2,10.44,1.2025517611295216
2002-12-02,12.81,-0.86,4.43,0.04,0.36,-2.63,10.43,0.9759396664529906
2002-12-03,-0.44,-3.29,-2.04,0.43,0.36,-4.06,5.15,0.139303566169313
2002-12-04,0.45,-5.66,-2.95,0.16,0.36,-5.18,4.37,0.2156417096787855
2002-12-05,5.97,-4.42,-0.49,0.01,0.36,-5.27,10.15,0.5205505512753157
2002-12-06,8.32,-2.06,1.26,0.07,0.36,-6.43,10.52,0.7187956834428815
2002-12-07,7.81,-2.58,0.8,0.0,0.36,-7.75,9.59,0.7180261062305953
2002-12-08,4.46,-3.21,-0.93,0.0,0.36,-6.19,8.09,0.4553672159718837
2002-12-09,9.74,-3.26,1.39,0.0,0.36,-8.95,10.49,0.8963240464301832
2002-12-10,12.68,-2.43,2.14,0.14,0.36,-9.01,10.56,1.1577589380213986
2002-12-11,7.88,-2.47,1.41,0.01,0.36,-7.95,8.37,0.7283600005386198
2002-12-12,3.38,-3.5,-1.09,0.0,0.36,-8.67,10.04,0.4611421149696274
2002-12-13,10.51,-3.19,3.13,0.0,0.36,-7.36,10.17,0.9191433989878661
2002-12-14,14.2,0.28,4.61,0.0,0.36,-6.18,10.14,1.2345723973948577
2002-12-15,18.09,0.61,7.81,0.0,0.36,-5.04,8.05,1.655799267248553
2002-12-16,11.24,-1.16,3.81,0.0,0.36,-5.91,9.74,0.9408578267218334
2002-12-17,9.77,-0.75,3.49,0.83,0.36,-3.25,9.31,0.7286008864534155
2002-12-18,4.92,-4.11,0.33,0.04,0.36,-5.19,9.73,0.4523136981278116
2002-12-19,3.34,-5.48,-2.37,0.04,0.36,-12.42,9.33,0.5409248462961249
2002-12-20,5.96,-5.52,-1.36,0.0,0.36,-12.69,10.09,0.7022995448409872
2002-12-21,2.17,-3.55,-1.52,0.12,0.36,-9.61,9.71,0.4196005624810256
2002-12-22,5.79,-4.06,-1.04,0.02,0.36,-10.21,9.92,0.6406140827843669
2002-12-23,-2.25,-6.73,-4.28,0.53,0.36,-9.44,3.27,0.21907413010285898
2002-12-24,1.5,-7.79,-4.06,0.09,0.36,-8.98,9.77,0.3711107794801795
2002-12-25,3.6,-7.76,-3.39,0.0,0.36,-11.0,10.11,0.5268161498334052
2002-12-26,2.45,-7.58,-3.46,0.0,0.36,-11.96,10.17,0.4844504495621125
2002-12-27,10.19,-5.53,1.06,0.0,0.36,-8.93,10.11,0.9327891993364619
2002-12-28,13.88,2.3,5.85,0.0,0.36,-5.8,7.32,1.189931963403084
2002-12-29,10.37,0.9,3.73,0.01,0.36,-7.93,3.48,0.9225463877648462
2002-12-30,5.82,-2.94,0.73,0.02,0.36,-7.51,10.05,0.5761637615443425
2002-12-31,7.19,-2.99,1.31,0.59,0.36,-7.64,6.22,0.6711372593474165
2003-01-01,3.17,-4.91,-1.23,3.98,0.36,-3.76,2.87,0.30442274773435835
2003-01-02,7.6,-4.77,0.28,0.0,0.36,-8.53,7.19,0.7230862049965805
2003-01-03,13.51,-0.18,4.31,0.0,0.36,-4.37,9.69,1.1067156057276417
2003-01-04,10.39,-1.43,3.32,0.0,0.37,-3.95,7.76,0.804452192623804
2003-01-05,9.8,-2.13,3.2,0.04,0.37,-2.96,8.2,0.7205115352408331
2003-01-06,7.81,-3.45,1.04,0.0,0.37,-2.51,10.09,0.5511357814795963
2003-01-07,14.61,-1.62,4.86,0.0,0.37,-8.04,10.69,1.3296697601968805
2003-01-08,16.59,-0.83,5.11,0.0,0.36,-7.62,11.09,1.5435494165854267
2003-01-09,2.04,-5.44,-2.32,0.0,0.36,-10.95,10.85,0.44277547188294025
2003-01-10,-0.78,-6.56,-4.17,0.0,0.36,-12.03,8.31,0.33411969204186276
2003-01-11,-0.69,-5.3,-3.11,0.0,0.36,-7.19,5.98,0.22472134834376867
2003-01-12,8.4,-5.06,0.6,0.0,0.36,-6.38,11.1,0.7233140729503017
2003-01-13,13.02,-1.71,3.39,0.0,0.36,-5.25,10.56,1.0864844742987834
2003-01-14,6.58,-3.03,0.18,0.0,0.36,-3.57,10.41,0.5041490962780132
2003-01-15,9.09,-6.95,-0.78,0.05,0.36,-7.15,4.07,0.7978765705029858
2003-01-16,1.73,-6.89,-3.78,0.01,0.36,-10.81,8.61,0.4242526396711819
2003-01-17,3.35,-4.13,-1.44,0.0,0.36,-9.78,9.93,0.48606116275288896
2003-01-18,6.56,-7.17,-1.14,0.0,0.36,-9.94,10.93,0.6849152013915514
2003-01-19,14.22,-1.33,4.56,0.0,0.36,-7.56,11.83,1.275560384523625
2003-01-20,15.01,-2.48,4.38,0.0,0.36,-8.47,11.78,1.3841288284036415
2003-01-21,9.9,-4.4,0.43,0.0,0.36,-5.02,5.78,0.7992209931011037
2003-01-22,-1.38,-9.19,-6.75,0.05,0.36,-9.98,3.36,0.2659467812962655
2003-01-23,6.95,-6.92,-1.32,0.0,0.36,-8.96,6.19,0.688260475825672
2003-01-24,8.73,-2.55,1.07,0.0,0.36,-3.33,10.47,0.6495919971942139
2003-01-25,8.55,-3.02,1.78,0.0,0.36,-3.99,12.04,0.6590202872608588
2003-01-26,12.48,-2.65,3.0,0.0,0.36,-6.54,9.72,1.0731807585701074
2003-01-27,19.98,1.43,9.43,0.0,0.36,-4.37,11.52,1.893627764857039
2003-01-28,5.29,-2.45,3.2,0.0,0.36,-1.32,6.06,0.3355725472513168
2003-01-29,10.47,-2.89,2.27,0.0,0.36,-3.25,12.06,0.7866132342732333
2003-01-30,15.95,-0.71,6.72,0.01,0.36,-4.02,6.9,1.3589112170540676
2003-01-31,17.14,-1.47,6.51,0.01,0.36,-1.26,11.32,1.3979792279762773
2003-02-01,22.63,5.57,12.44,0.0,0.36,-3.59,10.81,2.2786988240092314
2003-02-02,12.22,-3.83,5.43,2.79,0.36,-4.0,4.62,0.9687803356546418
2003-02-03,1.03,-7.69,-3.99,2.2,0.36,-10.75,7.41,0.38897591408503035
2003-02-04,3.94,-7.52,-2.79,0.02,0.36,-10.67,7.45,0.5389524254729281
2003-02-05,0.05,-6.08,-3.48,0.07,0.36,-8.85,9.68,0.30017071672075574
2003-02-06,-5.33,-9.71,-7.56,0.06,0.36,-14.62,8.37,0.21418868577723296
2003-02-07,-0.18,-13.79,-7.17,0.0,0.36,-17.96,11.15,0.4543325596711135
2003-02-08,1.01,-9.61,-4.71,0.25,0.36,-13.36,8.11,0.4391905724405901
2003-02-09,0.03,-7.23,-3.71,0.14,0.36,-12.31,9.01,0.3747063162861535
2003-02-10,8.14,-6.29,-0.28,0.08,0.36,-10.51,11.4,0.8086822245198418
2003-02-11,8.31,-4.12,0.33,0.0,0.36,-8.53,13.0,0.7748249144687018
2003-02-12,11.67,-3.99,1.93,0.0,0.36,-9.14,15.4,1.0665314124862333
2003-02-13,10.12,-0.03,3.35,0.01,0.36,-3.92,6.82,0.7808681962765105
2003-02-14,11.78,-4.27,3.42,0.1,0.36,-1.81,8.6,0.847472798953712
2003-02-15,2.11,-5.85,-3.12,0.01,0.36,-7.78,6.97,0.3710709703890138
2003-02-16,7.87,-4.81,0.17,0.0,0.36,-5.45,14.9,0.6563083873839277
2003-02-17,11.03,-1.48,4.38,0.06,0.36,-10.38,16.1,1.0381206515943764
2003-02-18,7.0,-3.4,1.96,0.04,0.36,-7.27,7.92,0.6479781713406717
2003-02-19,6.41,-3.62,0.48,0.16,0.36,-4.04,14.33,0.509093011970502
2003-02-20,10.46,-3.68,2.63,0.0,0.36,-8.98,13.46,0.9566550055185985
2003-02-21,9.58,-1.48,3.43,0.03,0.36,-8.64,14.44,0.8757745695644358
2003-02-22,10.58,-4.53,2.52,2.12,0.36,-7.88,12.52,0.939004352375718
2003-02-23,-5.05,-14.48,-9.73,0.79,0.36,-14.55,7.43,0.22189081572417704
2003-02-24,-10.06,-17.06,-13.76,0.08,0.36,-19.61,8.24,0.15545244868918887
2003-02-25,0.61,-14.89,-6.82,0.23,0.36,-12.57,10.28,0.4059766736132461
2003-02-26,3.4,-8.46,-2.69,0.26,0.36,-6.96,13.48,0.41708181750449674
2003-02-27,2.94,-3.84,-1.65,0.45,0.36,-7.08,15.46,0.3954236914616307
2003-02-28,2.76,-4.26,-1.91,0.47,0.36,-6.55,9.34,0.37084632748384416
2003-03-01,5.02,-4.6,-0.71,0.32,0.36,-7.24,15.64,0.5188261909738168
2003-03-02,7.62,-5.45,-0.33,0.0,0.36,-9.93,15.74,0.7580175632607792
2003-03-03,10.79,-2.77,2.67,0.0,0.36,-9.79,18.43,1.0039962865193415
2003-03-04,-1.05,-9.93,-6.98,0.76,0.36,-11.99,4.53,0.3220208268645978
2003-03-05,5.14,-10.54,-2.89,0.07,0.36,-12.55,15.92,0.6480175710446119
2003-03-06,13.83,-1.94,3.92,0.02,0.36,-8.79,17.19,1.2667215940485463
2003-03-07,15.58,-1.01,6.93,0.0,0.36,-6.58,18.61,1.3968308987764484
2003-03-08,17.82,-0.66,7.54,0.0,0.36,-5.84,18.14,1.64568874762923
2003-03-09,18.08,0.13,7.3,0.0,0.36,-6.05,18.45,1.6856393185656748
2003-03-10,18.18,-0.02,7.68,0.04,0.36,-5.36,19.33,1.6776647735133112
2003-03-11,19.12,1.79,9.89,0.0,0.36,-4.65,20.31,1.781393605884693
2003-03-12,20.51,4.88,11.47,0.0,0.35,-3.85,17.86,1.9537123743247902
2003-03-13,22.29,2.63,12.18,0.0,0.35,-3.93,21.1,2.234367556559186
2003-03-14,25.55,5.76,15.34,0.0,0.35,-4.64,21.23,2.8402194640839573
2003-03-15,19.63,7.51,12.48,0.0,0.35,-3.66,15.95,1.819236455874159
2003-03-16,21.55,4.79,13.47,0.15,0.35,-1.92,17.31,2.041734421978867
2003-03-17,17.78,3.68,10.15,2.43,0.35,3.04,14.03,1.2756904484548905
2003-03-18,8.95,1.15,5.8,30.17,0.37,3.41,4.83,0.36408708843463033
2003-03-19,4.57,0.31,2.46,10.05,0.42,1.19,3.93,0.18070302720496956
2003-03-20,9.4,-2.12,3.3,0.57,0.42,-0.83,8.9,0.6045799427227992
2003-03-21,10.26,-0.8,4.43,0.09,0.42,-0.46,14.08,0.6588695767448702
2003-03-22,15.3,0.3,7.29,0.0,0.42,-4.0,22.12,1.284303709567296
2003-03-23,22.06,3.03,12.67,0.06,0.41,-1.77,16.34,2.1171589206454033
2003-03-24,12.0,1.33,6.35,0.95,0.4,1.67,15.12,0.7134145689990321
2003-03-25,13.02,0.75,5.92,0.37,0.4,-4.7,22.53,1.0688618376317633
2003-03-26,21.45,2.02,11.59,0.17,0.4,-2.61,15.58,2.052517805185231
2003-03-27,5.59,-4.41,0.46,1.23,0.39,-5.01,9.11,0.488039155202129
2003-03-28,3.37,-6.58,-2.01,0.43,0.39,-10.04,16.13,0.4930912140837556
2003-03-29,6.29,-6.56,-0.72,0.08,0.39,-9.83,19.23,0.6644638711952486
2003-03-30,14.33,-3.96,5.46,0.0,0.39,-4.62,20.58,1.1996746786745451
2003-03-31,22.3,2.45,12.15,0.0,0.38,-2.82,22.11,2.196419440698088
2003-04-01,25.5,7.01,15.66,0.17,0.38,-3.01,24.4,2.7740955388226514
2003-04-02,24.99,7.38,16.48,0.0,0.38,-6.12,18.62,2.7792169219601917
2003-04-03,20.44,2.72,11.51,0.06,0.37,-6.03,24.92,2.013382026996916
2003-04-04,10.58,0.93,4.97,0.55,0.37,-5.92,19.24,0.8838670841288497
2003-04-05,10.08,-0.32,4.11,2.39,0.37,-1.97,7.84,0.7059787361946777
2003-04-06,3.95,-6.42,-1.29,2.33,0.37,-5.41,7.21,0.4021615504023755
2003-04-07,5.0,-6.4,-1.78,0.02,0.37,-7.17,9.21,0.5156804641078918
2003-04-08,12.47,-5.71,3.33,0.0,0.37,-7.63,25.04,1.1024931037238566
2003-04-09,23.03,-0.85,10.91,0.0,0.37,-6.74,26.83,2.4458654870399736
2003-04-10,25.3,4.45,14.6,0.04,0.37,-5.08,25.58,2.8062030729594127
2003-04-11,25.46,6.94,15.93,0.0,0.37,-5.92,26.49,2.8629738408969994
2003-04-12,26.5,6.74,17.03,0.0,0.36,-3.3,25.4,2.983313327724872
2003-04-13,27.46,8.54,17.62,0.01,0.36,-3.03,26.5,3.174165103673818
2003-04-14,29.05,9.64,19.44,0.06,0.36,-4.19,24.17,3.569463790939382
2003-04-15,26.05,7.08,16.7,9.38,0.36,1.63,17.65,2.684214415116073
2003-04-16,17.37,4.55,10.93,0.86,0.38,-0.71,26.14,1.403683294705204
2003-04-17,18.85,2.28,10.94,0.63,0.37,-0.39,27.07,1.5832344467803767
2003-04-18,19.39,6.37,11.51,1.49,0.37,0.28,21.24,1.6280709525363979
2003-04-19,9.18,1.27,5.95,3.94,0.38,0.67,7.83,0.5208627759099405
2003-04-20,15.0,0.29,7.5,0.06,0.38,-3.85,25.44,1.245929836119112
2003-04-21,19.26,2.8,11.44,0.33,0.38,-2.1,25.24,1.7097713309248648
2003-04-22,18.25,6.09,10.73,2.16,0.37,3.68,20.36,1.301532402578258
2003-04-23,16.43,3.07,9.24,9.98,0.39,2.67,12.88,1.1286306347552495
2003-04-24,14.32,1.41,7.47,0.84,0.39,0.83,15.57,0.9834097596757582
2003-04-25,17.14,1.28,8.68,0.07,0.39,2.05,18.68,1.2468175723497716
2003-04-26,25.3,2.64,13.53,0.0,0.39,1.76,27.16,2.531214552464424
2003-04-27,18.25,6.4,11.72,0.94,0.38,2.79,23.36,1.3501107902751999
2003-04-28,20.73,5.71,12.15,1.11,0.38,5.31,16.49,1.5546887930204463
2003-04-29,24.31,6.44,14.49,2.07,0.38,3.74,19.06,2.241393442147802
2003-04-30,19.98,7.39,12.6,5.02,0.38,4.52,16.54,1.49187660177263
2003-05-01,16.69,6.4,10.78,3.01,0.39,4.15,17.59,1.078100667435968
2003-05-02,15.53,5.1,10.66,0.58,0.39,4.44,22.28,0.9256197910106896
2003-05-03,26.71,6.65,16.46,0.0,0.38,-1.08,26.66,2.94070188615386
2003-05-04,18.59,6.25,12.27,0.07,0.38,-0.21,24.65,1.5402841943063939
2003-05-05,18.6,5.58,12.54,1.17,0.38,-0.2,22.69,1.5411863636223626
2003-05-06,16.92,3.03,10.63,3.65,0.38,0.95,25.41,1.2735840308858366
2003-05-07,21.77,5.61,12.64,2.64,0.38,4.11,21.46,1.787513296069441
2003-05-08,18.79,4.31,11.22,2.34,0.38,2.56,21.85,1.4343423541779399
2003-05-09,18.42,2.44,9.65,3.28,0.38,0.92,26.65,1.4662020986553514
2003-05-10,7.91,1.49,4.23,13.03,0.4,1.01,13.2,0.40902756859354317
2003-05-11,18.26,-0.98,9.3,0.0,0.41,-0.25,30.16,1.4981975791893567
2003-05-12,24.38,1.25,13.83,0.0,0.4,-0.91,30.51,2.4811436943406973
2003-05-13,25.48,8.06,17.22,0.11,0.39,1.76,23.84,2.5658727052615564
2003-05-14,24.4,8.02,16.45,0.21,0.39,1.27,29.86,2.386696638635093
2003-05-15,22.73,8.57,14.61,10.47,0.39,8.5,12.27,1.6540303041764368
2003-05-16,23.64,7.86,15.55,1.24,0.4,8.35,22.97,1.8214346664299668
2003-05-17,28.86,10.84,19.75,0.18,0.39,7.67,28.31,2.9244884593395577
2003-05-18,27.64,11.22,18.64,1.8,0.39,7.8,16.12,2.6431739272186174
2003-05-19,15.46,3.97,10.73,1.12,0.39,1.67,16.22,1.0673615566690124
2003-05-20,15.49,1.66,9.28,0.0,0.39,-1.04,25.07,1.193806674472802
2003-05-21,25.57,3.82,15.1,0.06,0.38,2.49,30.1,2.5461633618407586
2003-05-22,29.25,9.47,19.37,0.05,0.38,5.25,27.82,3.1762625648305547
2003-05-23,29.42,11.5,20.45,0.19,0.37,8.03,19.94,3.0289714255161106
2003-05-24,23.19,12.81,17.87,4.65,0.38,11.4,18.92,1.4938580946042321
2003-05-25,21.33,11.31,15.97,0.65,0.38,10.87,15.01,1.2364523822425617
2003-05-26,26.91,10.06,17.8,1.07,0.38,10.06,15.1,2.313649697227048
2003-05-27,31.32,10.22,21.44,0.08,0.38,9.53,29.39,3.385269275786909
2003-05-28,29.22,14.11,22.3,0.0,0.37,11.34,28.92,2.7142086762487594
2003-05-29,37.49,16.88,26.98,0.09,0.37,7.8,30.04,5.385989134747637
2003-05-30,34.68,12.27,24.98,8.78,0.36,10.31,26.99,4.2702888213787125
2003-05-31,23.28,10.9,17.24,3.89,0.38,9.74,24.48,1.65063884607618
2003-06-01,23.67,11.96,18.2,7.66,0.39,12.66,14.97,1.460539455553291
2003-06-02,25.27,10.21,17.63,3.94,0.39,7.75,31.11,2.16444334945672
2003-06-03,21.93,8.88,15.83,3.59,0.4,8.8,28.19,1.5000307819816956
2003-06-04,16.47,10.26,13.17,9.05,0.41,9.05,12.71,0.7216518021719944
2003-06-05,16.84,7.2,12.09,3.34,0.41,5.09,12.12,1.0403623653577512
2003-06-06,20.88,5.35,13.3,8.09,0.41,4.48,28.45,1.6275831435914947
2003-06-07,17.24,4.51,10.19,5.84,0.43,1.7,27.29,1.2767634753720793
2003-06-08,25.12,3.8,15.35,0.0,0.42,2.61,30.12,2.4534444521449887
2003-06-09,29.39,10.73,19.94,0.74,0.4,6.02,28.26,3.1604419605261413
2003-06-10,26.47,11.21,18.68,12.53,0.41,11.17,29.91,2.128348701190531
2003-06-11,30.69,13.77,21.93,0.66,0.41,8.46,30.06,3.307064509696512
2003-06-12,27.26,13.12,19.89,5.82,0.41,10.46,30.0,2.3537554422444487
2003-06-13,20.38,13.26,16.6,4.33,0.41,12.22,21.16,0.9708133021650862
2003-06-14,21.77,13.55,17.31,1.31,0.41,12.69,25.07,1.1394246949727453
2003-06-15,28.95,12.4,20.83,0.15,0.4,11.4,30.96,2.6460898938069377
2003-06-16,26.13,12.64,20.09,11.62,0.41,13.12,27.86,1.87778998673663
2003-06-17,23.66,14.94,19.11,1.86,0.41,13.23,20.68,1.4031080993970113
2003-06-18,21.8,13.48,17.26,3.68,0.41,13.21,16.69,1.09340184568229
2003-06-19,20.87,12.81,17.1,2.78,0.41,13.94,17.83,0.8748242933018269
2003-06-20,29.44,14.03,21.0,1.97,0.41,11.93,25.78,2.7125617704408738
2003-06-21,30.32,14.95,22.27,0.17,0.4,7.3,31.29,3.298883809196804
2003-06-22,28.15,12.53,20.11,0.01,0.4,7.39,31.57,2.7840629898887896
2003-06-23,30.35,11.5,21.41,0.01,0.39,8.72,27.56,3.202468500764035
2003-06-24,32.53,12.4,21.86,0.26,0.38,7.93,30.57,3.8313803812019707
2003-06-25,23.52,9.56,16.22,1.77,0.38,5.13,30.16,2.018763307108106
2003-06-26,25.97,10.47,18.04,2.33,0.38,5.23,27.68,2.4690677452026613
2003-06-27,30.02,12.53,21.51,2.01,0.38,6.48,29.13,3.2812918084336617
2003-06-28,31.91,14.61,23.22,6.03,0.38,8.43,28.73,3.6260527301872427
2003-06-29,25.04,15.47,19.73,2.89,0.39,13.59,22.8,1.6187685215567327
2003-06-30,30.82,14.77,22.66,0.06,0.39,13.11,30.45,2.938176341564218
2003-07-01,36.29,15.82,26.81,0.03,0.38,10.3,30.1,4.783313868988772
2003-07-02,36.65,18.73,27.52,0.09,0.37,5.37,31.27,5.261078155133992
2003-07-03,38.57,20.66,29.39,0.11,0.37,8.88,27.53,5.692899470760777
2003-07-04,35.44,18.91,27.2,0.01,0.36,6.42,30.86,4.798219132990181
2003-07-05,37.54,18.05,28.26,0.1,0.36,7.24,30.82,5.443251408904239
2003-07-06,37.69,18.54,28.55,0.69,0.36,6.62,26.2,5.538497211095696
2003-07-07,36.07,19.41,27.1,2.42,0.36,12.57,26.94,4.50769492313416
2003-07-08,37.65,18.31,28.05,0.27,0.36,10.31,31.2,5.246698071307321
2003-07-09,32.18,17.01,24.69,0.03,0.35,6.21,30.33,3.854561227927685
2003-07-10,36.36,16.53,26.37,0.0,0.35,5.01,31.45,5.1864339799427155
2003-07-11,35.58,16.09,26.32,0.07,0.35,7.83,30.94,4.74504098801998
2003-07-12,33.39,16.32,25.05,0.07,0.35,9.64,29.42,3.942584438862696
2003-07-13,40.19,18.14,29.36,0.0,0.35,8.31,27.61,6.354997709639328
2003-07-14,36.7,21.83,28.57,0.19,0.35,6.04,31.29,5.235303316523315
2003-07-15,36.08,18.09,27.22,1.82,0.35,8.63,29.38,4.847446883780735
2003-07-16,39.88,20.39,30.38,0.58,0.35,9.34,28.33,6.153875258773097
2003-07-17,39.26,21.73,30.52,0.1,0.34,5.8,30.19,6.167402264184232
2003-07-18,38.65,21.05,29.55,0.2,0.34,7.85,29.54,5.799313193287995
2003-07-19,35.88,18.18,27.34,1.88,0.34,13.29,25.55,4.375572139829327
2003-07-20,35.2,19.68,28.18,0.71,0.34,13.6,26.48,4.127555452055269
2003-07-21,38.53,19.31,29.29,0.09,0.34,10.26,27.8,5.567462906945997
2003-07-22,32.74,16.58,24.74,0.04,0.34,10.64,29.27,3.6756222565306707
2003-07-23,35.72,17.67,27.03,0.11,0.34,10.8,26.34,4.554968904989533
2003-07-24,40.23,20.35,31.0,0.0,0.34,7.71,29.23,6.41474043754063
2003-07-25,40.22,22.69,31.39,0.09,0.34,7.16,27.23,6.4496134613079255
2003-07-26,37.8,21.12,29.38,8.87,0.34,12.75,24.2,5.079996123774654
2003-07-27,29.42,21.28,25.35,1.94,0.36,16.17,18.9,2.2658094445691948
2003-07-28,26.85,17.07,22.1,1.1,0.36,14.32,19.72,1.9019792200010865
2003-07-29,29.75,17.02,23.25,1.77,0.36,13.88,21.33,2.596401384565339
2003-07-30,32.01,15.97,24.52,0.16,0.36,10.47,27.95,3.4902860373590543
2003-07-31,36.85,17.7,27.33,0.28,0.36,8.01,25.09,5.150230234719134
2003-08-01,34.08,19.25,26.09,2.98,0.35,10.27,26.38,4.092642253789496
2003-08-02,33.99,16.16,25.31,0.98,0.36,11.24,28.44,3.982495696665379
2003-08-03,33.54,18.59,26.24,2.67,0.36,14.62,26.83,3.520455844841796
2003-08-04,34.09,19.0,26.68,1.15,0.36,14.02,25.25,3.7452927232348285
2003-08-05,35.0,18.99,27.46,0.06,0.36,10.82,26.84,4.325591264360842
2003-08-06,36.74,20.76,28.32,0.68,0.35,12.16,25.64,4.769066726105874
2003-08-07,34.4,20.04,25.66,4.09,0.35,14.09,26.76,3.8309137228044605
2003-08-08,30.29,18.55,24.14,2.24,0.36,15.03,18.13,2.6055128629191584
2003-08-09,33.99,18.62,26.68,0.24,0.36,14.45,26.92,3.6704089686310404
2003-08-10,34.7,18.86,26.53,0.12,0.36,12.25,26.21,4.1042649317685465
2003-08-11,33.76,18.45,25.48,0.1,0.35,10.86,27.2,3.9480422042712
2003-08-12,31.9,15.55,23.3,0.0,0.35,9.36,27.76,3.5516906459908504
2003-08-13,31.5,15.2,23.1,0.01,0.35,7.18,27.8,3.607759975723847
2003-08-14,30.19,14.74,22.55,0.0,0.35,7.89,25.56,3.2247672680709782
2003-08-15,32.64,15.99,24.15,0.01,0.35,7.96,27.14,3.8596102396854537
2003-08-16,34.51,16.66,25.65,0.0,0.35,8.16,26.3,4.387665371501776
2003-08-17,33.4,18.03,25.28,0.31,0.34,8.29,23.88,4.049970134865579
2003-08-18,29.9,17.14,22.36,5.86,0.35,13.12,24.24,2.709219947902584
2003-08-19,32.04,15.37,23.36,0.24,0.35,10.25,25.84,3.5168471279581572
2003-08-20,36.21,17.78,27.24,0.03,0.35,9.17,26.03,4.848480817017174
2003-08-21,35.18,21.36,27.28,0.0,0.35,9.72,24.56,4.473749934461637
2003-08-22,35.38,22.19,27.89,0.17,0.35,10.93,25.27,4.4352358864642305
2003-08-23,35.65,19.84,27.82,0.14,0.34,9.98,25.33,4.601537239324138
2003-08-24,35.15,20.54,27.29,0.33,0.34,9.12,25.49,4.512063858399442
2003-08-25,31.42,19.01,25.26,1.04,0.34,12.6,20.4,3.1421091254213427
2003-08-26,32.7,18.62,25.4,0.24,0.34,12.29,23.42,3.5165081312235023
2003-08-27,32.51,17.79,25.55,0.81,0.34,13.91,25.03,3.304240951597544
2003-08-28,29.04,18.79,22.33,0.4,0.34,13.3,16.86,2.487528622283537
2003-08-29,23.37,13.64,19.36,15.86,0.36,11.92,17.06,1.4777457222722046
2003-08-30,23.78,10.49,16.34,4.47,0.38,9.1,15.35,1.7889021397551408
2003-08-31,22.47,10.27,16.27,1.9,0.38,9.05,13.57,1.5686827114626223
2003-09-01,27.82,10.92,19.14,0.0,0.38,8.99,24.89,2.5932093813892862
2003-09-02,30.97,13.13,22.0,0.09,0.37,7.47,24.68,3.4502701009685666
2003-09-03,26.68,15.96,20.43,0.68,0.37,11.1,10.44,2.177485440227123
2003-09-04,28.66,13.24,20.9,0.01,0.37,8.4,23.93,2.825294945800661
2003-09-05,31.96,13.8,22.79,0.0,0.36,8.17,24.39,3.6587853213950012
2003-09-06,27.31,14.93,20.33,1.0,0.36,11.77,18.06,2.2492647284858975
2003-09-07,20.05,15.19,17.5,8.83,0.37,14.81,9.23,0.6609309720110841
2003-09-08,28.49,13.8,20.26,1.09,0.38,11.44,18.33,2.5375179891114485
2003-09-09,28.83,14.84,21.39,0.73,0.38,9.47,16.83,2.7814669527911278
2003-09-10,28.32,10.7,19.68,0.36,0.37,6.41,17.68,2.888945887925048
2003-09-11,21.23,6.66,13.63,0.0,0.37,2.53,23.8,1.7894996205574412
2003-09-12,27.76,8.64,18.38,0.0,0.37,2.53,23.05,2.9945701578107036
2003-09-13,16.57,4.63,10.3,0.23,0.37,-1.14,8.79,1.3236076627619247
2003-09-14,21.63,3.08,12.4,0.0,0.37,-1.73,23.63,2.046844899488697
2003-09-15,27.96,7.24,17.37,0.0,0.36,-4.66,24.05,3.3389587648158656
2003-09-16,31.76,11.35,21.69,0.0,0.36,-1.08,22.86,4.126242017729745
2003-09-17,31.17,3.44,20.06,0.2,0.36,1.06,14.17,3.876697855777634
2003-09-18,16.12,1.94,8.24,0.0,0.36,-4.15,22.85,1.3831150631410445
2003-09-19,23.25,4.18,13.17,0.0,0.35,-3.22,22.9,2.370557382600959
2003-09-20,26.79,7.98,17.66,0.0,0.35,0.28,19.31,2.8982903832417675
2003-09-21,24.62,7.17,15.46,0.0,0.35,1.11,21.85,2.434838600836079
2003-09-22,25.93,5.81,15.38,0.0,0.35,0.81,22.28,2.6997965339519254
2003-09-23,31.85,10.97,20.71,0.01,0.35,-2.39,22.67,4.202242300182254
2003-09-24,20.66,7.6,13.46,0.0,0.35,1.57,21.96,1.7513181824320934
2003-09-25,29.54,7.95,17.89,0.0,0.35,-0.37,21.34,3.537842511168039
2003-09-26,24.15,9.42,16.97,0.0,0.35,1.81,21.33,2.3147844697535036
2003-09-27,22.41,6.68,13.77,0.0,0.34,1.03,20.53,2.0525966704911967
2003-09-28,21.45,5.43,13.2,0.0,0.34,-0.51,20.2,1.9680868183140943
2003-09-29,20.21,6.24,12.52,0.0,0.34,3.61,19.32,1.5776456503119172
2003-09-30,10.84,3.68,7.38,0.46,0.34,3.7,4.06,0.5025699167880248
2003-10-01,20.2,3.44,11.03,0.01,0.34,3.93,17.12,1.558124757732138
2003-10-02,22.02,7.82,14.01,0.05,0.34,7.16,10.36,1.634237102712513
2003-10-03,20.82,9.68,14.25,0.0,0.34,0.18,18.33,1.8407926604462026
2003-10-04,14.89,6.8,10.92,0.26,0.34,1.08,11.98,1.0327963182526825
2003-10-05,24.65,6.06,14.6,0.0,0.34,2.52,19.28,2.369996639390249
2003-10-06,25.65,7.68,15.74,0.0,0.34,-1.2,18.55,2.7330442985422145
2003-10-07,26.19,9.39,17.85,0.12,0.34,4.47,16.89,2.5588193580872067
2003-10-08,27.84,11.62,18.22,0.03,0.34,3.98,15.39,2.932741517976229
2003-10-09,29.93,11.93,20.22,0.0,0.34,2.59,18.22,3.490060889842665
2003-10-10,29.83,10.43,19.97,0.0,0.34,4.45,15.3,3.3624844714937594
2003-10-11,16.44,4.35,9.62,0.0,0.34,-5.59,18.53,1.4673465020834504
2003-10-12,26.41,5.72,14.27,0.0,0.34,-6.26,18.0,3.061232328280774
2003-10-13,17.14,3.73,10.58,0.2,0.34,-3.05,12.51,1.4671860846097986
2003-10-14,18.25,1.47,8.97,0.0,0.34,-6.79,18.41,1.72940214362769
2003-10-15,21.58,3.38,10.93,0.0,0.34,-7.93,17.95,2.240803322639643
2003-10-16,19.73,4.91,10.68,0.0,0.34,-3.91,14.98,1.8421364821113158
2003-10-17,27.32,5.03,16.61,0.0,0.34,-0.86,16.31,3.0592116871453534
2003-10-18,29.85,11.45,18.77,0.0,0.34,-1.7,17.18,3.667458078604225
2003-10-19,30.44,10.91,19.35,0.0,0.34,-3.07,16.15,3.8642575141136284
2003-10-20,25.26,11.23,16.32,0.0,0.34,-2.39,16.54,2.7047915224929993
2003-10-21,27.33,10.76,18.05,0.0,0.34,-0.86,14.89,3.0613383555142524
2003-10-22,29.85,11.08,19.18,0.0,0.34,0.14,15.75,3.5896440074963727
2003-10-23,30.05,11.76,19.8,0.0,0.34,-2.95,15.53,3.7637917773173224
2003-10-24,14.76,3.29,9.99,0.0,0.34,-4.42,12.59,1.2390795748564787
2003-10-25,10.36,-0.18,4.5,0.0,0.34,-8.24,15.06,0.9297375669859812
2003-10-26,15.49,-1.8,7.86,0.0,0.34,-3.95,12.74,1.3039207418411516
2003-10-27,23.16,5.79,13.9,0.07,0.34,-1.69,11.87,2.2971053794810423
2003-10-28,16.49,3.34,9.69,0.08,0.34,1.42,11.84,1.1990989685554299
2003-10-29,28.45,5.76,16.78,0.0,0.34,-0.62,15.16,3.2963242649057456
2003-10-30,6.64,-1.05,2.28,0.21,0.34,-2.22,7.92,0.4584774387595456
2003-10-31,2.75,-3.2,-0.79,0.14,0.34,-5.14,3.93,0.32770669465678853
2003-11-01,13.12,-2.63,3.75,0.32,0.34,0.24,5.34,0.8880171646118906
2003-11-02,8.41,0.53,2.99,0.68,0.34,-0.1,4.9,0.49672662201613726
2003-11-03,10.14,-0.85,3.09,0.41,0.34,-0.16,4.26,0.6358061664614626
2003-11-04,9.73,-3.38,2.09,0.01,0.34,-5.67,13.81,0.8056980269322644
2003-11-05,5.63,-4.37,-0.62,0.05,0.34,-5.58,3.88,0.5084414780750853
2003-11-06,6.33,-5.76,-0.05,0.0,0.34,-6.04,11.23,0.5676367860640501
2003-11-07,7.55,-1.76,1.8,0.0,0.34,-6.15,12.84,0.6545445563042771
2003-11-08,9.74,-0.92,2.45,0.0,0.34,-2.75,9.02,0.7078910320790874
2003-11-09,11.7,-0.49,4.3,0.0,0.34,-0.08,8.61,0.767805465368692
2003-11-10,18.93,2.24,9.08,0.01,0.34,-2.11,11.82,1.6646842521659306
2003-11-11,17.5,2.22,8.4,0.0,0.34,-4.35,12.43,1.5575590266916968
2003-11-12,6.98,0.6,3.39,0.0,0.34,-5.02,10.32,0.5799461724633731
2003-11-13,9.97,0.8,4.47,0.01,0.34,-2.9,7.71,0.7322024349893428
2003-11-14,15.65,1.51,6.74,0.0,0.34,-2.35,11.49,1.264131538390385
2003-11-15,13.65,0.39,6.08,0.0,0.34,-4.55,12.59,1.1268655636780887
2003-11-16,14.77,0.27,6.46,0.0,0.34,-5.45,11.34,1.2732584572084258
2003-11-17,13.71,1.38,6.09,0.0,0.34,-6.36,7.21,1.1891514277473278
2003-11-18,11.43,-2.27,4.17,0.0,0.34,-8.17,12.59,1.0207470668191272
2003-11-19,18.52,1.23,8.41,0.0,0.34,-8.29,12.33,1.8055617737595693
2003-11-20,23.01,1.19,11.93,0.0,0.34,-6.84,6.75,2.4452959274262
2003-11-21,6.41,-5.34,-1.26,0.05,0.34,-6.64,10.23,0.5904609208942654
2003-11-22,-1.12,-8.73,-5.01,0.96,0.34,-10.6,4.23,0.2903736023350825
2003-11-23,-3.17,-9.81,-6.76,0.01,0.34,-17.91,7.7,0.33430149292385314
2003-11-24,7.62,-6.73,-0.25,0.0,0.34,-12.74,8.26,0.8160288336149921
2003-11-25,3.63,-4.19,-0.47,0.0,0.34,-11.13,8.22,0.5312247419888154
2003-11-26,6.07,-3.8,0.03,0.02,0.34,-10.12,10.85,0.6566479494073214
2003-11-27,3.55,-4.74,-1.77,0.0,0.34,-11.97,10.99,0.5438151444823848
2003-11-28,7.05,-4.48,0.05,0.0,0.34,-14.32,10.32,0.8038268139205378
2003-11-29,15.61,1.41,7.18,0.0,0.34,-9.25,10.77,1.470318720632425
2003-11-30,15.54,-1.52,6.16,0.0,0.34,-3.77,9.64,1.3033575691498829
2003-12-01,6.14,-3.25,-0.1,0.0,0.34,-7.92,8.11,0.6077536659220281
2003-12-02,9.65,-2.75,3.31,0.0,0.34,-6.07,5.36,0.8112982408357372
2003-12-03,12.15,-2.02,3.36,0.0,0.34,-7.24,10.22,1.0617935881727165
2003-12-04,3.63,-6.66,-0.91,0.0,0.34,-8.27,7.04,0.4649277094857696
2003-12-05,2.3,-7.4,-3.8,0.0,0.34,-14.94,10.55,0.5295240106680904
2003-12-06,13.68,-3.71,2.83,0.0,0.34,-9.11,8.28,1.2591832204571753
2003-12-07,17.1,2.54,7.52,0.08,0.34,-4.5,7.46,1.512602081871905
2003-12-08,4.93,-4.05,0.55,4.02,0.34,-2.75,9.36,0.36921740206175535
2003-12-09,0.68,-7.88,-4.16,1.06,0.34,-7.64,6.53,0.29782988271549693
2003-12-10,2.21,-7.58,-4.33,0.0,0.34,-10.52,9.01,0.44217701113197333
2003-12-11,4.37,-6.54,-2.64,0.0,0.35,-9.41,7.49,0.5353213592245365
2003-12-12,2.82,-5.25,-2.75,0.0,0.35,-8.51,7.34,0.42683240561957864
2003-12-13,7.71,-4.49,0.42,0.0,0.35,-8.61,8.62,0.7329625185468347
2003-12-14,12.55,-0.24,4.47,0.0,0.35,-5.52,9.26,1.049415585221825
2003-12-15,0.22,-3.93,-1.98,1.86,0.35,-8.05,2.25,0.28758252279643287
2003-12-16,4.17,-5.04,-1.5,0.0,0.35,-13.08,8.77,0.6000117349963653
2003-12-17,9.99,-3.45,1.47,0.06,0.35,-9.51,8.76,0.9301303287967443
2003-12-18,5.38,-4.15,-1.12,0.03,0.35,-8.86,8.9,0.5831121399252084
2003-12-19,10.66,-3.56,1.55,0.0,0.35,-7.92,10.1,0.9468812351953758
2003-12-20,13.93,1.01,6.74,0.0,0.35,-7.14,8.62,1.2338982540461294
2003-12-21,7.17,-2.03,1.89,0.0,0.35,-4.93,5.41,0.5901929004324944
2003-12-22,4.48,-3.61,-0.7,0.01,0.35,-5.31,9.24,0.4297858447000928
2003-12-23,9.82,-3.3,1.34,0.0,0.35,-10.5,10.25,0.9386521929602508
2003-12-24,9.09,-2.42,0.83,0.0,0.35,-9.27,8.5,0.8523721318835284
2003-12-25,7.45,-1.97,1.63,0.0,0.35,-7.27,7.35,0.6793599431863458
2003-12-26,12.9,-1.3,3.66,0.0,0.35,-5.83,9.0,1.09264312454201
2003-12-27,4.76,-4.57,-0.65,0.0,0.35,-13.2,10.19,0.6369449408045704
2003-12-28,1.68,-5.15,-2.41,0.0,0.35,-14.88,7.54,0.49727824013801925
2003-12-29,4.06,-5.03,-1.46,0.0,0.35,-15.11,10.53,0.6279703976243787
2003-12-30,11.17,-2.97,2.24,0.0,0.35,-8.95,9.07,1.0172145864944304
2003-12-31,4.24,-3.61,0.14,0.0,0.35,-7.43,6.18,0.47758266558773194
2004-01-01,11.24,-0.59,3.67,0.0,0.35,-11.11,9.24,1.0722858820767618
2004-01-02,12.03,-2.04,3.89,0.03,0.35,-6.4,9.53,1.026889983201666
2004-01-03,0.01,-7.25,-3.56,2.24,0.35,-6.81,3.02,0.2445555234039955
2004-01-04,-1.51,-8.65,-6.1,0.15,0.35,-13.13,8.19,0.3247244206418256
2004-01-05,-3.25,-16.42,-9.69,0.06,0.35,-16.66,5.17,0.31476849436125204
2004-01-06,-1.65,-15.96,-9.05,0.0,0.35,-17.4,7.64,0.38548180808036847
2004-01-07,9.46,-8.37,1.2,0.04,0.35,-8.6,5.71,0.8651775788186526
2004-01-08,9.01,-1.14,2.09,0.0,0.35,-6.66,10.85,0.7778822724665432
2004-01-09,8.77,-1.84,1.97,0.08,0.35,-5.91,10.45,0.7373979174689737
2004-01-10,14.07,-1.75,4.56,0.08,0.35,-5.52,10.41,1.2010489489986944
2004-01-11,11.62,-2.03,2.82,0.04,0.35,-6.82,10.7,1.0013977814010024
2004-01-12,10.72,-2.89,2.24,0.04,0.35,-6.43,10.64,0.9109016946940858
2004-01-13,12.45,-1.4,2.94,0.0,0.35,-7.47,11.06,1.0962919985721213
2004-01-14,13.47,-1.81,3.59,0.0,0.35,-9.09,10.9,1.2374366387561169
2004-01-15,12.47,-0.58,3.81,0.0,0.35,-7.93,8.85,1.1104316467037134
2004-01-16,9.15,-1.6,2.76,0.0,0.35,-6.16,9.19,0.774256180235881
2004-01-17,7.3,-3.17,0.34,0.0,0.35,-3.5,9.81,0.5510350325331316
2004-01-18,6.01,-4.21,-0.86,0.0,0.35,-4.26,4.08,0.4903128600411897
2004-01-19,7.34,-4.37,0.19,0.0,0.35,-6.6,7.56,0.6528179757503557
2004-01-20,2.35,-3.42,-0.56,0.18,0.35,-5.82,6.94,0.32785217355249396
2004-01-21,7.11,-4.03,-0.22,0.0,0.35,-6.77,11.77,0.6416288020949585
2004-01-22,5.14,-4.46,-0.75,0.04,0.35,-8.78,9.97,0.5662931819311319
2004-01-23,14.3,-1.05,3.97,0.0,0.35,-9.45,11.68,1.3315738208775867
2004-01-24,6.85,-2.16,0.93,0.0,0.35,-6.01,10.77,0.6016378417178476
2004-01-25,8.8,-7.51,-0.09,0.88,0.35,-6.29,8.66,0.7509779611087872
2004-01-26,-2.49,-8.56,-5.85,0.18,0.35,-14.85,9.82,0.3157409450513852
2004-01-27,5.19,-7.85,-1.36,0.0,0.35,-13.42,11.58,0.6670220179292913
2004-01-28,7.73,-2.45,0.94,0.0,0.35,-10.01,12.46,0.767716153470792
2004-01-29,6.36,-2.66,0.78,0.0,0.35,-6.08,11.9,0.5708110957032801
2004-01-30,12.53,-1.65,3.59,0.0,0.35,-5.5,10.6,1.0468892038666515
2004-01-31,5.79,-3.62,-0.04,1.5,0.35,-4.8,8.03,0.49398404501702387
2004-02-01,-1.87,-6.91,-4.28,1.31,0.35,-8.4,5.79,0.20842095453932968
2004-02-02,1.46,-5.81,-2.9,0.13,0.35,-12.77,11.25,0.4501008421362347
2004-02-03,1.96,-7.31,-2.56,0.6,0.35,-9.6,6.35,0.40871889171063425
2004-02-04,2.53,-4.69,-2.18,3.66,0.35,-5.44,2.07,0.32554941402507453
2004-02-05,-3.1,-6.75,-5.18,4.38,0.35,-8.21,8.1,0.15704941292221225
2004-02-06,0.02,-11.81,-6.27,0.44,0.35,-10.67,9.4,0.3408090014717791
2004-02-07,4.76,-9.57,-3.19,0.0,0.35,-12.05,11.17,0.6153312409922992
2004-02-08,2.28,-7.7,-3.03,0.04,0.36,-8.33,13.22,0.3940426309059635
2004-02-09,2.34,-7.42,-3.1,0.0,0.36,-10.46,14.62,0.44754346346848256
2004-02-10,5.12,-7.77,-1.71,0.06,0.36,-11.32,14.29,0.6224936289540723
2004-02-11,-2.37,-13.33,-5.69,0.7,0.36,-11.85,10.09,0.2667209781549489
2004-02-12,-2.6,-15.57,-9.5,0.05,0.36,-16.49,14.66,0.33625899841247725
2004-02-13,4.62,-11.42,-3.38,0.0,0.36,-14.88,14.65,0.6570753197064598
2004-02-14,7.43,-6.5,-0.94,0.0,0.36,-9.12,14.91,0.7255427567785196
2004-02-15,7.4,-3.86,-0.09,0.0,0.36,-8.49,12.88,0.7078996528701175
2004-02-16,7.21,-2.71,1.26,0.0,0.36,-8.83,15.22,0.7030500489547932
2004-02-17,13.35,-2.64,3.55,0.0,0.36,-7.23,14.62,1.1774305158116989
2004-02-18,19.89,2.36,9.85,0.0,0.36,-2.65,8.31,1.8198378403953333
2004-02-19,8.2,-0.15,4.5,1.45,0.36,-1.35,2.56,0.5341373456850608
2004-02-20,7.64,-3.77,1.2,0.35,0.36,-6.14,14.95,0.6606662642105896
2004-02-21,12.32,-3.07,3.06,0.01,0.36,-5.66,11.54,1.0319054958413172
2004-02-22,10.21,-2.36,3.12,0.0,0.36,-3.91,14.81,0.7880022863690622
2004-02-23,5.76,-3.49,0.38,0.0,0.36,-4.23,9.31,0.47323167108021136
2004-02-24,9.15,-2.94,1.5,0.0,0.36,-6.43,14.03,0.7821671453931829
2004-02-25,11.63,-4.06,2.33,0.03,0.36,-9.91,16.86,1.080951953348884
2004-02-26,17.45,-2.22,7.0,0.0,0.36,-7.66,16.6,1.6503500385374013
2004-02-27,15.59,3.27,8.22,0.0,0.35,-5.65,12.55,1.370377072872807
2004-02-28,15.41,-0.47,7.09,0.06,0.35,-3.67,15.88,1.285212814697605
2004-02-29,2.66,-3.2,-0.35,6.82,0.35,-4.16,2.83,0.29085799894691333
2004-03-01,4.77,-5.51,-1.14,0.53,0.36,-7.07,13.55,0.4990050193905792
2004-03-02,6.99,-4.33,0.5,0.14,0.36,-6.16,15.06,0.6156807227442992
2004-03-03,10.11,-2.32,2.6,0.04,0.36,-3.77,15.91,0.7748559653119746
2004-03-04,7.4,-0.29,2.2,1.51,0.36,-0.51,5.1,0.4412132345146922
2004-03-05,3.5,-3.27,-0.83,0.7,0.36,-7.07,15.27,0.4256813978549058
2004-03-06,14.62,-2.74,4.67,0.06,0.36,-8.18,17.32,1.334365015237414
2004-03-07,15.45,-5.04,4.89,0.0,0.36,-6.59,20.19,1.3824251257548053
2004-03-08,18.15,2.85,9.16,0.0,0.36,-2.86,19.97,1.5887687212803419
2004-03-09,18.09,0.28,8.67,0.0,0.36,-0.2,20.04,1.473731502312909
2004-03-10,12.44,-2.59,6.4,0.05,0.36,-3.27,12.46,0.9639341553298189
2004-03-11,12.93,-4.27,3.88,0.0,0.36,-4.75,20.92,1.0616858977535146
2004-03-12,17.44,-1.44,7.86,0.02,0.36,-0.16,20.36,1.3887006025571034
2004-03-13,17.37,-1.15,7.93,0.0,0.35,-3.97,18.3,1.5283465057523653
2004-03-14,14.65,-4.49,5.31,0.01,0.35,-6.54,18.87,1.2928992275942703
2004-03-15,9.21,-1.43,4.37,0.0,0.35,-5.42,16.32,0.7565187215282817
2004-03-16,14.82,-0.87,7.43,0.0,0.35,-5.84,19.12,1.290627817185921
2004-03-17,20.42,3.24,11.02,0.0,0.35,-5.08,21.64,1.9811456712950184
2004-03-18,18.61,0.24,9.11,0.0,0.35,-1.07,21.98,1.5796528832995458
2004-03-19,26.64,4.59,15.43,0.0,0.35,-3.27,20.66,3.0108834023438082
2004-03-20,14.65,1.93,8.21,0.0,0.35,-5.24,21.68,1.253735110540227
2004-03-21,16.96,-1.64,6.4,0.0,0.35,-6.21,22.14,1.548808910229388
2004-03-22,22.38,2.02,11.47,0.0,0.35,-1.51,22.0,2.1589430131952883
2004-03-23,24.7,6.99,15.2,0.0,0.34,1.22,20.18,2.444400827369269
2004-03-24,24.55,7.67,15.94,0.0,0.34,2.13,17.28,2.371619748495024
2004-03-25,23.4,8.92,15.58,0.0,0.34,-1.55,22.33,2.332891713684678
2004-03-26,26.77,5.99,16.92,0.0,0.34,-2.6,22.98,3.0130710881733367
2004-03-27,12.2,1.9,7.02,2.35,0.34,-2.72,13.35,0.9212119593993652
2004-03-28,9.68,-1.08,3.95,0.08,0.34,-6.47,19.12,0.8254586064881216
2004-03-29,17.08,-1.84,6.85,0.0,0.34,-9.35,24.35,1.6467909110526753
2004-03-30,20.95,-1.34,9.61,0.05,0.34,-9.0,25.48,2.170187839420206
2004-03-31,23.24,2.15,11.97,0.05,0.34,-7.82,25.09,2.5113915227062167
2004-04-01,26.31,4.26,15.12,0.0,0.34,-5.07,25.1,3.004590407328268
2004-04-02,20.26,3.59,11.49,0.11,0.34,2.78,23.14,1.6301651449416703
2004-04-03,13.69,3.79,8.2,0.16,0.34,0.37,15.05,0.9392833827997893
2004-04-04,16.46,1.37,8.9,0.0,0.34,-0.96,22.13,1.3029831259562261
2004-04-05,22.88,1.85,12.17,0.0,0.34,-1.2,24.69,2.2296390800675474
2004-04-06,18.37,3.86,11.12,1.01,0.34,2.39,18.17,1.3869174775981326
2004-04-07,20.66,4.84,12.48,1.79,0.34,2.65,18.55,1.6963890284260186
2004-04-08,15.39,3.78,9.38,0.94,0.34,0.93,18.32,1.0952401346542997
2004-04-09,7.65,0.64,4.96,8.61,0.35,1.59,4.57,0.3622604045311123
2004-04-10,4.49,-2.69,1.34,2.62,0.36,-3.21,12.24,0.35973586106364824
2004-04-11,10.32,-3.46,3.67,1.54,0.36,-5.78,22.39,0.8576707857815837
2004-04-12,6.62,-5.15,-0.29,1.18,0.36,-7.84,18.43,0.6374548235332369
2004-04-13,20.33,-3.53,9.3,0.0,0.36,-5.5,26.57,1.981026035692612
2004-04-14,25.27,5.01,15.87,0.0,0.36,-3.43,21.65,2.7449518274291966
2004-04-15,22.61,8.23,15.37,0.0,0.36,-5.0,26.22,2.322668192393425
2004-04-16,25.45,9.26,17.33,0.0,0.35,-4.78,27.43,2.8254212469369393
2004-04-17,28.7,8.33,19.27,0.0,0.35,-3.24,26.14,3.4558302046896228
2004-04-18,22.26,5.86,15.85,0.08,0.35,-2.99,27.12,2.1961296631056957
2004-04-19,19.87,3.27,12.43,0.99,0.35,-0.03,26.53,1.71006261718202
2004-04-20,19.62,6.32,12.81,0.08,0.35,-4.38,24.8,1.8424135440740566
2004-04-21,18.64,4.13,9.49,6.57,0.35,-0.79,13.96,1.5719612683598232
2004-04-22,14.89,3.07,7.56,5.59,0.36,1.77,8.7,0.9991960341812972
2004-04-23,4.57,1.71,3.36,15.9,0.38,1.54,4.89,0.16372513586616522
2004-04-24,13.71,0.16,7.31,1.35,0.4,-0.37,18.2,0.9742203303459219
2004-04-25,14.03,2.7,7.37,0.74,0.4,-2.09,21.82,1.0778128493333012
2004-04-26,19.36,3.02,11.34,0.01,0.39,-2.44,26.65,1.7367541626507021
2004-04-27,27.13,5.96,17.03,0.0,0.38,-1.9,28.85,3.0612959142279346
2004-04-28,27.96,9.42,19.01,0.01,0.38,-3.92,25.36,3.314131955943751
2004-04-29,11.87,1.93,6.21,0.75,0.37,-0.3,9.89,0.7929937360448881
2004-04-30,9.34,-0.54,3.78,5.85,0.38,-1.64,9.04,0.63306735545345
2004-05-01,13.79,-0.78,7.19,0.16,0.38,-1.9,25.79,1.0456225770003909
2004-05-02,20.72,0.82,11.24,0.0,0.38,-2.9,29.31,1.9512580998135387
2004-05-03,26.95,6.7,17.48,0.23,0.37,1.09,28.18,2.893908287592024
2004-05-04,26.35,9.3,17.65,0.0,0.37,3.9,28.73,2.624062799738583
2004-05-05,33.33,10.74,22.65,0.04,0.36,2.57,25.67,4.389058253718597
2004-05-06,32.46,15.14,23.51,0.01,0.36,-0.6,27.21,4.295137838836721
2004-05-07,30.92,12.35,21.67,0.01,0.36,2.14,29.11,3.759428530957595
2004-05-08,30.9,14.26,22.31,0.0,0.35,0.52,27.84,3.832773033686568
2004-05-09,31.1,12.12,22.61,0.01,0.35,-0.05,25.57,3.9096514230179396
2004-05-10,28.65,10.93,19.93,0.6,0.35,7.59,17.23,2.8821887088993274
2004-05-11,30.68,11.16,21.91,0.01,0.35,1.4,28.69,3.7354816580639056
2004-05-12,21.91,4.87,12.44,11.35,0.35,0.57,26.6,1.9928548527529526
2004-05-13,10.86,1.18,5.54,1.99,0.37,-0.68,13.41,0.7193222345046285
2004-05-14,18.35,0.38,9.8,0.85,0.37,-1.18,29.32,1.5495558546467756
2004-05-15,23.93,3.81,14.56,0.04,0.37,0.82,21.37,2.3231761504930004
2004-05-16,29.23,9.31,18.64,0.0,0.36,3.41,20.26,3.279126851991508
2004-05-17,22.98,9.06,16.43,0.38,0.36,6.84,13.25,1.8151363639342235
2004-05-18,25.33,10.35,17.05,0.18,0.36,8.57,13.5,2.1154478775947325
2004-05-19,31.63,9.72,21.25,0.01,0.36,2.89,25.04,3.904388270515108
2004-05-20,26.98,11.39,18.6,0.05,0.35,6.13,23.15,2.6175999689272387
2004-05-21,31.6,11.29,21.41,0.01,0.35,1.8,28.8,3.9527445753296693
2004-05-22,26.98,11.98,18.72,0.2,0.35,6.5,26.82,2.5931818118462115
2004-05-23,27.6,8.98,19.42,0.03,0.35,-0.94,28.53,3.1225250066285977
2004-05-24,24.97,9.06,16.81,1.43,0.35,2.34,27.58,2.4391244682959443
2004-05-25,23.35,7.01,14.76,1.69,0.35,3.19,23.45,2.101418833768965
2004-05-26,29.06,7.34,18.4,0.03,0.35,1.19,29.68,3.3538190982291196
2004-05-27,28.56,10.21,20.48,0.02,0.35,1.67,27.45,3.215794382357736
2004-05-28,32.4,12.77,24.15,0.02,0.34,0.39,25.19,4.234955715054957
2004-05-29,27.39,7.65,16.57,6.73,0.34,4.09,24.49,2.8293062101133035
2004-05-30,18.4,5.85,12.15,1.0,0.35,-4.18,25.07,1.6683343335105014
2004-05-31,23.94,6.61,15.35,0.01,0.35,-3.19,29.4,2.490463208327531
2004-06-01,26.79,6.0,17.24,0.0,0.35,-1.5,31.83,2.974397648967715
2004-06-02,26.38,11.23,18.68,0.23,0.35,3.59,25.16,2.6476027971645166
2004-06-03,28.53,10.69,19.94,2.23,0.35,10.5,28.19,2.6284395831035394
2004-06-04,34.06,13.29,24.21,0.62,0.35,6.12,26.68,4.394149587542454
2004-06-05,29.9,14.4,22.05,0.35,0.35,7.81,30.36,3.159822845065472
2004-06-06,35.49,14.55,25.45,0.0,0.35,6.53,29.77,4.806776830144575
2004-06-07,39.46,16.9,29.16,0.0,0.34,2.08,28.52,6.456278043853929
2004-06-08,32.01,17.49,24.58,1.62,0.34,8.66,27.33,3.635507224487447
2004-06-09,26.18,17.03,21.31,17.08,0.36,15.84,19.19,1.597586127627916
2004-06-10,31.5,14.61,22.48,0.51,0.37,1.53,31.5,3.9398127543568555
2004-06-11,27.84,10.86,19.76,0.01,0.36,-1.33,33.17,3.1907112263464055
2004-06-12,29.12,11.43,20.34,0.0,0.36,0.18,28.94,3.4146919014237573
2004-06-13,32.16,12.18,22.82,0.37,0.36,3.19,30.08,4.029889079795871
2004-06-14,31.1,11.98,22.24,0.99,0.35,6.67,30.88,3.538850660797058
2004-06-15,32.86,15.26,24.03,6.69,0.36,13.18,26.32,3.4752835471189796
2004-06-16,24.54,12.63,19.06,7.98,0.37,14.31,7.54,1.4509609438795406
2004-06-17,19.78,10.32,13.97,4.27,0.38,10.0,8.86,1.078663454990805
2004-06-18,18.38,8.35,12.79,8.82,0.39,8.95,6.46,0.9696347104399567
2004-06-19,22.18,6.74,13.87,3.4,0.39,9.38,12.65,1.4952104354235118
2004-06-20,27.83,12.26,19.48,3.13,0.39,11.96,18.91,2.3438071741763897
2004-06-21,16.27,8.93,13.67,7.05,0.4,8.66,12.4,0.7279267778705674
2004-06-22,24.88,7.34,16.82,0.0,0.39,3.39,32.21,2.366206980630246
2004-06-23,29.18,11.24,20.64,1.03,0.39,5.68,31.06,3.132940089273252
2004-06-24,25.58,12.05,19.45,0.01,0.38,7.1,30.38,2.2701215770612784
2004-06-25,25.31,8.91,17.29,1.62,0.38,9.22,26.81,2.0615093941595126
2004-06-26,25.05,13.99,18.85,7.1,0.38,12.27,21.66,1.7494937086836109
2004-06-27,23.05,12.6,17.76,0.81,0.38,11.09,13.72,1.4973571092182896
2004-06-28,25.21,12.47,18.51,0.08,0.38,10.35,23.13,1.9505578113971616
2004-06-29,25.48,13.31,19.8,2.28,0.38,12.51,28.56,1.8090523861755516
2004-06-30,21.43,15.06,17.84,10.72,0.39,14.31,12.59,0.9224070607667643
2004-07-01,21.11,14.5,16.69,5.76,0.4,13.08,13.39,0.9982321136321839
2004-07-02,30.5,12.39,21.53,3.49,0.4,10.71,26.7,3.0786567764022377
2004-07-03,32.51,13.66,23.07,0.35,0.39,10.19,28.55,3.649848305652651
2004-07-04,30.19,15.03,22.75,5.45,0.39,12.09,19.04,2.8786163604023347
2004-07-05,30.53,14.15,21.92,2.78,0.39,10.43,28.46,3.1099728938013538
2004-07-06,26.88,11.48,19.69,0.05,0.38,9.01,29.5,2.3914804682338353
2004-07-07,34.11,15.05,25.13,0.0,0.38,7.15,30.99,4.33970121652073
2004-07-08,36.71,16.81,26.89,0.01,0.37,6.92,27.67,5.18000769373773
2004-07-09,33.14,16.82,24.96,2.7,0.37,12.18,28.18,3.650485484701486
2004-07-10,32.19,17.5,24.82,3.58,0.37,13.73,27.54,3.235255255196665
2004-07-11,35.18,18.64,26.77,0.0,0.37,10.57,27.46,4.403200625580082
2004-07-12,37.93,18.92,28.73,1.88,0.37,9.81,28.66,5.387307910635643
2004-07-13,37.4,19.59,28.62,0.01,0.36,8.73,30.56,5.285534312332747
2004-07-14,35.59,18.08,26.79,0.15,0.36,10.15,29.48,4.568287731631031
2004-07-15,37.34,19.56,27.79,9.7,0.36,13.46,22.34,4.848515433036162
2004-07-16,27.34,17.57,21.83,3.86,0.37,14.71,14.93,1.9633121879671902
2004-07-17,30.25,16.68,23.62,0.13,0.37,13.45,26.28,2.7618555509320695
2004-07-18,32.82,16.07,25.02,0.35,0.37,12.81,30.23,3.500326018263946
2004-07-19,35.21,17.46,26.95,0.0,0.36,10.52,30.19,4.416859436136347
2004-07-20,36.38,18.95,27.34,0.5,0.36,10.84,26.69,4.767170985314083
2004-07-21,34.74,18.89,26.55,5.1,0.36,13.47,27.13,3.99793769648523
2004-07-22,27.09,13.88,21.19,26.4,0.39,16.04,21.79,1.7612712170929694
2004-07-23,19.26,12.73,15.8,4.61,0.41,11.79,5.74,0.8500303720666287
2004-07-24,19.66,11.57,14.78,3.71,0.42,10.89,6.58,0.986371570330453
2004-07-25,22.23,10.4,15.58,0.39,0.41,9.87,14.68,1.463917525180382
2004-07-26,28.45,11.21,19.69,0.06,0.4,10.04,29.41,2.6488494612859403
2004-07-27,30.44,14.68,22.85,0.25,0.39,10.64,26.1,3.0697017813577268
2004-07-28,24.24,15.5,20.05,0.26,0.39,12.15,23.18,1.6106758674040542
2004-07-29,27.47,11.93,20.17,0.75,0.38,10.61,27.01,2.3857694474496958
2004-07-30,30.61,14.47,22.28,0.13,0.38,8.25,28.18,3.30262784196419
2004-07-31,34.93,15.29,25.35,2.74,0.38,6.54,29.05,4.630313854124189
2004-08-01,37.52,18.27,28.13,0.34,0.37,7.55,27.47,5.414402159176159
2004-08-02,36.67,20.11,27.82,0.38,0.37,8.73,28.18,5.035616550665527
2004-08-03,32.8,20.55,26.48,0.04,0.36,11.44,24.85,3.6223871526530895
2004-08-04,32.95,16.68,24.94,3.92,0.36,12.02,26.02,3.611642868804939
2004-08-05,26.25,17.07,20.54,13.83,0.38,15.84,26.17,1.6116504273522039
2004-08-06,26.71,16.13,20.91,7.05,0.4,15.76,14.64,1.7145292489275932
2004-08-07,32.63,16.72,23.76,5.27,0.4,13.57,20.78,3.3721493643193723
2004-08-08,27.88,14.74,21.12,0.16,0.4,11.38,28.16,2.407357148090757
2004-08-09,29.83,13.94,21.69,1.72,0.39,13.3,22.75,2.6744489717497135
2004-08-10,28.63,14.35,20.71,3.75,0.39,14.7,24.76,2.248134114856137
2004-08-11,23.75,12.84,17.75,0.41,0.39,9.26,20.39,1.7710522191790263
2004-08-12,25.55,10.71,18.18,0.0,0.38,5.42,27.45,2.3748330652417042
2004-08-13,26.02,9.47,17.95,0.49,0.38,8.74,24.3,2.2373654726783774
2004-08-14,26.39,12.79,19.03,1.69,0.38,12.44,22.55,1.9959393290696121
2004-08-15,27.63,13.27,20.08,2.97,0.38,12.86,21.72,2.21514739007637
2004-08-16,31.58,14.2,23.02,0.02,0.38,9.3,25.45,3.4715468246522594
2004-08-17,31.78,15.4,23.42,0.98,0.38,9.76,26.28,3.4876293327155388
2004-08-18,27.01,13.87,19.88,4.18,0.38,11.93,20.88,2.1713293195498893
2004-08-19,21.0,10.26,14.6,4.21,0.38,5.74,10.7,1.5685953207686505
2004-08-20,26.15,10.55,18.17,0.02,0.38,6.71,26.48,2.409279034367686
2004-08-21,27.87,13.5,20.52,0.25,0.38,10.14,24.07,2.5118825033450447
2004-08-22,30.49,14.96,22.38,2.4,0.38,9.8,22.52,3.1521828566832175
2004-08-23,32.63,15.42,24.16,0.39,0.38,7.52,23.41,3.8884894994534545
2004-08-24,28.92,13.75,21.05,1.18,0.37,7.85,21.8,2.9253375263322594
2004-08-25,30.4,13.82,21.96,0.03,0.37,6.13,24.11,3.397831667926489
2004-08-26,28.15,12.85,20.29,0.24,0.37,8.69,25.85,2.6888316947782815
2004-08-27,20.11,10.46,14.7,3.85,0.37,8.48,14.16,1.2459026906047697
2004-08-28,24.96,7.93,16.68,0.31,0.37,5.47,25.55,2.2588907482581533
2004-08-29,29.3,12.06,20.0,0.08,0.37,4.28,25.57,3.2462206681557118
2004-08-30,30.47,11.67,21.41,2.64,0.37,8.88,24.05,3.2200130721854165
2004-08-31,30.88,16.56,23.04,0.41,0.37,11.24,21.1,3.128187562264764
2004-09-01,30.12,14.48,22.01,1.01,0.37,8.7,24.73,3.147357829138939
2004-09-02,32.96,14.15,23.37,0.01,0.36,7.21,25.14,4.002475609647631
2004-09-03,34.28,13.43,23.46,0.0,0.36,7.29,24.46,4.380766422924979
2004-09-04,27.5,16.95,20.86,4.79,0.36,11.76,19.24,2.290748918719572
2004-09-05,21.98,11.54,16.58,0.8,0.37,6.77,23.06,1.6545644136304167
2004-09-06,26.14,9.3,17.95,0.0,0.37,3.47,24.14,2.605941330520565
2004-09-07,29.12,12.18,19.97,0.0,0.36,5.97,24.1,3.1003707981856428
2004-09-08,31.38,12.51,21.61,0.01,0.36,4.99,21.1,3.7190002196663974
2004-09-09,33.06,13.88,23.15,0.13,0.36,4.56,21.56,4.201222663320388
2004-09-10,31.39,14.88,21.26,0.05,0.36,4.99,15.33,3.721607007310051
2004-09-11,30.79,13.54,21.65,0.0,0.36,5.27,23.59,3.5502704074203586
2004-09-12,34.58,15.48,24.62,0.0,0.35,5.96,21.37,4.5609414059500155
2004-09-13,33.38,17.0,24.84,0.02,0.35,7.23,22.48,4.120570030291679
2004-09-14,28.34,12.86,19.77,8.33,0.35,10.4,22.36,2.594141131349999
2004-09-15,22.67,7.49,14.92,0.42,0.37,0.64,23.2,2.114005802350206
2004-09-16,29.48,9.23,18.46,0.08,0.36,3.68,22.58,3.3230155063539906
2004-09-17,32.45,13.34,22.44,0.0,0.36,2.87,22.74,4.1262248910704376
2004-09-18,34.21,14.89,24.91,0.0,0.36,2.87,21.7,4.630968987421711
2004-09-19,28.54,19.15,22.47,1.43,0.36,13.55,11.68,2.3479021685023778
2004-09-20,31.46,13.91,22.46,0.27,0.36,11.4,18.18,3.2635648243395163
2004-09-21,14.25,3.27,10.51,8.55,0.36,5.43,3.98,0.7258818817236439
2004-09-22,14.04,1.77,7.42,9.72,0.39,2.73,9.78,0.8593911435304649
2004-09-23,21.61,5.08,13.34,0.01,0.39,1.67,21.58,1.8925813507049258
2004-09-24,23.59,9.15,15.89,2.33,0.39,4.96,14.9,2.0413913294323205
2004-09-25,21.55,9.73,15.02,0.67,0.39,7.88,20.38,1.508243046694015
2004-09-26,22.45,10.33,15.57,0.0,0.38,7.17,17.45,1.7037103879399755
2004-09-27,23.84,8.95,15.68,0.1,0.38,7.08,18.87,1.9480058198895946
2004-09-28,20.49,6.11,12.91,0.02,0.38,5.0,15.99,1.5378436318654165
2004-09-29,25.13,9.81,16.09,0.0,0.38,8.18,19.14,2.106398893188951
2004-09-30,18.51,9.4,13.53,2.79,0.38,7.77,14.27,1.0750319636207908
2004-10-01,14.1,5.82,8.94,2.5,0.38,2.97,8.94,0.8528539827565832
2004-10-02,22.82,5.07,13.41,0.34,0.38,3.39,19.51,1.9999973992439206
2004-10-03,23.64,8.79,15.27,0.05,0.38,2.56,18.59,2.185618798949929
2004-10-04,18.78,6.73,11.68,0.82,0.38,5.52,13.87,1.2629285913368804
2004-10-05,16.37,7.94,11.65,0.83,0.38,9.04,13.81,0.7105396468028631
2004-10-06,20.75,8.18,13.66,1.49,0.38,7.91,12.98,1.3828591491858595
2004-10-07,23.97,7.53,14.88,0.0,0.38,1.02,18.53,2.32089103466643
2004-10-08,19.72,7.12,12.22,0.0,0.38,0.68,18.92,1.6563609298906008
2004-10-09,23.16,6.63,13.97,0.0,0.38,2.97,18.39,2.0805865253353764
2004-10-10,20.07,8.17,13.0,0.17,0.37,6.75,15.24,1.3636432949082211
2004-10-11,11.61,8.79,9.86,2.99,0.38,6.91,6.94,0.37121593060744684
2004-10-12,19.76,6.28,12.14,0.51,0.38,5.16,16.94,1.4216653405247475
2004-10-13,9.22,0.38,5.34,3.62,0.38,-1.28,6.8,0.6090453238657076
2004-10-14,17.57,0.15,7.82,0.22,0.38,1.12,7.64,1.346423180734885
2004-10-15,16.55,1.47,6.99,0.09,0.38,2.32,7.0,1.1611899237982797
2004-10-16,21.05,0.51,9.29,0.0,0.38,1.48,16.77,1.8148446917080903
2004-10-17,25.2,7.68,14.87,0.0,0.38,0.09,10.71,2.5908999374245414
2004-10-18,21.4,5.69,12.56,0.01,0.38,2.57,16.23,1.8138204172268138
2004-10-19,18.28,5.35,10.94,0.0,0.38,3.12,12.38,1.3363636472143479
2004-10-20,22.4,5.62,13.2,0.0,0.37,2.83,14.51,1.9604100758859841
2004-10-21,24.54,9.1,15.78,0.0,0.37,0.88,10.19,2.4309667261818237
2004-10-22,19.36,6.16,12.71,0.24,0.37,-0.53,14.56,1.6595945656607416
2004-10-23,19.11,2.4,9.96,0.0,0.37,-4.46,16.09,1.7737523037563454
2004-10-24,17.08,4.83,9.92,0.0,0.37,-0.56,9.35,1.361224352630975
2004-10-25,14.09,1.44,7.08,0.0,0.37,1.05,11.14,0.948882814840146
2004-10-26,19.21,2.32,9.82,0.0,0.37,4.31,14.88,1.3951699492681753
2004-10-27,21.97,7.53,13.26,0.03,0.37,7.52,13.08,1.6009016902945685
2004-10-28,23.4,9.45,15.71,0.0,0.37,3.6,14.45,2.0874831523173905
2004-10-29,14.41,3.29,8.72,0.0,0.36,-3.92,13.57,1.1846342497562112
2004-10-30,15.61,1.04,7.22,0.0,0.36,-4.59,15.21,1.3390103384026446
2004-10-31,13.94,1.17,6.44,0.77,0.36,-2.79,14.66,1.0950351939465492
2004-11-01,0.84,-5.7,-1.01,4.55,0.36,-5.24,2.28,0.2356031787139169
2004-11-02,8.34,-7.85,-0.59,0.0,0.37,-9.84,12.56,0.8085075272608164
2004-11-03,15.47,-2.19,5.92,0.01,0.37,-6.76,13.22,1.3895320132732507
2004-11-04,11.2,1.07,4.58,0.0,0.37,-1.03,13.78,0.763765073007722
2004-11-05,21.78,1.5,10.1,0.0,0.37,-5.31,14.06,2.197320940199492
2004-11-06,22.45,4.2,11.06,0.0,0.37,-6.73,13.27,2.348365769083686
2004-11-07,19.36,3.45,9.62,0.0,0.37,-4.25,13.58,1.8014523357880106
2004-11-08,19.65,3.91,10.3,0.0,0.37,-0.14,8.68,1.6834927872980372
2004-11-09,20.56,6.3,11.46,0.55,0.37,3.24,9.67,1.6498073628959338
2004-11-10,6.72,-2.2,2.75,6.11,0.38,-1.23,1.38,0.42451936460115447
2004-11-11,4.21,-5.2,-0.78,0.0,0.38,-9.85,8.35,0.5362318506341153
2004-11-12,7.07,-3.79,0.53,0.0,0.38,-8.19,6.97,0.6772362024242422
2004-11-13,3.92,-1.79,0.04,1.23,0.38,-2.84,4.55,0.31318737573564825
2004-11-14,7.9,-3.0,0.79,0.09,0.38,-3.26,5.07,0.5852800727773189
2004-11-15,12.03,-1.87,3.64,0.0,0.38,-1.55,10.87,0.8601022435292449
2004-11-16,16.63,0.13,7.55,0.01,0.38,1.9,9.75,1.1921506486853877
2004-11-17,14.44,4.24,8.13,2.65,0.38,4.07,5.49,0.827549614832249
2004-11-18,8.89,0.44,4.26,0.86,0.38,1.8,4.92,0.4439518418965761
2004-11-19,10.73,0.0,3.93,0.02,0.38,-2.44,11.76,0.7788608019162573
2004-11-20,3.04,-4.69,-0.84,3.25,0.38,-4.44,4.28,0.3204903353073477
2004-11-21,4.0,-5.03,-2.2,0.22,0.38,-4.41,3.85,0.37283386847099087
2004-11-22,13.63,-4.84,3.9,0.0,0.38,-4.16,10.91,1.111806140642855
2004-11-23,2.71,-4.79,-1.74,0.38,0.38,-5.21,4.43,0.3278043842475858
2004-11-24,6.13,-5.16,-0.14,0.0,0.38,-6.42,10.83,0.5656895523162464
2004-11-25,14.92,-0.41,6.81,0.0,0.38,-3.83,8.17,1.236474938317259
2004-11-26,5.89,-2.14,3.07,1.68,0.38,-1.45,1.82,0.378739776677
2004-11-27,1.93,-5.79,-2.33,1.0,0.38,-7.64,9.37,0.3582469256133969
2004-11-28,0.06,-6.75,-4.09,2.58,0.38,-7.58,1.77,0.2679985230596235
2004-11-29,-4.51,-8.48,-6.56,0.93,0.38,-11.56,3.5,0.18486975643326703
2004-11-30,3.6,-10.86,-3.49,0.0,0.38,-13.48,9.52,0.5747828616364177
2004-12-01,1.78,-7.74,-3.12,0.03,0.38,-11.2,6.54,0.4349700914927856
2004-12-02,2.05,-9.13,-4.38,0.0,0.38,-11.0,10.65,0.44433942986164926
2004-12-03,6.18,-5.82,-1.04,0.0,0.38,-10.01,10.67,0.6613422417598512
2004-12-04,9.38,-2.46,1.2,0.0,0.38,-6.44,10.46,0.8005786498594389
2004-12-05,5.15,-1.96,0.29,0.54,0.38,-5.06,7.59,0.46222569357687876
2004-12-06,6.15,-2.71,1.0,0.0,0.38,-6.35,9.44,0.5649570160918775
2004-12-07,9.15,-2.62,1.48,0.0,0.38,-8.15,9.55,0.8292678851648476
2004-12-08,9.82,0.14,3.17,0.0,0.38,-6.17,9.38,0.8280350414939086
2004-12-09,8.67,-3.44,2.41,0.0,0.38,-4.94,9.27,0.6996164580393703
2004-12-10,12.85,-3.43,3.72,0.0,0.38,-2.31,10.2,0.9677076255929664
2004-12-11,18.97,0.99,8.76,0.0,0.38,-2.96,8.32,1.7021935466259506
2004-12-12,7.87,-4.97,1.31,0.0,0.38,-6.15,9.65,0.6775217148797834
2004-12-13,2.19,-6.24,-3.09,0.0,0.38,-12.65,9.75,0.4843215957628856
2004-12-14,9.0,-4.8,0.7,0.0,0.38,-8.14,9.98,0.8173241956880524
2004-12-15,7.97,-1.26,2.32,0.08,0.38,-2.64,8.1,0.5676360336205896
2004-12-16,6.94,-2.52,0.67,0.0,0.38,-4.53,10.1,0.5612884495416792
2004-12-17,10.39,-2.14,2.04,0.0,0.38,-8.58,6.34,0.9408740153702386
2004-12-18,6.68,-2.89,0.51,0.0,0.38,-7.67,8.9,0.6369896344159103
2004-12-19,13.33,-2.68,3.53,0.0,0.38,-7.41,9.97,1.1803489797751456
2004-12-20,11.44,-5.44,3.04,0.0,0.38,-9.55,9.87,1.0555321742040844
2004-12-21,1.64,-5.38,-2.46,0.28,0.38,-9.93,5.07,0.4003657259837088
2004-12-22,-4.37,-6.4,-5.34,2.48,0.38,-8.97,5.17,0.1318403985170073
2004-12-23,-5.89,-15.65,-11.43,1.31,0.38,-15.85,4.48,0.21609718780714143
2004-12-24,5.37,-15.39,-4.04,0.27,0.38,-12.99,6.38,0.6704255069012659
2004-12-25,8.55,-1.38,1.67,0.06,0.38,-6.99,9.36,0.7519938395436652
2004-12-26,9.02,-2.23,1.41,0.0,0.38,-6.31,7.49,0.768535528805913
2004-12-27,8.72,0.25,2.96,0.0,0.38,-5.67,6.78,0.72630086176188
2004-12-28,12.58,-0.28,3.71,0.0,0.38,-3.97,9.81,1.0018270732414944
2004-12-29,12.31,-0.04,5.02,0.0,0.38,-0.55,6.61,0.8447131596700029
2004-12-30,12.48,-1.17,4.51,0.0,0.38,-5.48,10.34,1.0415091341501155
2004-12-31,10.24,-0.82,3.32,0.0,0.38,-6.62,7.13,0.8757527846477251
2005-01-01,11.65,-3.91,3.02,0.0,0.38,-4.63,9.08,0.9373608712004232
2005-01-02,2.71,-5.41,-1.95,0.0,0.38,-5.22,4.1,0.3281196395348108
2005-01-03,4.72,-4.58,-2.02,0.0,0.38,-4.88,4.27,0.4303772997314817
2005-01-04,-2.09,-11.53,-5.96,1.33,0.38,-8.99,1.36,0.2144740199422825
2005-01-05,-11.95,-15.25,-14.11,1.31,0.38,-17.96,6.34,0.09592664959800018
2005-01-06,5.47,-14.89,-4.4,0.01,0.38,-11.54,10.58,0.6487004621942029
2005-01-07,0.36,-8.21,-4.58,0.01,0.38,-11.08,10.85,0.36484264308845765
2005-01-08,8.77,-7.04,0.63,0.0,0.38,-5.78,8.96,0.733470616699706
2005-01-09,13.39,-0.16,4.45,0.02,0.38,-2.44,10.44,1.0259330467658512
2005-01-10,11.39,-2.98,2.24,0.02,0.38,-1.19,4.83,0.7872517573910365
2005-01-11,6.48,-2.22,0.65,0.0,0.38,-1.61,4.14,0.4238121066160203
2005-01-12,0.29,-6.25,-2.53,1.79,0.38,-6.66,3.56,0.25285806192964233
2005-01-13,4.94,-5.53,-1.36,0.0,0.38,-11.31,10.14,0.6113064692319505
2005-01-14,6.79,-9.43,-4.04,0.02,0.38,-9.98,7.19,0.7013385688508735
2005-01-15,6.84,-11.45,-3.86,0.01,0.38,-10.99,7.98,0.726862335990414
2005-01-16,2.89,-9.85,-3.84,0.0,0.38,-8.63,10.05,0.4335690432705467
2005-01-17,9.0,-1.81,1.6,0.0,0.38,-3.56,9.57,0.6785281539025674
2005-01-18,14.02,-1.5,4.09,0.0,0.38,-3.47,9.44,1.127969220485657
2005-01-19,16.55,0.76,6.57,0.0,0.38,-1.4,9.36,1.3318568160480884
2005-01-20,19.29,2.65,8.15,0.0,0.38,-4.82,11.42,1.810496086197079
2005-01-21,16.06,-1.5,6.96,0.0,0.38,-3.23,8.27,1.3439836212390799
2005-01-22,2.93,-5.1,-2.3,0.0,0.38,-8.58,11.19,0.43445862724668677
2005-01-23,16.87,-4.99,6.13,0.0,0.38,-4.88,11.35,1.4967928029703441
2005-01-24,18.83,1.16,7.57,0.0,0.37,-3.93,11.77,1.7175361409159466
2005-01-25,14.7,0.09,5.4,0.0,0.37,-4.64,9.84,1.2398545251577004
2005-01-26,8.96,-0.26,3.78,0.01,0.37,-3.07,10.02,0.6578880908951432
2005-01-27,8.95,-0.5,2.27,0.04,0.37,-0.59,3.13,0.5591226837006176
2005-01-28,4.72,-1.93,1.07,0.32,0.37,-1.29,3.85,0.2996268041513944
2005-01-29,8.47,-2.52,1.99,0.05,0.37,-1.75,11.45,0.5703464782255133
2005-01-30,5.61,-3.28,-0.05,0.45,0.37,-2.86,4.88,0.4153919174221831
2005-01-31,4.8,-3.38,0.35,0.76,0.37,-4.4,8.8,0.41944729059130414
2005-02-01,5.26,-4.33,-0.12,0.0,0.37,-5.98,10.01,0.49742462361978995
2005-02-02,7.72,-4.06,0.53,0.0,0.37,-5.42,13.77,0.6445509906815968
2005-02-03,12.06,-2.54,3.59,0.0,0.37,-4.99,13.94,0.986626127399062
2005-02-04,14.59,-1.53,4.73,0.0,0.37,-6.77,14.0,1.2930271621599456
2005-02-05,14.84,-0.45,6.11,0.01,0.37,-7.96,11.23,1.3524475134723957
2005-02-06,3.3,-5.22,-1.91,0.31,0.37,-6.32,5.9,0.3932682190671199
2005-02-07,2.5,-5.41,-2.66,0.06,0.37,-7.19,4.17,0.3752149752484675
2005-02-08,-0.76,-5.61,-4.09,0.26,0.37,-8.06,6.07,0.24502406469325888
2005-02-09,4.86,-4.36,-0.25,0.0,0.37,-10.91,14.78,0.5980855934329137
2005-02-10,10.89,-2.41,2.74,0.0,0.37,-11.51,14.14,1.0498896581221289
2005-02-11,12.47,-1.27,3.81,0.0,0.37,-10.11,14.14,1.1634000244523757
2005-02-12,12.45,1.81,6.42,0.0,0.37,-3.02,8.29,0.9558322682646966
2005-02-13,14.62,1.92,6.92,0.0,0.37,-4.36,15.58,1.2219763762372553
2005-02-14,17.59,-1.32,7.39,0.01,0.37,-5.18,12.66,1.5959236003683583
2005-02-15,3.66,-5.89,-1.58,0.37,0.37,-5.93,3.9,0.4016588783188853
2005-02-16,0.79,-5.97,-3.62,0.22,0.37,-8.24,5.67,0.3186588328417781
2005-02-17,10.77,-5.48,0.25,0.0,0.37,-10.53,16.88,1.018857402086384
2005-02-18,5.68,-4.26,-0.44,0.0,0.37,-7.02,10.36,0.5538024847987906
2005-02-19,17.87,-2.34,6.14,0.0,0.37,-1.7,11.93,1.5079411563189438
2005-02-20,15.27,0.65,7.21,0.32,0.37,-3.14,15.17,1.250683968468745
2005-02-21,14.96,-0.53,6.39,0.0,0.37,-4.97,16.49,1.2788225006917442
2005-02-22,6.16,-2.74,1.05,0.0,0.37,-3.17,12.5,0.4620709389268043
2005-02-23,6.67,-3.61,0.76,0.03,0.37,-5.34,8.13,0.5689566984308887
2005-02-24,10.4,-5.18,2.36,0.0,0.37,-10.41,17.47,0.9847152404732427
2005-02-25,12.45,-0.76,4.35,0.0,0.37,-8.95,17.27,1.1343208612487166
2005-02-26,11.7,-2.99,4.78,0.0,0.37,-5.67,17.41,0.9748351749272226
2005-02-27,7.79,-3.13,2.42,0.0,0.37,-7.59,16.38,0.7123161452241331
2005-02-28,6.67,-4.54,0.84,0.0,0.36,-8.99,18.54,0.6699488733677463
2005-03-01,11.91,-4.04,4.27,0.01,0.36,-8.53,17.92,1.0734567142390865
2005-03-02,11.82,0.25,4.85,0.02,0.36,-5.54,15.35,0.981788246659135
2005-03-03,14.76,-2.2,6.08,0.0,0.36,-8.82,19.02,1.365580874765078
2005-03-04,16.47,-0.32,7.72,0.0,0.36,-9.46,19.08,1.575411309405502
2005-03-05,17.18,-1.98,7.58,0.0,0.36,-5.58,18.47,1.556960683843619
2005-03-06,17.99,1.47,9.36,0.0,0.36,-5.64,19.32,1.6615504959073208
2005-03-07,8.34,-0.9,3.56,0.0,0.36,-5.9,17.12,0.7046185515466415
2005-03-08,8.49,-0.27,4.84,0.14,0.36,-4.56,12.53,0.6736398278928215
2005-03-09,17.79,-2.71,7.53,0.0,0.36,-3.84,17.83,1.577131164607451
2005-03-10,10.83,-0.43,5.81,0.0,0.36,-7.0,15.01,0.9366042019753995
2005-03-11,18.45,-1.49,8.87,0.0,0.36,-6.84,18.03,1.7572755280180279
2005-03-12,18.09,-0.01,10.02,0.63,0.36,-4.47,20.88,1.6372635232967303
2005-03-13,1.53,-4.82,-1.52,3.94,0.36,-7.87,16.04,0.3444855044863723
2005-03-14,-1.22,-5.45,-3.37,1.74,0.36,-10.14,11.54,0.2760959729404682
2005-03-15,5.77,-5.81,-0.74,0.02,0.36,-11.96,21.45,0.6760817298755459
2005-03-16,10.81,-4.68,3.42,0.0,0.37,-10.43,19.54,1.0201144319312094
2005-03-17,15.18,-0.88,7.16,0.0,0.37,-7.42,17.55,1.3754191840872734
2005-03-18,6.14,-4.73,0.96,0.0,0.36,-8.35,21.12,0.6188563292401427
2005-03-19,15.38,-5.27,4.44,0.0,0.36,-5.65,17.86,1.346682103786107
2005-03-20,15.08,-0.55,7.14,0.67,0.36,0.4,17.37,1.08533797132612
2005-03-21,7.11,-1.92,3.1,0.88,0.37,-0.79,4.86,0.4328885282512186
2005-03-22,10.06,-3.1,2.36,0.06,0.37,-3.46,11.61,0.7598424770917684
2005-03-23,10.92,-2.54,2.94,0.06,0.36,-2.03,4.59,0.7795097683045772
2005-03-24,11.08,-2.27,3.39,0.12,0.36,-2.68,12.54,0.8182635482012011
2005-03-25,7.1,-4.53,0.51,0.15,0.36,-5.3,9.82,0.5970815083035438
2005-03-26,8.37,-3.46,1.97,0.2,0.36,-5.21,11.23,0.6855973141095015
2005-03-27,17.63,-3.38,7.05,0.0,0.36,-7.53,21.64,1.669640529456685
2005-03-28,22.35,4.71,13.75,0.0,0.36,-4.81,12.9,2.2735697926592975
2005-03-29,19.08,2.26,9.06,1.14,0.36,-2.62,17.23,1.7046924028994015
2005-03-30,13.76,-0.87,6.51,4.65,0.36,-5.17,20.43,1.1581067667072271
2005-03-31,4.81,-2.99,1.01,5.13,0.37,-3.89,11.27,0.40277269375026226
2005-04-01,14.56,-5.55,4.78,0.0,0.38,-8.33,25.34,1.3317693314002264
2005-04-02,20.38,0.73,10.46,0.0,0.38,-6.47,24.98,2.017434475145761
2005-04-03,21.58,4.01,12.3,0.0,0.37,-4.38,15.29,2.1355728129816725
2005-04-04,23.84,6.79,14.75,0.0,0.37,-3.24,16.06,2.47445778647994
2005-04-05,7.32,4.6,5.72,13.43,0.38,2.39,4.12,0.2985058691061252
2005-04-06,16.1,0.77,7.9,0.01,0.39,-3.16,25.62,1.34612423553376
2005-04-07,21.47,0.09,10.98,0.0,0.39,-5.48,25.16,2.1536470211362886
2005-04-08,24.06,5.04,13.78,0.26,0.38,-1.96,17.99,2.465706838431361
2005-04-09,21.21,5.22,12.84,0.23,0.38,-3.12,23.39,2.034009403783756
2005-04-10,4.83,-0.04,2.36,14.02,0.38,-0.76,4.12,0.2841825397350688
2005-04-11,6.79,-1.53,1.7,1.74,0.4,-4.09,15.29,0.5363119968168457
2005-04-12,15.54,-1.75,6.6,0.0,0.4,-4.11,26.71,1.3150334686290386
2005-04-13,20.04,0.04,9.77,0.0,0.4,-1.96,26.83,1.815103794438179
2005-04-14,20.78,3.54,10.77,0.0,0.39,2.79,20.7,1.7070487268360197
2005-04-15,16.41,3.95,9.46,0.0,0.39,0.19,15.05,1.2471563602859508
2005-04-16,23.61,3.94,13.58,0.01,0.39,3.64,24.4,2.121894004285955
2005-04-17,21.16,6.49,12.69,2.1,0.38,5.89,14.86,1.5835407615186496
2005-04-18,27.05,6.32,16.92,0.0,0.38,-1.22,26.05,3.017162233686396
2005-04-19,24.07,8.24,15.6,0.02,0.38,1.22,25.97,2.3292684676400217
2005-04-20,20.29,5.01,12.04,2.55,0.38,3.45,16.8,1.5982775424377869
2005-04-21,17.9,1.61,9.05,2.22,0.38,-2.88,27.56,1.5570170676031234
2005-04-22,16.24,0.47,7.74,0.01,0.38,-2.54,24.06,1.3396499406206095
2005-04-23,17.78,0.08,8.86,0.0,0.38,-2.62,27.2,1.5319186949383559
2005-04-24,14.5,2.19,6.6,2.81,0.38,-1.36,16.09,1.0982942316575748
2005-04-25,14.1,2.59,7.6,1.07,0.38,-0.96,24.39,1.0395875906162253
2005-04-26,17.8,1.75,9.18,0.0,0.38,-3.76,23.9,1.5756413814720136
2005-04-27,19.15,-0.38,8.26,4.46,0.38,-0.27,23.38,1.6191393162924652
2005-04-28,8.73,-2.52,1.81,2.33,0.38,-3.06,9.27,0.6398493956857876
2005-04-29,7.66,-4.02,1.05,1.16,0.39,-5.9,13.17,0.6549323559632146
2005-04-30,11.02,-4.51,3.08,2.41,0.39,-3.1,16.86,0.8284769792431126
2005-05-01,10.12,-2.43,3.57,0.98,0.39,-4.87,17.79,0.8125190655841081
2005-05-02,13.34,-4.12,5.24,0.02,0.39,-5.05,17.62,1.1118293818024383
2005-05-03,15.96,-0.11,8.83,0.01,0.38,-0.51,25.52,1.2251483961795278
2005-05-04,21.98,3.45,12.61,0.09,0.38,1.61,26.27,1.9545222739891264
2005-05-05,25.66,6.38,16.66,0.0,0.38,1.95,23.73,2.591347727287866
2005-05-06,28.21,10.72,19.12,1.83,0.38,6.04,19.69,2.8886937434534454
2005-05-07,22.66,8.11,15.57,1.2,0.38,0.64,27.65,2.112336370822238
2005-05-08,17.74,8.15,12.26,0.15,0.37,2.01,17.47,1.3243412041423264
2005-05-09,24.86,5.14,15.78,0.0,0.37,2.55,28.92,2.407553120765468
2005-05-10,29.63,10.79,20.45,0.0,0.37,-0.97,29.85,3.584840555026905
2005-05-11,26.03,2.2,14.43,5.27,0.37,4.14,17.17,2.54609593168866
2005-05-12,21.58,-0.13,11.57,0.56,0.37,-2.05,30.84,2.0515381289792103
2005-05-13,19.49,6.0,12.69,0.24,0.37,-0.04,28.43,1.6564475539470944
2005-05-14,22.54,4.72,14.79,0.05,0.37,-1.75,26.96,2.1949642618857084
2005-05-15,22.27,8.96,15.46,0.48,0.37,5.59,27.26,1.7788602740858228
2005-05-16,29.66,10.08,20.42,0.09,0.37,4.44,26.38,3.3222228223192403
2005-05-17,28.16,11.84,20.89,0.04,0.36,1.23,19.67,3.14759794871362
2005-05-18,27.4,7.23,17.9,0.0,0.36,-1.09,30.87,3.0858551096476985
2005-05-19,31.53,12.02,22.28,0.0,0.36,3.28,30.13,3.8569821815676595
2005-05-20,34.42,14.94,25.86,0.0,0.35,5.71,28.24,4.528420591355993
2005-05-21,34.69,17.36,25.79,0.0,0.35,5.38,26.3,4.63133339187566
2005-05-22,30.48,13.23,21.85,0.0,0.35,5.96,30.09,3.4287686975943714
2005-05-23,32.79,13.89,23.11,6.35,0.35,10.87,22.91,3.6697850099926654
2005-05-24,30.44,15.22,21.97,4.39,0.36,12.75,22.93,2.8778789340433466
2005-05-25,20.53,9.93,15.21,1.6,0.37,6.59,18.98,1.442105963069888
2005-05-26,22.42,7.26,15.04,0.48,0.36,3.35,20.19,1.9355795798087412
2005-05-27,23.7,8.56,15.72,0.02,0.36,2.3,28.75,2.2096716103976624
2005-05-28,27.39,9.91,18.69,0.93,0.36,8.08,23.95,2.5691054418455788
2005-05-29,14.94,7.59,12.07,2.34,0.36,7.97,7.88,0.6281910090001266
2005-05-30,14.77,6.24,10.36,15.85,0.37,7.59,5.98,0.637079202351369
2005-05-31,22.45,5.07,13.67,2.0,0.4,3.6,29.43,1.926676930348424
2005-06-01,26.77,9.93,18.49,0.22,0.39,7.71,29.1,2.4657494861027947
2005-06-02,24.23,10.51,16.43,19.28,0.4,8.57,23.88,1.9102259717783467
2005-06-03,17.92,9.51,13.33,12.93,0.43,9.9,13.98,0.8338717153055828
2005-06-04,15.14,5.98,10.67,1.17,0.44,6.04,23.72,0.783075760225645
2005-06-05,25.42,7.73,17.23,0.16,0.43,4.53,31.44,2.4037944794630017
2005-06-06,30.69,10.72,21.32,0.02,0.41,4.44,31.07,3.5751159094413847
2005-06-07,30.93,11.22,20.5,0.09,0.4,3.93,31.58,3.665456544481697
2005-06-08,25.99,8.55,17.75,0.0,0.39,1.38,32.9,2.6845149825724173
2005-06-09,26.44,8.73,17.47,1.44,0.39,6.38,27.0,2.489870853158057
2005-06-10,18.64,10.09,14.0,14.96,0.4,9.29,15.83,0.9777766480535004
2005-06-11,23.59,6.45,15.89,0.04,0.41,2.88,30.82,2.159932657485406
2005-06-12,22.04,11.38,15.35,11.4,0.42,9.28,16.07,1.4804258852959173
2005-06-13,21.87,9.44,15.21,0.67,0.41,2.62,26.71,1.8854821363308796
2005-06-14,26.48,6.43,17.55,0.0,0.4,5.1,31.95,2.5795879664317143
2005-06-15,33.14,12.54,21.54,1.11,0.4,9.49,24.5,3.8831617178703786
2005-06-16,32.16,13.54,23.16,0.47,0.39,9.26,28.22,3.6295525363931773
2005-06-17,30.19,15.72,23.16,0.62,0.39,12.94,30.28,2.7976230089199836
2005-06-18,34.6,15.82,24.79,0.0,0.38,10.56,29.38,4.224748330950123
2005-06-19,36.42,16.17,26.71,0.04,0.37,11.59,30.36,4.714184930181444
2005-06-20,36.15,18.37,27.75,2.11,0.37,12.01,30.31,4.58657809334156
2005-06-21,35.32,20.75,27.92,0.42,0.37,13.27,27.61,4.198463244188636
2005-06-22,36.13,19.64,27.97,0.08,0.36,10.79,30.46,4.689002370672492
2005-06-23,36.42,18.3,27.07,3.3,0.36,9.06,26.64,4.926555152727964
2005-06-24,31.72,18.3,24.53,3.96,0.37,13.06,26.42,3.176398375605797
2005-06-25,29.52,17.26,23.2,5.75,0.38,14.45,24.24,2.481744928308604
2005-06-26,34.11,17.29,25.12,4.86,0.38,10.07,26.38,4.1181910994505975
2005-06-27,34.66,14.71,24.72,0.0,0.38,3.86,31.26,4.712594477761066
2005-06-28,35.77,13.76,25.35,0.35,0.37,5.27,28.25,4.977545750411722
2005-06-29,32.48,16.4,24.64,0.02,0.37,7.68,30.34,3.8356631035726187
2005-06-30,29.96,14.17,22.06,2.69,0.36,7.06,30.28,3.227346303541915
2005-07-01,31.68,14.5,23.35,1.65,0.37,10.9,27.19,3.3654539240864185
2005-07-02,36.36,17.18,26.89,0.33,0.36,8.79,27.92,4.927479436781018
2005-07-03,31.58,17.77,24.36,1.88,0.36,8.52,23.74,3.531723731447487
2005-07-04,28.46,14.66,21.03,7.4,0.37,11.73,23.76,2.5045720780406278
2005-07-05,30.53,15.38,21.41,3.91,0.38,14.66,19.5,2.705396589077476
2005-07-06,33.02,15.23,24.08,1.61,0.38,13.5,29.83,3.488326284068778
2005-07-07,35.36,18.28,26.92,1.51,0.37,11.3,26.17,4.396405836317727
2005-07-08,36.25,19.22,27.94,0.21,0.37,10.8,29.63,4.7276106765795305
2005-07-09,36.2,20.09,28.25,0.18,0.37,10.82,29.41,4.709411417858925
2005-07-10,34.84,19.8,26.8,0.59,0.36,11.66,29.21,4.201721293546792
2005-07-11,33.37,17.18,25.71,0.77,0.36,13.34,29.14,3.604078838862292
2005-07-12,32.9,18.24,26.35,0.71,0.36,13.35,28.28,3.4695928816495982
2005-07-13,34.62,18.21,26.63,0.0,0.36,11.19,29.06,4.176273252083243
2005-07-14,36.81,18.14,27.64,0.0,0.35,11.92,30.42,4.8149859731529
2005-07-15,34.58,20.08,27.13,0.4,0.35,10.79,28.99,4.198962493666821
2005-07-16,36.46,17.75,27.63,0.26,0.35,9.18,30.31,4.930495363417132
2005-07-17,31.8,19.03,25.76,0.44,0.35,9.43,25.5,3.519461288521116
2005-07-18,29.8,15.71,22.7,0.0,0.35,10.32,26.59,2.9400888271277443
2005-07-19,38.87,18.07,28.66,0.0,0.35,11.01,29.54,5.629238313896042
2005-07-20,41.64,22.15,32.44,0.13,0.34,6.95,23.51,7.04672900397353
2005-07-21,40.74,23.06,31.9,0.0,0.34,8.85,29.22,6.535026238161255
2005-07-22,39.55,22.73,31.3,0.0,0.34,7.4,30.14,6.170837010305007
2005-07-23,40.15,23.46,31.75,0.01,0.34,10.99,29.65,6.122938987172038
2005-07-24,28.75,21.78,25.78,4.1,0.34,14.95,26.82,2.2483042646718303
2005-07-25,33.91,19.49,25.42,8.38,0.35,14.18,24.51,3.6752887207731226
2005-07-26,22.29,12.94,17.82,2.13,0.36,10.64,16.03,1.409398067719208
2005-07-27,29.21,10.63,20.31,0.01,0.36,7.99,29.76,2.9825085363149846
2005-07-28,33.48,15.01,24.52,0.0,0.36,5.77,28.34,4.246849004073059
2005-07-29,37.13,17.71,27.5,0.0,0.36,3.29,29.72,5.5458773213365244
2005-07-30,38.6,19.41,28.69,0.02,0.35,1.68,29.6,6.15308629542812
2005-07-31,37.81,18.4,27.97,0.15,0.35,8.09,28.75,5.477635750950462
2005-08-01,37.44,20.34,28.35,0.1,0.35,7.55,27.98,5.38643518212262
2005-08-02,38.46,19.4,28.8,0.24,0.34,7.07,27.77,5.784638426717455
2005-08-03,36.38,18.92,27.2,3.66,0.34,10.48,27.59,4.797965805680963
2005-08-04,20.05,14.71,17.59,1.78,0.35,12.23,14.45,0.9215508997316773
2005-08-05,21.7,14.13,17.86,0.0,0.35,10.72,21.81,1.3074892917692877
2005-08-06,32.56,13.87,23.47,0.0,0.35,9.32,27.72,3.7342078443007978
2005-08-07,33.05,16.19,25.06,0.0,0.35,10.59,26.65,3.7669086767246847
2005-08-08,35.05,18.18,27.12,0.0,0.35,10.22,27.67,4.392054987390317
2005-08-09,35.4,19.74,27.83,1.88,0.34,11.75,22.99,4.368577397309424
2005-08-10,28.18,18.99,22.9,18.65,0.36,17.12,21.23,1.8672134107897234
2005-08-11,29.18,17.34,22.48,5.18,0.39,14.12,22.76,2.4364377441955374
2005-08-12,26.03,15.19,20.51,1.49,0.39,12.21,14.25,1.9453015538866971
2005-08-13,22.25,13.88,17.33,6.49,0.39,12.46,11.04,1.2388105787694847
2005-08-14,24.62,11.7,17.65,2.0,0.39,9.91,23.94,1.8762028594020446
2005-08-15,27.64,11.36,19.52,0.0,0.39,9.72,26.14,2.4963056839296414
2005-08-16,29.51,13.51,21.44,5.42,0.38,13.19,21.4,2.6087717774321497
2005-08-17,31.45,15.39,23.54,1.54,0.39,10.86,27.28,3.3084291805481154
2005-08-18,32.8,15.63,24.26,0.2,0.38,7.15,26.86,3.961767564422005
2005-08-19,29.53,16.78,22.63,0.69,0.38,12.69,23.03,2.6623440926921216
2005-08-20,26.64,16.59,20.92,2.19,0.38,13.39,20.65,1.9543168878187174
2005-08-21,27.93,14.82,21.03,2.61,0.38,12.26,17.12,2.337759778955279
2005-08-22,27.25,14.34,20.47,5.09,0.38,13.16,20.39,2.104448519944337
2005-08-23,28.99,14.19,21.03,13.42,0.39,14.42,23.07,2.360663171476342
2005-08-24,30.49,15.84,22.58,1.04,0.4,12.28,25.35,2.9351144559467928
2005-08-25,32.41,17.67,23.91,6.03,0.4,12.49,23.44,3.4175224882068105
2005-08-26,29.77,14.57,21.69,0.0,0.4,11.14,24.39,2.8624289976168376
2005-08-27,32.0,15.36,23.32,1.47,0.39,8.25,25.32,3.6636031921114522
2005-08-28,30.26,14.74,22.31,0.9,0.39,9.19,25.2,3.1438737746575676
2005-08-29,32.48,15.22,23.61,0.28,0.38,7.26,25.57,3.86538854924128
2005-08-30,34.03,16.31,24.92,0.2,0.38,6.52,25.6,4.358839021396031
2005-08-31,22.4,11.48,16.72,0.12,0.37,2.46,20.53,1.9798705736790159
2005-09-01,28.96,10.92,19.92,0.09,0.37,8.67,23.47,2.873711514230111
2005-09-02,30.12,16.08,22.71,0.0,0.37,11.85,23.9,2.8836059900462216
2005-09-03,32.59,14.63,23.68,0.02,0.37,10.55,24.29,3.641654796092466
2005-09-04,33.5,15.86,25.0,0.02,0.36,9.97,23.25,3.9474551717740383
2005-09-05,33.2,17.38,25.31,0.27,0.36,9.79,22.35,3.876064088308006
2005-09-06,24.41,17.98,21.03,0.9,0.36,13.94,19.3,1.4657509091281373
2005-09-07,29.88,16.71,22.57,7.79,0.37,15.18,21.01,2.488738210629365
2005-09-08,33.24,17.33,25.3,0.24,0.37,11.85,22.89,3.7095092160444945
2005-09-09,34.03,18.06,25.9,0.01,0.37,10.27,22.35,4.0777943400921455
2005-09-10,33.09,18.11,24.94,0.0,0.36,5.95,23.32,4.123719557940948
2005-09-11,31.42,14.8,23.02,0.0,0.36,1.94,21.89,3.8985201324918233
2005-09-12,30.89,14.91,22.22,0.0,0.36,2.38,23.47,3.739470874390065
2005-09-13,22.67,10.07,16.09,0.36,0.36,0.88,23.19,2.1028043189314647
2005-09-14,21.56,8.07,14.69,3.16,0.36,4.56,18.63,1.7279706034752218
2005-09-15,25.69,8.79,17.04,0.0,0.36,4.06,22.04,2.4836283246494526
2005-09-16,28.22,9.89,19.11,0.0,0.36,3.66,22.16,3.0346174274330266
2005-09-17,30.68,12.1,20.88,0.01,0.36,-1.3,23.33,3.8560196021283857
2005-09-18,28.05,10.61,18.19,0.02,0.35,2.92,18.73,3.037474069416357
2005-09-19,27.9,10.82,18.15,0.04,0.35,5.82,20.12,2.834457001726693
2005-09-20,31.09,13.94,22.57,0.0,0.35,9.96,21.14,3.290987612955673
2005-09-21,34.17,17.88,24.94,0.07,0.35,5.43,16.4,4.470973096379673
2005-09-22,19.3,12.47,15.71,0.14,0.35,4.98,13.76,1.3677642391385907
2005-09-23,28.43,10.74,19.47,0.0,0.35,9.59,19.92,2.6809765140036452
2005-09-24,29.19,14.04,20.7,0.0,0.35,7.05,16.72,3.044567160352141
2005-09-25,22.54,9.87,14.7,0.03,0.35,7.27,16.93,1.7116291094638143
2005-09-26,25.13,7.21,15.9,0.0,0.35,4.0,20.24,2.3791292552257444
2005-09-27,32.51,12.03,20.9,0.12,0.35,4.26,18.79,4.06526870803191
2005-09-28,16.06,6.76,11.55,0.55,0.35,3.14,11.67,1.0599382175874095
2005-09-29,22.36,7.33,13.16,0.0,0.35,4.35,14.62,1.8689903752925918
2005-09-30,28.08,10.03,18.72,0.0,0.35,-1.54,20.01,3.2519325189760866
2005-10-01,31.0,11.1,21.17,0.0,0.35,0.43,20.19,3.8624112309410212
2005-10-02,31.36,14.88,22.26,0.0,0.34,-0.04,19.48,3.976468538871022
2005-10-03,29.68,8.63,19.66,0.0,0.34,3.45,19.39,3.38349345166531
2005-10-04,24.63,8.48,17.06,1.17,0.34,8.22,11.61,2.009680546228998
2005-10-05,14.55,1.53,7.66,0.03,0.35,-3.21,13.96,1.1745595381688774
2005-10-06,13.0,-0.78,5.24,0.0,0.35,-4.67,11.91,1.0659211077273874
2005-10-07,19.59,0.03,9.0,0.0,0.35,-1.26,19.2,1.722580993099909
2005-10-08,24.81,4.47,13.82,0.0,0.35,2.92,18.62,2.3786283610273666
2005-10-09,17.8,4.96,11.08,17.38,0.35,5.59,9.8,1.129280437212024
2005-10-10,5.09,1.24,3.1,46.91,0.43,2.14,2.43,0.165063619597705
2005-10-11,9.31,1.06,4.11,7.73,0.48,2.16,5.08,0.45856372541110657
2005-10-12,14.94,2.58,8.09,0.0,0.47,2.17,16.86,0.984497248224905
2005-10-13,19.85,3.95,11.01,0.0,0.46,2.39,17.66,1.5910764936108013
2005-10-14,22.5,6.01,12.94,0.0,0.45,2.76,16.35,1.980631771783457
2005-10-15,22.0,6.44,13.35,0.01,0.44,4.96,15.17,1.7740528839199405
2005-10-16,22.27,9.5,14.61,0.01,0.43,6.85,14.92,1.6961701346657947
2005-10-17,23.98,9.25,15.56,0.0,0.42,5.06,16.48,2.1043661460017256
2005-10-18,24.02,8.08,15.13,0.0,0.42,3.56,16.72,2.1990848222863835
2005-10-19,11.83,3.42,7.7,1.97,0.41,2.64,4.73,0.6482961374234523
2005-10-20,20.57,2.36,11.16,0.26,0.41,3.59,16.19,1.631981598063272
2005-10-21,9.84,3.92,7.61,1.25,0.41,5.5,8.97,0.3116295357290133
2005-10-22,14.31,1.03,7.79,0.0,0.41,2.08,15.39,0.9213578502909883
2005-10-23,9.02,-3.61,1.92,0.0,0.4,-5.48,15.87,0.7435433857813722
2005-10-24,18.83,-1.27,8.3,0.04,0.4,-3.78,15.12,1.7123558167118542
2005-10-25,20.63,2.2,10.43,0.0,0.4,-2.43,15.38,1.920183350639272
2005-10-26,19.31,4.09,10.21,0.0,0.4,-1.15,14.33,1.6787202149689224
2005-10-27,17.62,3.28,9.55,0.0,0.39,2.59,14.9,1.2791890685149996
2005-10-28,21.92,5.03,12.25,0.0,0.39,2.7,10.46,1.8892832271112483
2005-10-29,16.82,6.05,10.63,0.77,0.39,4.38,12.37,1.0804649108169935
2005-10-30,13.46,1.89,6.53,2.71,0.39,1.84,8.51,0.8458367385898237
2005-10-31,11.02,0.94,5.03,0.01,0.4,-2.41,14.87,0.8028428276665547
2005-11-01,20.54,3.26,10.33,0.05,0.39,-2.94,14.31,1.9257721029701997
2005-11-02,23.54,5.94,13.25,0.0,0.39,-2.19,10.9,2.3824779643542056
2005-11-03,21.51,5.09,12.92,0.0,0.39,-2.09,8.29,2.0420823710156597
2005-11-04,17.98,1.09,8.7,0.5,0.39,-1.88,13.67,1.529282003944059
2005-11-05,8.82,0.42,4.02,3.1,0.39,-2.18,7.31,0.6137501595326956
2005-11-06,20.02,-0.93,8.69,0.0,0.39,-4.0,12.8,1.8869175770846103
2005-11-07,22.05,5.97,12.72,0.0,0.39,-0.71,12.06,2.072048998161935
2005-11-08,24.71,7.26,14.47,0.0,0.39,-0.52,10.79,2.525400202156106
2005-11-09,11.13,1.84,5.14,0.0,0.39,-4.37,8.32,0.8823407371929415
2005-11-10,23.54,3.41,12.18,0.0,0.39,0.35,10.96,2.2759820101153467
2005-11-11,23.99,8.34,14.4,1.34,0.38,2.2,10.49,2.2663214915022074
2005-11-12,16.31,0.41,8.58,2.61,0.39,-1.53,12.51,1.3085608395526918
2005-11-13,7.35,-2.76,2.02,0.0,0.39,-5.22,9.68,0.6120011110932572
2005-11-14,15.95,-1.86,4.99,2.78,0.39,-2.93,7.06,1.3202967540809265
2005-11-15,0.64,-6.81,-3.91,0.06,0.39,-12.79,12.25,0.4114822032478057
2005-11-16,7.51,-5.97,-0.12,0.0,0.39,-10.86,12.57,0.7706876011989441
2005-11-17,5.67,-3.68,0.49,0.02,0.39,-5.27,10.59,0.5013408097873031
2005-11-18,14.01,-3.22,4.43,0.03,0.39,-5.78,12.0,1.20276955675038
2005-11-19,6.25,-3.1,2.47,0.08,0.39,-4.13,6.38,0.5015851899788168
2005-11-20,12.86,-3.57,3.33,0.0,0.39,-6.45,11.9,1.1071106772596657
2005-11-21,13.21,0.06,5.34,0.0,0.39,-3.78,10.69,1.0566297358833654
2005-11-22,15.38,0.2,6.63,0.0,0.39,-5.08,11.31,1.328892662129749
2005-11-23,17.31,1.81,7.4,0.0,0.39,-6.56,11.94,1.6023041116624097
2005-11-24,12.58,0.14,4.44,0.0,0.39,-5.04,10.7,1.0372155932836467
2005-11-25,14.55,-1.67,4.9,0.0,0.38,-7.25,11.73,1.302134394510729
2005-11-26,16.6,-0.46,5.87,0.0,0.38,-6.93,10.82,1.525843491918856
2005-11-27,1.39,-2.25,-0.07,1.5,0.38,-6.41,1.21,0.2972639511552258
2005-11-28,0.91,-5.29,-2.74,0.06,0.38,-12.23,6.08,0.41348527435809834
2005-11-29,4.32,-6.91,-2.58,0.04,0.38,-12.43,9.37,0.5966293051275682
2005-11-30,4.44,-6.63,-0.93,0.05,0.38,-10.36,7.25,0.5611387012389164
2005-12-01,3.46,-6.51,-2.49,0.0,0.38,-10.47,9.63,0.5076301776363903
2005-12-02,13.83,-2.06,2.75,0.22,0.38,-3.81,8.49,1.1202540609700005
2005-12-03,1.27,-3.41,-1.49,1.63,0.38,-7.46,5.11,0.32090939456654516
2005-12-04,1.84,-7.55,-3.5,0.06,0.38,-11.85,7.91,0.4511836222812864
2005-12-05,1.81,-6.17,-3.02,0.0,0.38,-14.37,7.82,0.4954562113654887
2005-12-06,-2.63,-14.71,-8.88,1.13,0.38,-14.59,3.66,0.30628037138857217
2005-12-07,-12.5,-16.57,-14.99,0.21,0.38,-20.99,5.51,0.11948757868829288
2005-12-08,1.19,-16.62,-8.42,0.0,0.38,-18.14,8.84,0.5195179840939949
2005-12-09,3.83,-9.05,-3.11,0.0,0.38,-13.7,9.13,0.5915711460196459
2005-12-10,5.88,-3.94,-0.68,0.0,0.38,-9.29,9.79,0.6251585962769834
2005-12-11,8.03,-3.86,0.28,0.0,0.38,-8.81,10.36,0.7611231814133872
2005-12-12,9.19,-1.36,1.95,0.0,0.38,-5.4,9.91,0.7543267683578325
2005-12-13,6.79,-2.25,1.18,0.07,0.38,-4.82,4.86,0.5605342021557397
2005-12-14,2.1,-4.43,-1.68,0.0,0.38,-11.9,10.3,0.4652804326105314
2005-12-15,0.41,-7.09,-4.02,0.0,0.38,-14.29,10.57,0.42729240798932167
2005-12-16,-4.08,-11.08,-7.26,0.0,0.38,-12.55,8.37,0.2186762527640655
2005-12-17,-5.42,-9.83,-8.18,0.84,0.38,-11.8,2.84,0.1605171157073294
2005-12-18,-7.77,-11.97,-10.38,0.09,0.38,-13.82,3.1,0.1304755223064468
2005-12-19,5.7,-12.77,-4.35,0.38,0.38,-8.61,8.02,0.5970632686458401
2005-12-20,6.17,-6.94,-0.98,0.0,0.38,-3.7,9.98,0.48154793779084576
2005-12-21,11.36,-0.2,3.97,0.0,0.39,-2.25,8.81,0.8267295184046393
2005-12-22,16.18,2.18,6.11,0.0,0.39,-2.14,7.67,1.3173279160154627
2005-12-23,15.01,0.44,6.78,0.0,0.39,-3.52,7.31,1.2355014572290766
2005-12-24,9.5,-1.76,2.31,0.0,0.38,-6.61,9.97,0.8150351469897703
2005-12-25,17.41,0.5,6.48,0.0,0.38,-3.8,8.6,1.5275064166365
2005-12-26,18.46,1.81,7.02,0.0,0.38,-3.73,9.49,1.6608689168150823
2005-12-27,9.59,0.39,4.7,0.0,0.38,-2.55,8.14,0.6883083656743993
2005-12-28,12.67,-0.37,5.03,0.0,0.38,-4.87,9.47,1.0403910829355973
2005-12-29,12.66,-2.42,5.64,0.0,0.38,-5.0,7.58,1.0436064150639086
2005-12-30,6.49,-3.79,-0.15,0.0,0.38,-9.76,9.82,0.6761135599007937
2005-12-31,11.86,-1.47,4.35,0.0,0.38,-4.78,6.47,0.9614027507651501
2006-01-01,8.77,1.42,5.21,1.12,0.38,-0.02,2.47,0.5204320875815702
2006-01-02,11.52,-3.33,4.21,0.0,0.38,-7.34,10.32,1.0068172999701022
2006-01-03,14.08,0.31,7.27,0.0,0.38,-4.92,10.36,1.183180734103636
2006-01-04,6.1,-2.26,1.38,0.0,0.38,-5.7,5.79,0.5422960539272359
2006-01-05,7.16,-3.62,0.37,0.0,0.38,-9.03,10.63,0.7044577548073092
2006-01-06,16.29,-1.36,6.49,0.0,0.38,-6.3,10.65,1.4708721100766176
2006-01-07,19.94,3.5,9.18,0.0,0.38,-5.35,8.51,1.9194980640597543
2006-01-08,10.49,-0.02,4.64,0.08,0.38,-5.87,10.37,0.8747193190167364
2006-01-09,3.88,-3.69,-0.97,0.07,0.38,-6.89,8.51,0.44198535657667265
2006-01-10,11.56,-3.15,3.84,0.0,0.38,-10.7,9.02,1.0921526438949745
2006-01-11,17.04,-0.11,7.52,0.0,0.38,-9.3,8.61,1.640674397359706
2006-01-12,6.44,-3.17,1.6,0.06,0.38,-7.04,6.89,0.6037458343409898
2006-01-13,10.06,-4.85,1.09,0.0,0.38,-11.18,11.49,0.9728535991918941
2006-01-14,13.2,0.71,6.03,0.0,0.38,-6.14,9.17,1.1313969448490162
2006-01-15,15.94,0.85,6.35,0.0,0.38,-5.76,9.31,1.41384968964481
2006-01-16,2.1,-6.0,-1.69,0.05,0.38,-8.54,9.65,0.3901532827540251
2006-01-17,8.15,-5.99,0.36,0.0,0.38,-10.91,11.34,0.8180405372000634
2006-01-18,15.7,-0.09,6.11,0.0,0.38,-6.54,10.97,1.409338283298836
2006-01-19,2.07,-3.22,-1.07,1.08,0.38,-4.71,6.62,0.27864082436702126
2006-01-20,2.44,-5.22,-2.03,1.03,0.38,-9.51,10.41,0.43116308546025306
2006-01-21,6.44,-6.15,-0.86,0.0,0.38,-12.25,9.48,0.7253956520904168
2006-01-22,3.88,-4.32,-1.32,0.0,0.38,-9.74,11.62,0.5147600607071593
2006-01-23,6.67,-4.54,-0.19,0.0,0.38,-10.7,11.84,0.7091488343132699
2006-01-24,10.87,-2.15,2.79,0.0,0.38,-7.47,12.22,0.9529773454315997
2006-01-25,11.69,-0.98,3.61,0.0,0.38,-6.82,10.26,1.0077434268631507
2006-01-26,11.97,-0.68,4.06,0.0,0.38,-5.96,11.12,1.0083473510699736
2006-01-27,10.56,-1.48,3.55,0.0,0.38,-7.08,12.55,0.9156883998103358
2006-01-28,5.28,-2.94,0.61,0.0,0.38,-10.88,12.32,0.623132767893378
2006-01-29,6.42,-3.91,0.65,0.0,0.37,-11.66,12.79,0.7124314292783538
2006-01-30,10.5,-5.07,1.74,0.0,0.37,-9.1,12.99,0.9629498636940244
2006-01-31,15.68,-2.94,4.53,0.0,0.37,-4.65,9.65,1.3489487418923658
2006-02-01,11.45,-3.24,3.59,0.0,0.37,-4.58,10.84,0.9176983625852586
2006-02-02,8.14,-3.57,2.02,0.0,0.37,-8.9,11.14,0.7714114964900791
2006-02-03,6.43,-3.86,0.89,0.02,0.37,-9.54,12.67,0.6670085595684419
2006-02-04,8.52,-4.63,0.81,0.0,0.37,-8.06,9.61,0.7785525860011584
2006-02-05,4.26,-2.46,0.87,0.27,0.37,-7.53,6.59,0.48144685000758936
2006-02-06,5.96,-4.34,0.06,0.0,0.37,-11.26,14.33,0.6741308161353807
2006-02-07,8.76,-3.25,2.31,0.0,0.37,-10.72,14.54,0.8597769683256151
2006-02-08,14.59,-1.58,5.46,0.0,0.37,-7.49,13.39,1.3129534286437097
2006-02-09,12.28,-3.8,2.78,0.15,0.37,-6.8,11.03,1.0616983203777148
2006-02-10,-3.43,-7.19,-5.2,0.11,0.37,-13.71,12.73,0.26229424385970324
2006-02-11,0.57,-6.76,-3.4,0.01,0.37,-15.99,15.61,0.46122219966514594
2006-02-12,7.12,-4.51,0.53,0.0,0.37,-11.5,15.94,0.7566831986759194
2006-02-13,9.81,-1.07,2.88,0.0,0.37,-9.53,15.19,0.9158746403547529
2006-02-14,13.59,-3.24,4.14,0.0,0.37,-8.56,12.86,1.2365122367015493
2006-02-15,3.4,-6.3,-2.74,0.37,0.37,-7.55,11.55,0.43327018654122523
2006-02-16,-5.52,-11.1,-8.22,0.45,0.37,-14.5,8.34,0.20632520395766496
2006-02-17,-10.55,-17.64,-12.95,0.35,0.37,-17.28,5.57,0.11614475562012161
2006-02-18,-8.48,-19.12,-14.84,0.02,0.37,-19.02,9.32,0.18643292634968764
2006-02-19,-4.15,-13.98,-8.85,0.01,0.37,-13.73,13.87,0.23766586999993217
2006-02-20,5.68,-8.2,-1.79,0.0,0.37,-11.54,16.68,0.6619471680556325
2006-02-21,5.28,-4.93,-1.09,0.0,0.37,-12.16,17.28,0.6491806808306078
2006-02-22,5.92,-4.85,-0.29,0.0,0.37,-12.35,17.02,0.6932821082941278
2006-02-23,10.5,-1.92,2.46,0.0,0.37,-10.59,17.64,0.997102247021546
2006-02-24,13.82,-2.58,4.06,0.0,0.37,-9.23,17.75,1.2763842296797714
2006-02-25,6.71,-7.04,-1.58,0.0,0.37,-7.94,16.55,0.6461480169527087
2006-02-26,17.31,-3.36,5.82,0.0,0.37,-8.88,17.41,1.6640065391264778
2006-02-27,20.83,1.58,10.95,0.0,0.37,-7.51,17.46,2.113797544502005
2006-02-28,25.36,5.55,13.29,0.0,0.37,-3.26,11.97,2.756140178344623
2006-03-01,14.56,-0.96,7.37,0.0,0.37,-6.02,18.14,1.2679842468511808
2006-03-02,11.87,-2.38,4.07,0.0,0.36,-7.46,13.43,1.0418794550661152
2006-03-03,18.02,0.36,7.54,0.0,0.36,1.5,18.42,1.385799166778202
2006-03-04,20.97,4.28,11.22,0.0,0.36,-3.07,14.72,1.9953524413225259
2006-03-05,17.22,-0.32,7.8,0.0,0.36,-8.12,19.56,1.6336575351702174
2006-03-06,20.4,1.46,9.49,0.0,0.36,-6.26,17.53,2.0142674062887513
2006-03-07,21.25,5.64,12.65,0.0,0.36,-5.77,19.12,2.128276833990407
2006-03-08,7.95,-2.06,2.89,1.32,0.36,-1.87,7.63,0.5366144233852834
2006-03-09,10.88,-5.18,2.53,0.01,0.36,-6.74,15.07,0.9336057999004641
2006-03-10,12.7,-3.6,2.76,0.04,0.36,-7.31,18.84,1.1158450011957755
2006-03-11,9.58,-6.73,1.13,0.0,0.36,-8.21,19.95,0.8648931283956216
2006-03-12,5.73,-4.9,-0.46,0.91,0.36,-6.24,12.44,0.5346422843248199
2006-03-13,4.53,-6.71,-1.49,0.59,0.36,-10.32,19.53,0.5655625335588332
2006-03-14,9.51,-4.94,1.78,0.0,0.36,-13.56,20.93,0.9737640557133626
2006-03-15,19.61,0.2,7.8,0.0,0.36,-9.51,17.77,1.9854128943197211
2006-03-16,10.78,-4.55,3.16,0.0,0.36,-10.89,21.03,1.0274777083379822
2006-03-17,13.07,-4.64,3.46,0.0,0.36,-7.56,15.11,1.1586322088276093
2006-03-18,12.72,-3.16,3.56,0.81,0.36,-1.37,10.86,0.9180395332367184
2006-03-19,6.48,-2.85,2.06,5.13,0.37,-0.5,3.79,0.3777149755202369
2006-03-20,-3.48,-7.87,-5.63,6.73,0.37,-8.66,5.47,0.1548031714435396
2006-03-21,0.32,-9.79,-5.51,0.04,0.37,-10.29,8.08,0.34596652771367986
2006-03-22,1.84,-7.09,-3.76,0.02,0.38,-7.87,4.07,0.35983157807511423
2006-03-23,6.8,-6.49,-1.01,0.0,0.38,-5.99,6.37,0.5976365177539107
2006-03-24,13.39,-3.75,3.89,0.0,0.38,-6.55,15.1,1.1623021009815893
2006-03-25,12.87,-1.68,4.7,0.02,0.38,-3.02,18.32,0.9961857127841037
2006-03-26,18.35,-1.36,7.92,0.01,0.38,-6.13,17.26,1.7234728874800305
2006-03-27,12.51,-1.0,5.12,0.0,0.38,-7.47,23.77,1.1019971641641753
2006-03-28,20.11,-1.46,9.47,0.01,0.37,-3.24,22.67,1.8733275396680038
2006-03-29,23.29,4.44,13.61,0.03,0.37,-1.31,21.26,2.304131705386153
2006-03-30,15.65,3.93,7.79,0.18,0.37,-0.95,15.0,1.2081948937300706
2006-03-31,17.32,0.34,9.41,0.0,0.37,-3.61,23.27,1.5096011371798812
2006-04-01,18.32,5.01,10.95,0.17,0.37,-0.5,9.68,1.5169570663163545
2006-04-02,15.25,1.72,8.36,0.0,0.37,-6.93,25.05,1.3696799022269617
2006-04-03,15.91,-0.94,7.23,0.0,0.37,-3.01,19.56,1.3185992869123413
2006-04-04,25.39,2.35,13.87,0.0,0.36,-1.16,17.62,2.6809970372979337
2006-04-05,26.78,9.12,17.09,0.01,0.36,1.24,24.87,2.851409971117538
2006-04-06,15.77,2.55,9.61,0.1,0.36,-6.49,18.42,1.4159050938102418
2006-04-07,8.21,-2.49,2.96,6.39,0.37,-5.22,11.86,0.6740175827504701
2006-04-08,17.9,-4.97,6.66,0.0,0.37,-6.27,25.58,1.6687978094633698
2006-04-09,26.19,2.84,15.17,0.0,0.37,-5.23,25.94,2.985502995264895
2006-04-10,26.0,9.07,17.75,0.01,0.37,-6.64,18.96,2.9899138507493035
2006-04-11,18.43,5.94,13.02,0.0,0.36,-1.26,23.24,1.5634491417889704
2006-04-12,24.34,4.94,14.75,0.0,0.36,-0.84,26.58,2.470902870121746
2006-04-13,30.46,9.52,20.09,0.0,0.36,-4.81,27.89,3.9290162107926525
2006-04-14,26.43,8.37,17.63,0.0,0.36,-1.74,24.07,2.910189328096243
2006-04-15,17.49,11.1,13.49,6.35,0.36,2.59,13.0,1.2627270712399035
2006-04-16,25.35,8.36,16.75,0.0,0.37,-1.11,27.02,2.6712379240500304
2006-04-17,28.72,8.84,19.43,0.0,0.36,-6.21,28.37,3.557302138485881
2006-04-18,11.67,3.42,8.14,0.07,0.36,-7.74,26.83,1.0311294227684855
2006-04-19,15.45,0.52,8.0,0.0,0.36,-9.03,28.66,1.4469233488253934
2006-04-20,19.39,1.44,10.23,0.0,0.36,-7.45,28.33,1.9024530573967608
2006-04-21,23.79,4.19,13.99,0.0,0.36,-6.36,28.32,2.566896394012551
2006-04-22,27.71,7.15,16.67,0.0,0.35,-4.32,17.82,3.2731402467896835
2006-04-23,28.92,8.92,17.96,0.59,0.35,-0.28,24.76,3.38873103938805
2006-04-24,10.93,-1.83,5.18,1.82,0.35,-0.24,7.41,0.7064050512892787
2006-04-25,10.24,-3.47,2.66,0.01,0.35,-6.37,20.19,0.8685270670735659
2006-04-26,22.05,-1.23,10.53,0.0,0.35,-4.93,28.66,2.228578740745605
2006-04-27,26.61,4.96,16.62,0.2,0.35,-3.06,23.79,2.9971350076526537
2006-04-28,13.63,5.32,9.87,0.45,0.35,-0.32,9.5,0.9639020766993251
2006-04-29,14.1,3.56,8.84,0.67,0.35,-0.7,20.28,1.0286331765857244
2006-04-30,20.83,2.46,12.31,0.64,0.35,-0.85,28.2,1.8871210100118645
2006-05-01,22.91,5.61,14.4,0.09,0.35,-0.08,28.65,2.1869275647652895
2006-05-02,27.8,7.73,18.65,0.0,0.35,-1.26,27.48,3.179126183914496
2006-05-03,18.45,5.86,11.27,0.07,0.35,-0.73,20.17,1.5440150861391606
2006-05-04,13.32,5.14,8.43,0.31,0.35,2.36,9.52,0.805382835064462
2006-05-05,15.7,5.79,9.22,0.68,0.35,3.87,7.59,0.9778860693048345
2006-05-06,22.01,5.46,13.23,0.14,0.35,2.21,22.88,1.9292261179821135
2006-05-07,24.44,7.13,16.79,0.29,0.35,0.6,22.22,2.4256437683396124
2006-05-08,23.26,9.36,15.48,0.86,0.35,3.47,21.4,2.070504912489576
2006-05-09,21.31,5.53,13.49,0.38,0.35,-2.88,22.44,2.040727644587095
2006-05-10,16.34,1.7,8.29,0.51,0.35,-7.93,25.72,1.521956030274143
2006-05-11,20.38,1.24,10.76,0.0,0.35,-5.48,29.8,1.9877846513488797
2006-05-12,26.34,4.95,16.04,0.0,0.35,-4.46,30.15,2.990828814286079
2006-05-13,25.98,7.61,17.4,0.0,0.34,-0.66,29.74,2.7753907327083143
2006-05-14,22.66,7.49,14.65,0.02,0.34,-3.0,29.74,2.2625521151985497
2006-05-15,22.14,4.37,13.6,0.0,0.34,-2.94,30.01,2.174752751082922
2006-05-16,25.96,5.25,16.33,0.0,0.34,-2.79,31.12,2.856143836600357
2006-05-17,28.28,8.3,18.82,0.0,0.34,-2.25,30.24,3.324264574889935
2006-05-18,30.94,11.16,21.92,0.0,0.34,0.68,29.67,3.835571724045084
2006-05-19,33.33,14.61,24.32,0.32,0.34,2.67,29.23,4.383807011936441
2006-05-20,33.45,14.41,22.58,2.31,0.34,7.9,27.9,4.093030133693166
2006-05-21,33.84,14.22,23.89,1.71,0.34,6.29,25.39,4.318004930023726
2006-05-22,29.82,14.6,22.65,18.64,0.35,9.47,23.79,3.0144282248024945
2006-05-23,26.94,12.88,20.28,0.04,0.38,5.09,30.39,2.67500290411479
2006-05-24,29.58,11.71,20.99,0.1,0.37,2.53,31.87,3.409053968541302
2006-05-25,31.25,13.88,22.13,0.3,0.37,4.48,30.72,3.7157813661120085
2006-05-26,32.08,11.4,22.11,0.06,0.36,4.84,29.12,3.913696433832635
2006-05-27,33.79,14.42,24.87,0.03,0.36,-4.93,32.56,4.833958222496353
2006-05-28,32.08,13.15,24.04,0.0,0.35,-2.38,28.98,4.2635539566068825
2006-05-29,25.76,8.45,17.31,0.06,0.35,-1.89,31.09,2.7823241334243503
2006-05-30,18.01,10.17,13.62,5.69,0.36,4.86,23.46,1.2014644939765953
2006-05-31,20.59,10.25,15.56,13.43,0.37,10.04,25.44,1.1937996425951567
2006-06-01,26.52,10.5,18.63,0.0,0.38,8.26,30.7,2.3742479985019136
2006-06-02,31.44,11.91,22.0,0.06,0.38,8.67,30.91,3.4836465095495353
2006-06-03,35.6,15.55,25.54,0.01,0.37,3.85,25.43,5.007130476376935
2006-06-04,32.31,13.96,23.36,0.0,0.36,7.73,30.7,3.7855042907678857
2006-06-05,35.05,15.98,25.64,4.8,0.36,9.43,28.63,4.456398685483142
2006-06-06,34.24,15.75,25.47,0.3,0.37,11.44,30.39,4.039149654687163
2006-06-07,35.1,18.5,27.27,0.15,0.36,8.85,29.6,4.517354226704263
2006-06-08,35.82,19.65,27.83,0.03,0.36,7.51,28.56,4.845085444163808
2006-06-09,33.4,17.53,25.95,0.09,0.35,6.1,27.92,4.202509400362899
2006-06-10,30.51,15.27,22.92,2.45,0.35,11.56,25.16,3.006389464965184
2006-06-11,31.55,15.37,23.22,3.25,0.35,11.03,30.03,3.3198589258227362
2006-06-12,31.73,13.78,22.68,2.5,0.36,11.84,23.12,3.2948739452395586
2006-06-13,34.56,16.24,25.83,0.0,0.36,11.07,29.83,4.168541271414413
2006-06-14,39.02,19.03,29.6,0.0,0.35,4.91,30.33,6.132133184934096
2006-06-15,34.97,15.83,24.95,0.12,0.35,1.2,22.16,4.947116401860987
2006-06-16,25.87,14.09,19.24,2.34,0.35,8.57,10.72,2.2205605657658647
2006-06-17,29.14,13.65,21.3,0.09,0.35,3.41,25.53,3.258098599566515
2006-06-18,33.92,15.4,24.9,0.41,0.35,3.83,31.62,4.492030935057639
2006-06-19,33.86,13.69,24.22,0.22,0.35,10.0,28.78,4.049973673296321
2006-06-20,35.76,16.87,25.99,3.14,0.34,8.36,28.58,4.763853874232738
2006-06-21,28.68,16.67,22.51,4.45,0.35,12.66,28.72,2.467412576779205
2006-06-22,21.5,14.0,18.19,7.51,0.37,13.34,15.1,1.0330104419774655
2006-06-23,32.23,12.21,22.56,0.34,0.37,10.96,30.91,3.507695545337449
2006-06-24,28.81,14.57,21.7,4.71,0.37,8.91,30.29,2.820805973518193
2006-06-25,25.08,12.12,18.05,0.1,0.37,7.61,27.81,2.1382993494706763
2006-06-26,27.5,9.58,19.27,0.13,0.36,4.65,31.49,2.820043021369509
2006-06-27,30.06,12.59,22.33,0.12,0.36,5.98,26.33,3.323873881443775
2006-06-28,33.7,15.46,24.98,0.17,0.36,6.63,26.5,4.254362608615764
2006-06-29,34.2,16.31,25.87,0.02,0.35,6.38,29.84,4.418783786040897
2006-06-30,36.56,17.43,27.94,0.02,0.35,7.87,29.73,5.06267864680306
2006-07-01,33.2,19.43,25.69,3.4,0.35,11.48,27.44,3.731663095026946
2006-07-02,30.87,17.74,24.49,5.83,0.36,13.79,29.17,2.882499928509861
2006-07-03,28.2,17.26,22.43,7.5,0.36,15.17,25.67,2.100071449101641
2006-07-04,27.68,16.6,21.86,9.48,0.38,14.29,23.72,2.081131308898292
2006-07-05,24.14,15.37,19.35,0.57,0.38,12.17,18.96,1.590719899235423
2006-07-06,24.92,14.96,19.67,1.5,0.38,12.56,20.7,1.6975111028312098
2006-07-07,32.7,16.65,24.82,3.32,0.38,15.45,25.89,3.190734339271933
2006-07-08,28.02,17.98,22.51,5.71,0.38,14.85,11.99,2.0953872954333184
2006-07-09,21.47,15.85,18.47,8.51,0.39,14.08,13.62,0.9527932092098659
2006-07-10,28.11,14.08,21.07,1.32,0.39,12.62,25.28,2.343263584131302
2006-07-11,33.21,16.71,25.01,2.48,0.39,10.61,28.38,3.810634362490832
2006-07-12,34.44,17.68,26.31,0.01,0.38,11.13,28.04,4.126867478263398
2006-07-13,35.35,20.1,27.12,0.01,0.37,8.28,30.22,4.63896787660825
2006-07-14,37.57,18.23,28.07,0.0,0.37,8.25,30.2,5.38109310765115
2006-07-15,37.69,20.04,29.0,0.03,0.36,9.08,30.25,5.360232536579091
2006-07-16,39.53,19.67,30.3,0.0,0.36,7.37,30.14,6.165252818172496
2006-07-17,35.17,21.29,27.68,0.6,0.35,8.17,26.54,4.590474621187765
2006-07-18,35.98,19.42,27.23,1.25,0.35,10.96,27.58,4.625253630414291
2006-07-19,38.54,20.43,30.02,0.0,0.35,10.78,29.44,5.527017145223924
2006-07-20,33.87,19.75,26.49,6.91,0.35,14.54,25.89,3.6253855669001256
2006-07-21,30.14,18.45,23.83,0.02,0.36,13.44,25.92,2.7358281509178095
2006-07-22,31.49,15.71,24.0,0.0,0.35,10.67,28.57,3.3352530072789315
2006-07-23,34.09,17.02,25.66,0.12,0.35,10.82,28.51,4.0488835901256115
2006-07-24,36.83,19.71,28.13,1.17,0.35,10.38,27.96,4.957362185884861
2006-07-25,34.3,21.27,27.1,0.48,0.35,12.68,23.0,3.942052202577716
2006-07-26,32.8,18.81,25.41,5.86,0.35,14.97,24.87,3.2719367140406295
2006-07-27,34.46,17.21,26.01,0.65,0.35,12.06,28.75,4.048899127695531
2006-07-28,33.82,19.8,26.96,0.0,0.35,11.7,27.46,3.8911223170026403
2006-07-29,35.4,18.03,26.86,0.42,0.35,13.28,24.28,4.222761532173529
2006-07-30,37.24,18.83,28.18,0.0,0.35,12.29,27.91,4.927696034105428
2006-07-31,37.29,19.68,28.4,3.36,0.35,11.54,27.29,5.014026629438126
2006-08-01,29.99,17.55,23.7,1.99,0.35,14.72,21.93,2.565785404265137
2006-08-02,29.67,17.9,23.48,0.75,0.35,12.04,26.03,2.757142435143354
2006-08-03,29.36,17.76,23.0,0.6,0.35,10.02,24.73,2.8601610853256725
2006-08-04,34.05,16.97,25.33,0.38,0.35,12.57,27.23,3.8779283320132
2006-08-05,34.72,18.41,26.14,1.87,0.35,10.81,23.79,4.240020691659441
2006-08-06,26.93,18.43,22.38,8.04,0.35,15.79,20.23,1.7566843828005931
2006-08-07,31.93,17.68,24.75,3.62,0.36,15.26,21.97,3.001897200474165
2006-08-08,33.85,18.37,26.17,0.05,0.36,12.95,26.94,3.7821160762298707
2006-08-09,33.65,20.18,26.52,0.93,0.36,11.42,20.62,3.8666573811443388
2006-08-10,34.19,20.5,26.27,0.25,0.36,8.0,23.44,4.303022673718057
2006-08-11,35.11,18.88,26.69,0.14,0.35,9.26,27.98,4.488574087821057
2006-08-12,32.81,17.63,24.62,6.91,0.36,14.36,25.04,3.3404505708104413
2006-08-13,29.31,15.96,22.63,0.79,0.36,13.28,18.37,2.5525744317346737
2006-08-14,28.5,16.25,21.54,0.52,0.36,9.65,24.13,2.691921842900114
2006-08-15,29.18,14.63,21.83,0.05,0.36,13.85,20.65,2.464423864982446
2006-08-16,31.78,17.96,24.3,0.37,0.36,14.48,18.14,3.046896561855912
2006-08-17,32.01,18.55,24.66,4.33,0.36,13.8,25.11,3.179488320883487
2006-08-18,29.25,17.99,22.95,5.59,0.36,15.14,24.63,2.3431360643836614
2006-08-19,21.09,14.92,17.98,6.82,0.38,13.83,12.46,0.9197331438000551
2006-08-20,25.63,15.45,20.19,0.45,0.38,14.6,18.05,1.6266927524333028
2006-08-21,28.45,15.43,21.6,0.06,0.38,14.2,19.42,2.2606360395097793
2006-08-22,30.32,15.98,22.93,0.03,0.37,12.58,23.01,2.864454205069304
2006-08-23,35.54,17.49,26.23,0.0,0.37,9.61,26.02,4.596446619494083
2006-08-24,34.7,19.44,26.12,0.08,0.36,9.25,22.4,4.36252335039827
2006-08-25,24.12,14.27,18.7,3.96,0.37,9.46,13.4,1.8212486205007004
2006-08-26,22.99,11.99,16.76,11.07,0.38,10.56,21.76,1.532928487374827
2006-08-27,24.23,12.6,17.69,2.3,0.38,9.86,19.47,1.8088696766932457
2006-08-28,22.78,10.93,16.1,0.0,0.38,8.65,16.95,1.6510743191898645
2006-08-29,27.21,9.07,18.37,0.02,0.38,8.37,24.82,2.509397890712326
2006-08-30,32.21,12.75,22.03,0.19,0.37,10.19,25.17,3.5678065965962666
2006-08-31,32.58,16.08,22.97,9.85,0.37,12.73,23.09,3.441328095226295
2006-09-01,26.01,7.94,17.6,16.51,0.4,12.93,13.8,1.8725009683721319
2006-09-02,18.6,6.62,12.13,0.23,0.41,5.23,21.26,1.2567374437415868
2006-09-03,23.86,7.94,15.62,0.0,0.4,6.87,21.26,1.9659847543706694
2006-09-04,22.73,9.62,16.12,0.01,0.4,8.76,18.17,1.634304390969359
2006-09-05,25.09,9.26,17.14,0.01,0.39,8.64,23.88,2.0643630049595307
2006-09-06,25.86,11.19,18.35,0.02,0.39,10.31,21.38,2.08001540658164
2006-09-07,26.7,12.08,18.71,0.58,0.38,9.94,20.56,2.280034318679812
2006-09-08,20.71,12.63,16.25,4.6,0.38,10.67,15.55,1.1588525382460855
2006-09-09,21.11,11.47,15.47,5.79,0.39,11.11,13.42,1.181515567289831
2006-09-10,20.43,10.49,14.37,0.45,0.39,9.23,16.74,1.235230080374549
2006-09-11,23.47,9.48,15.8,3.9,0.39,9.01,12.9,1.7414647248883077
2006-09-12,24.45,9.26,16.74,0.01,0.39,7.44,22.06,2.032935362921626
2006-09-13,29.37,11.01,19.68,0.02,0.39,5.17,23.03,3.2094112794989065
2006-09-14,28.52,12.08,20.03,0.01,0.38,9.26,17.44,2.727514327441048
2006-09-15,29.32,12.96,21.05,0.06,0.38,6.22,21.62,3.130903537982425
2006-09-16,26.85,8.49,17.34,0.0,0.37,0.34,21.63,2.9080047204748545
2006-09-17,18.79,4.6,11.37,0.0,0.37,-4.22,22.49,1.7219787238709472
2006-09-18,18.79,4.73,11.56,0.0,0.37,-1.95,16.24,1.639404088508893
2006-09-19,24.61,5.68,14.27,0.0,0.37,0.73,21.15,2.4509071910950135
2006-09-20,26.04,7.21,15.99,1.38,0.37,2.17,20.7,2.655123664087417
2006-09-21,15.33,8.19,11.25,16.39,0.39,6.21,5.05,0.7931245744141207
2006-09-22,13.38,4.86,8.73,0.57,0.4,1.51,12.2,0.8541335954291728
2006-09-23,11.75,3.94,7.29,1.44,0.4,1.23,7.93,0.7119196340176421
2006-09-24,18.68,2.33,10.42,0.0,0.39,0.52,21.23,1.5196006436492109
2006-09-25,20.95,5.37,13.2,0.0,0.39,-0.47,21.07,1.8891568340468377
2006-09-26,24.18,6.83,15.32,0.0,0.39,-1.52,20.54,2.4698621236159024
2006-09-27,22.07,5.18,11.94,0.0,0.38,2.78,14.98,1.9092168360644168
2006-09-28,23.6,2.65,13.01,0.0,0.38,1.08,20.63,2.2525127026782075
2006-09-29,26.86,8.5,17.16,0.0,0.38,2.28,18.8,2.816253983543948
2006-09-30,27.27,10.77,18.34,0.0,0.37,3.27,18.84,2.849796600902363
2006-10-01,29.08,11.01,19.6,0.0,0.37,0.13,19.06,3.4076307041178864
2006-10-02,29.49,12.29,20.41,0.0,0.37,-0.1,16.22,3.5141433450155937
2006-10-03,24.94,12.53,17.71,0.45,0.37,5.94,8.76,2.225241816042654
2006-10-04,21.2,8.43,13.71,0.01,0.37,6.4,18.1,1.5563991538450326
2006-10-05,24.16,8.41,16.61,0.0,0.37,8.87,17.88,1.8746771594931737
2006-10-06,27.45,13.96,20.33,0.0,0.36,10.14,14.4,2.421024999293728
2006-10-07,28.3,14.43,20.66,0.0,0.36,7.42,16.63,2.8153399006079707
2006-10-08,15.31,1.67,8.56,11.14,0.37,4.02,4.15,0.9252742298502601
2006-10-09,6.64,0.9,3.1,4.54,0.39,0.29,5.4,0.35354851046106406
2006-10-10,10.32,1.08,4.12,5.65,0.4,0.76,8.28,0.6091222957691724
2006-10-11,15.56,3.13,8.23,0.03,0.4,1.0,11.44,1.111100840974431
2006-10-12,16.14,-0.33,6.82,0.06,0.4,-0.1,17.61,1.2282410906671006
2006-10-13,18.94,1.19,8.95,0.0,0.39,0.76,17.64,1.5437599892123481
2006-10-14,17.53,3.91,10.1,0.22,0.39,5.39,12.18,1.1074319845848808
2006-10-15,20.84,5.48,12.71,0.0,0.39,5.99,12.22,1.528205833688373
2006-10-16,21.33,7.21,13.25,0.16,0.38,3.1,15.55,1.7747047511413623
2006-10-17,11.72,0.24,5.88,3.14,0.38,0.0,6.03,0.766077267230389
2006-10-18,6.91,-2.54,1.34,0.32,0.39,-6.01,15.66,0.6057356098894771
2006-10-19,13.1,-1.95,5.43,0.0,0.39,-4.63,14.96,1.0744368607310304
2006-10-20,19.13,2.98,9.48,0.7,0.38,-1.22,14.58,1.6566284222306766
2006-10-21,6.49,-2.04,1.6,0.6,0.38,-4.69,11.86,0.5361137587994835
2006-10-22,7.51,-4.2,1.42,0.0,0.38,-6.42,13.82,0.6596197361308038
2006-10-23,19.77,-1.26,8.12,0.0,0.38,-5.7,16.55,1.9058890830548083
2006-10-24,14.84,3.74,8.04,0.0,0.38,-2.75,10.78,1.1890184039013934
2006-10-25,20.23,3.94,10.7,0.04,0.38,0.82,14.24,1.7235536600628376
2006-10-26,7.49,-1.38,3.43,21.06,0.4,1.59,1.64,0.35086826505892243
2006-10-27,14.14,-2.64,4.94,0.0,0.41,-3.04,15.0,1.1250201399434778
2006-10-28,19.84,2.59,9.65,0.0,0.41,-3.07,15.51,1.8281481624608638
2006-10-29,21.76,5.29,12.24,0.0,0.41,-1.94,14.76,2.075744028115598
2006-10-30,16.16,-4.72,6.17,0.0,0.4,-4.74,14.78,1.4073865808210475
2006-10-31,2.55,-6.33,-3.18,0.0,0.4,-9.16,8.37,0.42858232692318865
2006-11-01,4.09,-5.86,-2.17,0.0,0.4,-7.86,14.65,0.4803934747087048
2006-11-02,10.69,-4.75,1.53,0.0,0.4,-5.8,13.63,0.8896411934827039
2006-11-03,18.01,-0.22,8.38,0.0,0.39,-3.36,11.32,1.5886640081295853
2006-11-04,15.25,4.58,8.91,0.01,0.39,1.35,10.22,1.059505474804164
2006-11-05,16.47,2.55,9.04,0.0,0.39,0.49,13.35,1.240667825066045
2006-11-06,16.43,2.33,9.27,0.0,0.39,-0.02,12.18,1.258920530656505
2006-11-07,22.82,6.89,13.53,0.0,0.39,3.03,10.71,2.01961457721312
2006-11-08,24.96,9.81,15.49,0.0,0.39,0.78,13.08,2.513882431528323
2006-11-09,9.65,0.2,5.12,0.0,0.38,-1.03,12.51,0.6329546736926329
2006-11-10,7.83,-4.88,1.32,0.0,0.38,-5.4,12.51,0.6518579439032819
2006-11-11,12.68,-4.78,3.85,0.0,0.38,-5.67,10.62,1.0664823154206617
2006-11-12,5.29,-4.31,2.07,0.18,0.38,-3.08,5.13,0.40341776825397035
2006-11-13,8.8,-4.24,1.48,0.0,0.38,-5.98,6.13,0.7417954721857769
2006-11-14,13.93,-1.72,3.97,0.05,0.38,-5.27,5.37,1.1787390658917238
2006-11-15,6.5,-4.82,-0.02,0.0,0.38,-11.15,13.01,0.7072962149934019
2006-11-16,16.5,-2.7,6.04,0.0,0.38,-6.31,8.21,1.4960988047562502
2006-11-17,11.59,0.19,4.59,0.0,0.38,-2.2,12.28,0.8454392381133893
2006-11-18,11.6,-0.11,4.57,0.0,0.38,-4.17,10.45,0.9175173154273691
2006-11-19,10.93,-2.25,2.69,0.0,0.38,-5.0,12.13,0.8854420393761655
2006-11-20,16.75,-1.14,6.21,0.0,0.38,-5.13,10.83,1.4902055763002298
2006-11-21,19.51,2.81,9.08,0.0,0.38,-4.64,10.3,1.8354573345524245
2006-11-22,19.52,4.69,9.52,0.0,0.38,-3.45,9.42,1.796278382954652
2006-11-23,20.93,5.04,11.11,0.0,0.38,-3.78,9.21,2.0144917373433024
2006-11-24,6.66,-0.29,2.66,0.0,0.37,-9.61,9.81,0.684035516051273
2006-11-25,14.5,-1.7,4.53,0.0,0.37,-4.42,9.83,1.2111246008641536
2006-11-26,12.88,-1.52,4.1,0.0,0.37,-4.04,7.91,1.0331604850162397
2006-11-27,9.33,-3.01,2.1,0.0,0.37,-3.07,7.41,0.6868332307533263
2006-11-28,10.13,-6.38,1.95,0.11,0.37,-5.6,10.63,0.8363326158024396
2006-11-29,-6.46,-8.93,-7.34,1.56,0.37,-12.36,2.42,0.14023979363875513
2006-11-30,1.24,-9.04,-4.31,0.0,0.37,-15.4,8.56,0.483934359882642
2006-12-01,2.41,-5.99,-2.41,0.05,0.37,-9.65,7.97,0.4328749543642388
2006-12-02,-3.19,-8.99,-5.9,0.09,0.37,-10.16,8.07,0.20061978805651975
2006-12-03,2.54,-10.93,-4.8,0.0,0.37,-12.13,10.66,0.4924702269271858
2006-12-04,9.84,-5.02,0.62,0.0,0.38,-10.68,10.74,0.944194169917336
2006-12-05,11.56,-3.0,3.29,0.0,0.38,-8.2,10.41,1.033194656045432
2006-12-06,7.99,-3.77,0.13,0.01,0.38,-7.07,10.33,0.7126387139613836
2006-12-07,2.47,-5.53,-2.17,0.01,0.38,-6.72,10.25,0.3604890478072742
2006-12-08,12.26,-0.97,3.08,0.0,0.38,-4.94,10.54,1.0036921076921232
2006-12-09,11.78,-0.53,3.7,0.0,0.38,-7.29,10.31,1.0290140059255901
2006-12-10,12.0,-1.94,3.35,0.03,0.38,-6.29,10.21,1.0209010530126157
2006-12-11,4.69,-1.95,0.79,0.13,0.38,-2.55,5.6,0.3472921483892666
2006-12-12,10.42,-2.13,2.44,0.0,0.38,-6.87,10.09,0.8979580719447565
2006-12-13,11.75,-1.1,4.29,0.0,0.38,-5.88,8.83,0.98576056686719
2006-12-14,17.48,1.93,7.66,0.0,0.37,-2.08,5.69,1.473168359042932
2006-12-15,15.81,2.19,7.69,0.01,0.37,-2.71,4.99,1.2960083387485317
2006-12-16,7.23,-4.32,2.89,0.0,0.37,-5.23,7.8,0.6039149980294968
2006-12-17,0.73,-5.0,-3.22,0.0,0.37,-9.75,4.88,0.35259571320976013
2006-12-18,0.23,-5.81,-3.34,0.0,0.37,-8.46,6.76,0.2985320224318601
2006-12-19,2.52,-4.1,-2.12,5.93,0.37,-5.81,3.29,0.33637329588188664
2006-12-20,-1.74,-5.99,-3.68,13.64,0.37,-5.02,2.47,0.11710971795950353
2006-12-21,-4.5,-10.13,-6.98,2.34,0.37,-8.45,2.37,0.11462068641628864
2006-12-22,0.51,-10.28,-6.43,0.0,0.38,-9.02,9.29,0.32514239195474076
2006-12-23,1.2,-10.29,-5.75,0.01,0.38,-8.41,9.84,0.3424161162032732
2006-12-24,1.27,-9.7,-3.05,0.14,0.38,-6.21,3.02,0.28560203395043315
2006-12-25,3.86,-13.27,-4.72,0.0,0.39,-10.28,5.85,0.525854508947605
2006-12-26,6.79,-3.67,0.62,0.0,0.4,-5.11,7.57,0.5698320635907702
2006-12-27,7.77,-0.59,2.59,0.0,0.4,-3.77,7.05,0.5938920815029636
2006-12-28,2.54,-4.59,-0.65,2.66,0.4,-2.94,4.71,0.24155728599787407
2006-12-29,-2.97,-6.75,-4.51,7.08,0.4,-6.19,1.26,0.10612035064451869
2006-12-30,-1.35,-10.73,-6.39,2.45,0.4,-8.63,3.15,0.2350302408076841
2006-12-31,-1.45,-12.31,-7.71,0.01,0.4,-11.31,10.74,0.29191439213155224
2007-01-01,1.01,-9.38,-5.35,0.0,0.4,-9.29,8.43,0.35497278048367187
2007-01-02,5.54,-8.68,-2.77,0.0,0.4,-8.42,10.8,0.5821647555751122
2007-01-03,9.17,-3.51,1.86,0.0,0.41,-4.57,9.38,0.7261810005789981
2007-01-04,11.2,-3.23,3.6,1.4,0.41,-2.7,10.54,0.8295666539860178
2007-01-05,-2.07,-9.31,-4.52,8.78,0.41,-6.52,7.7,0.1497093389942864
2007-01-06,2.9,-11.15,-4.68,0.0,0.41,-10.25,10.95,0.47231026837605133
2007-01-07,-0.12,-8.93,-4.74,0.0,0.41,-11.36,10.84,0.3491592508872369
2007-01-08,6.84,-3.58,0.3,0.0,0.41,-5.99,10.68,0.600358454243706
2007-01-09,2.61,-7.7,-2.04,0.0,0.41,-5.78,10.87,0.34017371954034936
2007-01-10,11.53,-2.67,2.76,0.0,0.41,-5.06,10.79,0.9404220786820998
2007-01-11,2.98,-10.61,-3.35,0.02,0.41,-7.83,9.14,0.4178674181750887
2007-01-12,-11.14,-17.54,-15.11,0.5,0.41,-17.95,7.86,0.1122510917610342
2007-01-13,-8.03,-17.34,-13.44,0.7,0.41,-16.37,9.45,0.16369919703913666
2007-01-14,-9.63,-14.66,-12.18,1.67,0.41,-15.4,4.63,0.1099699592260909
2007-01-15,-3.96,-17.18,-11.27,0.0,0.41,-17.21,11.61,0.29735466204919403
2007-01-16,2.64,-12.96,-6.61,0.03,0.4,-14.13,11.68,0.5339686985505074
2007-01-17,4.6,-11.97,-5.17,0.0,0.4,-11.48,11.89,0.5943839531208692
2007-01-18,-1.25,-10.2,-6.48,0.0,0.4,-12.4,11.98,0.32171443752385115
2007-01-19,1.85,-10.78,-5.77,0.0,0.4,-12.24,11.87,0.4593248208938876
2007-01-20,-1.76,-9.92,-5.88,5.08,0.4,-9.24,7.01,0.23344958327458926
2007-01-21,-3.5,-9.06,-6.24,2.01,0.4,-7.82,6.37,0.13256195716033564
2007-01-22,2.26,-12.58,-5.58,0.0,0.4,-11.52,12.69,0.46582641370560435
2007-01-23,4.63,-7.35,-2.03,0.0,0.41,-7.46,12.22,0.501329473710262
2007-01-24,6.01,-5.25,-0.27,0.0,0.41,-4.17,12.45,0.4872784641984411
2007-01-25,11.05,-3.18,1.96,0.0,0.41,-4.27,12.58,0.8719753266242927
2007-01-26,7.79,-4.0,0.73,0.0,0.41,-5.59,12.37,0.654846180870776
2007-01-27,-1.91,-9.57,-4.39,0.08,0.41,-9.22,8.12,0.22705170554148107
2007-01-28,6.83,-10.25,-2.28,0.0,0.41,-11.96,12.96,0.7459817388004453
2007-01-29,1.75,-8.45,-3.85,0.0,0.41,-10.86,12.88,0.4263142574696
2007-01-30,-4.11,-10.43,-7.46,0.04,0.41,-11.42,10.1,0.19541661733870802
2007-01-31,-2.73,-10.33,-6.67,0.02,0.4,-11.55,12.23,0.24714036304453818
2007-02-01,-4.38,-15.44,-9.9,0.05,0.4,-14.27,8.32,0.2391182140790797
2007-02-02,-2.94,-18.41,-9.76,0.0,0.4,-18.52,12.48,0.3502471223457808
2007-02-03,1.89,-8.98,-4.05,0.02,0.4,-9.27,10.12,0.39741848640866023
2007-02-04,11.63,-8.95,0.26,0.0,0.4,-6.67,11.84,0.9980407671143754
2007-02-05,14.71,-0.77,5.21,0.0,0.4,-2.89,11.03,1.180104321457258
2007-02-06,18.02,0.21,7.63,0.0,0.4,-0.92,11.4,1.495492015954529
2007-02-07,11.28,-2.36,2.21,0.0,0.4,-1.44,7.72,0.7876702576433425
2007-02-08,9.41,-4.81,0.4,0.0,0.4,-4.45,4.09,0.7411514859435282
2007-02-09,7.65,-3.96,-0.74,0.01,0.4,-3.78,7.01,0.5856229435354385
2007-02-10,12.71,-3.8,2.32,0.0,0.4,-3.87,12.87,1.0108677923449423
2007-02-11,16.73,-1.79,6.16,0.0,0.4,-2.09,10.47,1.3809144844790118
2007-02-12,1.26,-5.64,-1.43,1.04,0.4,-3.22,4.02,0.18749072251483256
2007-02-13,-6.53,-10.2,-8.36,0.24,0.4,-13.66,7.61,0.16197941737274024
2007-02-14,-2.92,-10.15,-7.74,1.21,0.4,-12.46,11.75,0.25799759103987213
2007-02-15,-2.82,-11.69,-7.44,0.39,0.4,-12.26,13.27,0.25785374457378785
2007-02-16,10.02,-2.62,2.44,0.2,0.4,-6.55,9.12,0.8554998059706057
2007-02-17,5.39,-2.43,0.41,0.17,0.4,-8.52,16.62,0.575288993051999
2007-02-18,13.11,-1.16,4.46,0.0,0.4,-7.14,15.81,1.1511229536766598
2007-02-19,13.6,-1.78,6.08,0.0,0.4,-2.73,14.37,1.0579942970917082
2007-02-20,12.61,-3.92,3.48,0.0,0.4,-5.67,15.73,1.0597626847229604
2007-02-21,16.5,-0.56,6.03,0.0,0.39,-6.07,15.84,1.4890163866471744
2007-02-22,10.15,-2.56,2.4,0.0,0.39,-2.03,14.35,0.7141202364997857
2007-02-23,17.12,-0.85,7.84,0.03,0.39,-6.39,15.44,1.5737724170304013
2007-02-24,1.64,-5.73,-1.64,6.55,0.39,-7.48,10.11,0.33950108944038776
2007-02-25,5.24,-7.77,-1.55,0.17,0.39,-9.61,12.85,0.5923611589651295
2007-02-26,9.63,-4.41,0.92,0.0,0.4,-7.2,17.2,0.8420431210157178
2007-02-27,8.77,-4.2,1.28,0.0,0.4,-4.48,16.23,0.6922404229975823
2007-02-28,3.46,-4.69,-1.36,0.17,0.4,-7.61,16.32,0.4381946553081789
2007-03-01,4.59,-5.83,-1.63,0.0,0.4,-13.07,16.3,0.6244446341500686
2007-03-02,0.32,-6.09,-3.68,0.0,0.4,-14.79,15.45,0.4313672761218533
2007-03-03,3.23,-6.87,-2.79,0.0,0.4,-14.17,18.41,0.5662438522593964
2007-03-04,9.04,-5.0,0.91,0.0,0.39,-7.77,17.42,0.8107569984872794
2007-03-05,15.22,-1.22,5.26,0.0,0.39,-5.28,17.97,1.3173463862203914
2007-03-06,16.44,-1.05,6.53,0.0,0.39,-4.17,17.38,1.4215435026116396
2007-03-07,16.09,1.51,7.53,0.0,0.39,-1.59,17.43,1.2851331601070526
2007-03-08,19.79,-0.29,8.56,0.0,0.39,-1.54,11.95,1.7624160279531673
2007-03-09,17.6,-1.33,7.98,0.0,0.39,-4.53,18.24,1.5761967146966265
2007-03-10,13.48,1.04,6.73,2.43,0.39,-1.41,12.96,0.9945589896293041
2007-03-11,15.27,2.92,7.41,0.48,0.39,0.77,15.27,1.0893284352736976
2007-03-12,21.61,2.01,11.4,0.0,0.39,-1.5,20.33,2.0344785828325618
2007-03-13,23.75,5.54,14.21,0.0,0.39,-1.15,21.05,2.3779024672534086
2007-03-14,19.91,5.43,10.95,0.0,0.39,0.24,14.95,1.7037345149413357
2007-03-15,9.54,-0.81,4.53,0.0,0.39,-3.23,14.31,0.7093368326758172
2007-03-16,18.45,-2.1,7.89,0.0,0.38,-2.92,19.91,1.6305585575585468
2007-03-17,22.06,4.76,12.65,0.0,0.38,-1.95,21.21,2.1242506215527426
2007-03-18,24.44,5.99,15.62,0.0,0.38,-2.1,20.62,2.540116827165174
2007-03-19,16.4,4.51,9.61,0.0,0.38,1.12,21.15,1.2028479677035846
2007-03-20,22.78,3.49,11.6,0.0,0.38,1.27,18.7,2.102654196375795
2007-03-21,22.63,7.53,14.35,0.0,0.38,-2.1,17.2,2.223656694111348
2007-03-22,19.51,5.24,11.54,0.0,0.38,2.31,14.01,1.5468386388074156
2007-03-23,21.42,5.52,13.51,1.6,0.37,5.61,17.23,1.6417343160778095
2007-03-24,14.1,3.78,8.82,5.93,0.39,5.09,12.75,0.7312020673638449
2007-03-25,21.63,4.6,12.73,0.0,0.39,0.08,22.36,1.970523695595718
2007-03-26,20.41,5.02,12.77,0.09,0.39,2.57,21.49,1.6633397193350201
2007-03-27,17.73,5.35,11.49,0.0,0.38,6.37,14.74,1.0698737676063
2007-03-28,20.85,2.28,12.42,0.4,0.38,-1.96,21.45,1.9352094067517465
2007-03-29,11.1,-0.98,3.67,1.34,0.38,-3.21,14.75,0.8394618511641447
2007-03-30,9.23,-4.71,2.17,0.01,0.38,-6.22,19.48,0.7823018114823375
2007-03-31,15.06,-2.57,6.92,0.0,0.38,-5.78,20.84,1.3150718826661165
2007-04-01,21.06,1.14,11.57,0.0,0.38,-2.26,22.32,1.9788399556063427
2007-04-02,24.75,2.44,13.57,0.0,0.38,0.17,21.4,2.502512103954288
2007-04-03,11.88,-0.8,5.21,0.0,0.38,-5.32,24.95,0.980453584100634
2007-04-04,12.06,-4.02,3.7,0.0,0.38,-4.12,22.97,0.9579503751580907
2007-04-05,15.63,-1.66,4.24,0.08,0.38,-2.56,11.55,1.2698120343048798
2007-04-06,2.61,-5.85,-1.91,0.3,0.38,-7.52,13.48,0.3899598666361957
2007-04-07,3.41,-5.98,-2.2,0.16,0.38,-8.88,13.48,0.46798201604788736
2007-04-08,3.52,-5.07,-1.08,0.18,0.38,-5.85,7.04,0.3914375330242859
2007-04-09,20.23,-2.06,9.11,0.33,0.38,0.02,24.78,1.7600912534463506
2007-04-10,12.92,0.59,6.21,0.26,0.37,-5.61,15.24,1.0878896949957726
2007-04-11,10.31,-2.46,3.52,0.0,0.37,-9.51,20.42,0.9566958564499016
2007-04-12,7.63,-4.49,0.75,5.12,0.37,-4.75,10.31,0.6167926989714034
2007-04-13,2.63,-3.85,-0.46,5.3,0.39,-2.56,5.29,0.23215173061941696
2007-04-14,14.88,-3.62,5.28,0.0,0.39,-5.67,27.3,1.2919925591909787
2007-04-15,21.46,1.14,10.8,0.09,0.39,-3.05,26.28,2.0703481268013464
2007-04-16,19.4,3.46,11.16,2.95,0.39,0.98,25.45,1.5970690957269507
2007-04-17,15.2,4.3,8.33,1.4,0.39,3.31,12.83,0.9528280530812702
2007-04-18,19.5,2.23,10.61,0.0,0.39,3.63,26.85,1.4745563803203197
2007-04-19,17.12,5.12,10.6,0.0,0.39,-7.26,28.7,1.5983598240435573
2007-04-20,23.38,2.75,13.36,0.0,0.38,-4.47,26.21,2.4362266302079276
2007-04-21,23.8,5.96,14.43,5.3,0.38,-0.51,18.72,2.359786425499985
2007-04-22,18.32,7.12,11.85,2.86,0.39,2.4,22.61,1.3797866957700258
2007-04-23,20.61,6.01,12.56,5.31,0.39,5.63,19.81,1.5166233594796217
2007-04-24,13.41,0.86,6.92,34.13,0.43,4.85,5.36,0.6751972201533656
2007-04-25,9.21,0.9,4.16,0.51,0.46,-0.62,10.34,0.5806664965991344
2007-04-26,20.34,-0.79,10.04,3.46,0.45,2.65,26.95,1.6488016817169175
2007-04-27,17.95,3.16,10.64,0.01,0.45,2.46,27.74,1.3282974710639395
2007-04-28,25.63,6.48,16.05,0.0,0.44,4.36,28.29,2.454515558462758
2007-04-29,29.03,10.0,19.36,0.0,0.43,5.27,28.38,3.123738557690887
2007-04-30,27.58,10.68,19.04,0.06,0.42,5.91,23.52,2.7591720170866836
2007-05-01,21.36,9.44,15.55,0.64,0.41,8.71,22.29,1.4167727750079404
2007-05-02,21.84,7.54,14.09,0.01,0.41,6.16,27.74,1.672738059554148
2007-05-03,22.02,7.13,14.13,0.01,0.4,8.02,24.18,1.572924970377753
2007-05-04,17.21,6.12,11.27,3.77,0.4,3.98,15.0,1.1515506848740091
2007-05-05,20.07,5.26,12.61,1.29,0.4,2.01,26.46,1.6422861326374607
2007-05-06,17.46,2.66,10.14,2.58,0.4,0.66,26.98,1.3541735750604353
2007-05-07,14.66,3.37,9.19,2.05,0.41,1.46,19.61,0.9895410130070723
2007-05-08,21.04,4.69,13.22,0.0,0.4,-0.23,27.2,1.8924711550351718
2007-05-09,24.05,7.61,16.01,0.0,0.4,1.19,27.41,2.327115663220196
2007-05-10,26.17,9.22,17.59,0.0,0.39,2.4,29.13,2.6692698206216927
2007-05-11,28.74,8.94,19.32,0.0,0.39,3.97,30.14,3.134337864155014
2007-05-12,29.49,10.68,20.23,0.0,0.38,3.21,27.16,3.35137777276886
2007-05-13,32.45,11.15,22.1,0.02,0.38,5.12,28.5,3.997383325597995
2007-05-14,25.31,4.46,17.95,5.14,0.38,7.95,26.73,2.1576234635037626
2007-05-15,19.45,4.93,12.17,2.89,0.39,2.84,22.25,1.5106414108213038
2007-05-16,23.6,6.67,15.35,0.41,0.39,5.56,28.27,2.006019477996184
2007-05-17,22.78,7.82,15.66,0.15,0.38,7.51,27.01,1.7347810572071485
2007-05-18,27.43,9.37,18.21,0.0,0.38,6.51,29.61,2.687632254413443
2007-05-19,29.32,10.49,20.59,1.5,0.38,5.99,28.2,3.1458893425376626
2007-05-20,28.62,12.6,20.2,1.15,0.38,9.3,28.44,2.7470126302711373
2007-05-21,21.49,12.97,17.36,3.5,0.38,9.32,21.85,1.389734737268726
2007-05-22,20.31,5.35,12.58,4.02,0.38,5.37,20.27,1.488431940430845
2007-05-23,19.84,5.99,10.86,11.07,0.39,2.96,20.73,1.5596040807704539
2007-05-24,18.25,3.47,11.47,0.44,0.41,1.88,28.64,1.397053006094187
2007-05-25,25.81,6.22,16.19,0.31,0.4,6.11,25.46,2.381615049497495
2007-05-26,23.05,8.73,15.61,0.02,0.4,7.4,28.89,1.788234057412921
2007-05-27,26.83,10.84,18.88,6.03,0.4,9.96,24.79,2.3052605208837162
2007-05-28,28.79,11.81,20.42,0.82,0.4,9.8,29.22,2.7457195049153342
2007-05-29,21.68,4.97,15.27,14.8,0.4,10.36,20.71,1.3348980424493198
2007-05-30,19.47,5.73,12.74,2.73,0.42,3.96,27.62,1.4516830404271381
2007-05-31,24.27,7.56,16.06,0.59,0.41,3.67,29.02,2.2380539344800567
2007-06-01,21.3,7.23,14.57,0.24,0.41,4.53,18.04,1.689102338928977
2007-06-02,23.61,7.69,16.25,0.01,0.4,5.42,29.41,2.0165590035586813
2007-06-03,24.73,9.87,17.48,0.23,0.4,7.03,25.33,2.1132632138042693
2007-06-04,25.06,10.71,18.5,0.02,0.39,7.33,27.5,2.154328526156986
2007-06-05,28.79,11.46,20.73,0.09,0.39,8.82,28.35,2.8231470249271746
2007-06-06,31.33,13.97,22.79,0.0,0.38,1.5,24.98,3.896900795349441
2007-06-07,22.65,5.62,13.59,0.01,0.38,-1.47,30.13,2.20204671815866
2007-06-08,22.55,3.68,13.71,0.0,0.38,-0.46,32.53,2.1432210349635143
2007-06-09,30.53,8.81,20.26,1.45,0.37,3.58,29.74,3.5842389238714327
2007-06-10,32.7,13.07,23.52,0.2,0.37,7.42,28.96,3.914997303641378
2007-06-11,34.36,16.38,25.03,1.19,0.37,11.8,27.37,4.042639392523879
2007-06-12,22.44,16.18,19.19,22.82,0.39,14.98,7.9,1.0125223376787063
2007-06-13,17.02,11.6,14.4,7.12,0.42,12.0,7.6,0.5376227978462988
2007-06-14,19.21,11.32,14.77,1.35,0.42,9.3,13.56,1.0548110759253821
2007-06-15,27.47,11.26,19.41,0.0,0.42,10.96,30.8,2.3556101177030504
2007-06-16,29.54,13.34,21.73,0.0,0.41,10.88,30.88,2.830109880021549
2007-06-17,33.25,14.95,24.2,0.03,0.4,12.15,30.17,3.684618938136727
2007-06-18,26.65,13.17,19.63,0.07,0.39,3.54,31.09,2.705479181984323
2007-06-19,31.44,11.91,22.33,0.0,0.39,7.45,26.1,3.573122284664715
2007-06-20,35.5,18.57,26.51,0.0,0.38,11.97,25.23,4.380148389993998
2007-06-21,36.68,18.47,27.78,0.49,0.37,8.17,29.9,5.081016207556665
2007-06-22,32.88,17.08,24.55,6.14,0.37,11.58,24.09,3.632199015657306
2007-06-23,31.94,15.44,24.16,0.17,0.38,10.84,30.31,3.4398599854119327
2007-06-24,34.9,17.06,25.93,0.08,0.37,9.62,30.65,4.39463695919649
2007-06-25,35.95,16.92,26.63,0.02,0.37,12.09,31.28,4.513809653359812
2007-06-26,28.57,18.14,23.04,0.69,0.37,15.11,22.55,2.189747528930372
2007-06-27,24.21,16.05,19.96,0.06,0.37,13.58,20.73,1.4661846470095419
2007-06-28,28.78,15.05,21.62,0.0,0.37,10.12,27.35,2.7171596442834582
2007-06-29,30.19,12.96,21.44,0.0,0.36,4.68,31.15,3.4365089596053613
2007-06-30,32.24,14.33,22.83,0.03,0.36,9.78,28.29,3.6096648837534104
2007-07-01,32.78,15.18,23.48,0.0,0.36,11.31,29.35,3.62839605793456
2007-07-02,34.62,16.33,24.9,0.0,0.36,12.43,29.25,4.062827914438204
2007-07-03,37.33,15.94,26.66,2.58,0.36,12.19,23.68,4.968249397475031
2007-07-04,30.41,17.27,23.34,1.38,0.36,13.08,28.4,2.838247040867835
2007-07-05,32.42,15.85,24.61,0.0,0.36,9.37,30.44,3.6917195867783117
2007-07-06,33.6,17.69,25.94,0.0,0.36,7.89,30.33,4.137172175087608
2007-07-07,35.64,17.67,26.97,0.0,0.35,8.93,29.72,4.682007390706375
2007-07-08,32.01,18.57,24.85,6.09,0.36,11.75,26.93,3.3778534388086108
2007-07-09,28.74,17.18,23.23,0.65,0.36,12.11,26.31,2.5331137210172923
2007-07-10,26.74,16.03,21.94,0.04,0.36,11.61,21.7,2.144416504650521
2007-07-11,31.76,15.21,23.5,1.8,0.36,13.19,27.83,3.1741810187149255
2007-07-12,29.89,17.47,23.25,13.73,0.37,14.56,18.62,2.558733575926312
2007-07-13,30.59,17.15,23.85,0.15,0.38,11.82,28.96,3.00278188121652
2007-07-14,32.54,18.87,25.08,0.01,0.38,9.93,28.48,3.6795892324159665
2007-07-15,35.28,16.93,26.69,0.0,0.37,8.09,27.48,4.630920378621804
2007-07-16,36.35,18.04,27.67,0.03,0.37,6.77,30.01,5.069893526557738
2007-07-17,38.27,19.36,29.12,0.0,0.36,9.05,28.26,5.5701457169677955
2007-07-18,37.82,19.23,29.48,0.03,0.36,10.1,28.72,5.3243338213989055
2007-07-19,29.82,19.98,24.76,0.29,0.36,15.05,20.57,2.4886105685304916
2007-07-20,32.86,18.11,25.81,0.0,0.36,14.69,22.73,3.3191740378861594
2007-07-21,35.72,18.98,27.54,0.03,0.35,12.58,29.37,4.393218612188351
2007-07-22,35.99,18.73,27.86,0.0,0.35,11.91,29.97,4.543476887781974
2007-07-23,35.43,20.26,28.05,0.0,0.35,12.47,27.01,4.311069226647511
2007-07-24,35.09,19.34,27.65,0.0,0.35,11.87,28.11,4.26012480276144
2007-07-25,36.01,19.72,28.23,0.0,0.35,11.89,29.32,4.55183517666659
2007-07-26,30.68,20.15,25.55,6.72,0.35,15.04,23.56,2.7016487863589873
2007-07-27,25.27,18.68,21.61,22.52,0.38,17.67,21.79,1.1975326440387555
2007-07-28,26.43,17.75,21.54,7.05,0.41,17.13,17.65,1.494085478777922
2007-07-29,27.15,17.46,22.06,2.87,0.41,16.59,23.15,1.708884493860481
2007-07-30,30.06,16.81,23.31,0.43,0.4,15.21,25.45,2.529149742886586
2007-07-31,32.83,16.49,25.09,0.29,0.39,14.04,25.83,3.3796213185348614
2007-08-01,31.93,17.94,24.8,0.63,0.39,14.58,26.76,3.076222673144073
2007-08-02,28.72,18.59,23.34,1.72,0.38,16.26,15.56,2.0926123730992696
2007-08-03,32.24,18.06,25.07,0.21,0.38,15.19,26.47,3.093322637127746
2007-08-04,33.58,18.93,26.48,2.69,0.38,14.9,26.02,3.5017253604394094
2007-08-05,29.61,19.47,23.92,9.2,0.39,16.78,25.63,2.2381895992561733
2007-08-06,30.81,18.71,23.83,11.46,0.4,17.07,23.98,2.4978822858780423
2007-08-07,25.88,17.46,21.63,11.4,0.42,17.33,23.77,1.3590428538319614
2007-08-08,32.09,18.14,24.43,0.31,0.42,12.18,28.3,3.35971265870047
2007-08-09,34.88,17.07,25.58,0.57,0.41,11.95,26.93,4.187549627936539
2007-08-10,35.56,18.28,26.89,0.11,0.4,12.13,27.02,4.3844327931084495
2007-08-11,34.54,18.48,25.96,0.29,0.39,10.19,27.49,4.2376086583889565
2007-08-12,34.4,18.52,26.48,0.46,0.39,15.38,25.23,3.69136195804283
2007-08-13,37.81,21.55,29.8,0.07,0.38,13.2,26.61,5.039519347301214
2007-08-14,37.18,20.56,28.62,0.23,0.37,12.68,26.65,4.869890649723256
2007-08-15,32.38,18.79,24.82,4.85,0.37,14.14,25.96,3.244647282953074
2007-08-16,28.91,18.15,23.33,7.3,0.39,16.31,25.29,2.1302869627127325
2007-08-17,33.63,19.15,25.55,2.33,0.39,13.96,23.83,3.6161916205341322
2007-08-18,33.57,18.09,25.79,1.91,0.39,13.72,25.51,3.6234338283335976
2007-08-19,33.52,17.57,25.87,1.33,0.38,12.72,25.72,3.7081784306387564
2007-08-20,35.38,20.33,27.01,0.29,0.38,8.35,26.74,4.643243414724706
2007-08-21,36.45,19.91,27.68,0.16,0.37,11.18,23.69,4.760756902641445
2007-08-22,31.16,18.66,24.77,9.66,0.38,15.16,18.21,2.8106850351833543
2007-08-23,26.76,15.57,20.27,18.98,0.4,13.91,16.45,1.9261543124336302
2007-08-24,27.14,15.12,19.74,3.93,0.42,13.63,22.86,2.034105799472
2007-08-25,30.7,14.61,22.24,0.02,0.41,15.08,17.17,2.702279633526458
2007-08-26,35.2,17.36,25.97,0.0,0.4,11.01,23.64,4.37154681599584
2007-08-27,34.56,17.71,25.72,0.26,0.4,11.34,24.4,4.144697734395638
2007-08-28,28.4,16.53,22.35,0.85,0.39,14.11,21.8,2.258811659783718
2007-08-29,26.83,14.73,19.99,0.13,0.39,13.13,15.02,2.0193803193074586
2007-08-30,29.82,14.4,21.6,0.01,0.38,12.2,20.65,2.7782859012040633
2007-08-31,31.34,15.24,23.13,0.0,0.38,9.66,23.8,3.380024187397866
2007-09-01,32.25,15.81,24.33,1.11,0.38,12.37,23.92,3.385208828521116
2007-09-02,32.61,17.88,24.87,0.01,0.38,10.81,23.88,3.6249221533255573
2007-09-03,32.73,16.76,24.34,0.03,0.37,8.33,24.58,3.8573467826031544
2007-09-04,32.38,16.41,23.93,0.01,0.37,7.83,23.69,3.7974226297811806
2007-09-05,33.68,15.38,24.87,0.09,0.37,10.24,23.77,3.9773635349801237
2007-09-06,30.97,16.43,22.73,2.95,0.37,12.44,19.87,3.0411456625349382
2007-09-07,26.65,12.74,19.61,0.03,0.37,6.88,22.99,2.4991494664488645
2007-09-08,30.44,12.37,20.61,1.16,0.37,6.36,21.1,3.392658143388009
2007-09-09,22.25,8.31,14.65,2.0,0.37,7.77,9.0,1.628408655732542
2007-09-10,18.02,8.33,12.45,3.12,0.37,5.49,14.88,1.1639846811210937
2007-09-11,26.98,8.33,17.46,0.0,0.37,1.84,24.14,2.863556716405605
2007-09-12,30.37,12.09,20.97,0.1,0.37,6.8,22.77,3.3457655389604413
2007-09-13,23.31,11.28,16.85,0.0,0.37,5.93,21.99,1.9319606319743021
2007-09-14,18.67,7.67,12.67,0.0,0.37,2.67,13.61,1.4123581043628182
2007-09-15,30.14,7.94,19.04,0.0,0.37,6.6,19.24,3.3025849674896737
2007-09-16,33.33,14.57,23.12,1.09,0.36,8.03,21.32,4.049045728572114
2007-09-17,23.47,16.2,19.94,0.48,0.36,10.89,13.0,1.5871545046204634
2007-09-18,25.98,12.56,18.54,0.01,0.36,3.54,22.41,2.570164385290945
2007-09-19,28.54,11.77,19.44,0.09,0.36,9.13,15.72,2.7422356946939703
2007-09-20,32.1,14.88,23.36,0.0,0.36,8.53,20.42,3.6695967930592763
2007-09-21,30.57,14.05,21.53,0.0,0.36,2.66,22.13,3.64410030170893
2007-09-22,28.93,11.86,20.64,0.0,0.36,9.03,19.77,2.8391128141142716
2007-09-23,30.77,17.27,22.8,3.49,0.36,11.83,19.32,3.0471806049021075
2007-09-24,21.16,7.96,15.17,0.22,0.36,8.45,16.66,1.4054582897434236
2007-09-25,20.5,4.13,12.11,0.06,0.36,0.85,21.55,1.7620071707836482
2007-09-26,23.39,6.69,14.73,0.0,0.36,-1.72,21.53,2.337953648731552
2007-09-27,23.58,7.01,15.33,0.0,0.36,-2.17,20.85,2.388706916884617
2007-09-28,28.76,12.06,19.75,0.08,0.36,7.98,15.84,2.8791467276030644
2007-09-29,29.7,16.64,21.97,4.43,0.36,9.42,12.05,2.9895529263022844
2007-09-30,19.82,7.96,13.52,1.71,0.37,2.3,17.63,1.5914177657944866
2007-10-01,25.85,9.28,17.04,0.22,0.37,1.36,13.59,2.657780829652218
2007-10-02,19.99,9.29,14.37,0.0,0.36,-1.22,19.78,1.7781844523611716
2007-10-03,28.33,8.41,16.75,0.0,0.36,-1.62,20.04,3.310739505469554
2007-10-04,26.49,10.39,17.27,0.0,0.36,1.31,19.5,2.7884969870549208
2007-10-05,29.52,13.53,21.57,0.0,0.36,6.63,18.52,3.150947487633953
2007-10-06,30.91,9.02,22.29,0.0,0.36,7.85,18.41,3.4077659046727193
2007-10-07,16.18,5.36,9.58,0.0,0.36,-0.02,13.85,1.2293859854306153
2007-10-08,22.28,3.81,12.43,0.02,0.36,-3.05,17.32,2.2015895298949486
2007-10-09,24.77,6.81,15.01,0.0,0.36,-2.95,18.26,2.6331803456545693
2007-10-10,24.37,7.06,15.04,0.0,0.35,4.22,17.62,2.2248899498664687
2007-10-11,26.91,8.77,16.66,0.0,0.35,7.62,16.86,2.501239345088023
2007-10-12,19.13,10.15,13.69,0.15,0.35,10.73,5.65,0.9259388067433965
2007-10-13,17.26,10.19,12.77,1.63,0.36,9.41,3.56,0.789638741973629
2007-10-14,10.04,4.19,7.35,3.2,0.36,3.93,3.59,0.4219950088780813
2007-10-15,13.49,2.89,6.69,0.32,0.36,-0.29,10.83,0.9484308167774942
2007-10-16,20.36,3.15,10.6,0.0,0.36,-0.67,15.87,1.8092492751640528
2007-10-17,15.97,4.76,9.92,0.07,0.36,2.15,11.92,1.1015530069911632
2007-10-18,14.25,3.76,8.01,0.0,0.36,-5.66,16.42,1.2241961225984679
2007-10-19,23.47,3.39,13.28,0.0,0.36,-2.01,16.89,2.3632812663428138
2007-10-20,27.77,5.4,16.49,0.23,0.36,-0.98,14.27,3.161018052062504
2007-10-21,4.81,-0.09,2.65,5.09,0.37,-2.55,4.33,0.3544874097667603
2007-10-22,10.37,-3.63,3.2,0.01,0.37,-6.7,16.81,0.888930028197439
2007-10-23,18.39,2.54,9.63,0.0,0.37,0.6,15.92,1.477156599815953
2007-10-24,22.93,4.52,12.35,0.0,0.37,0.28,15.64,2.174205388325754
2007-10-25,24.58,5.39,13.05,0.0,0.37,-0.61,15.6,2.5051768107336603
2007-10-26,15.14,2.14,8.43,0.0,0.37,0.4,14.94,1.0919664709118413
2007-10-27,11.71,-0.96,4.41,0.0,0.37,-3.68,6.96,0.9106448468922219
2007-10-28,21.66,0.67,9.13,0.0,0.36,-1.57,14.14,2.0451979428531266
2007-10-29,23.3,5.81,13.07,0.0,0.36,-1.61,13.93,2.317990103757619
2007-10-30,25.32,7.22,14.95,0.0,0.36,-0.52,13.92,2.64059468228027
2007-10-31,10.62,1.45,4.99,0.0,0.36,-4.94,11.78,0.856822182689628
2007-11-01,17.66,0.05,7.78,0.0,0.36,-1.5,14.39,1.473023842831289
2007-11-02,9.93,0.43,4.33,0.0,0.36,-6.75,14.37,0.853824609996501
2007-11-03,18.08,0.03,8.16,0.0,0.36,-8.12,14.55,1.7431413572211851
2007-11-04,23.06,3.43,11.13,0.0,0.36,-6.56,14.4,2.44582771393823
2007-11-05,8.44,-1.02,3.88,0.0,0.36,-3.0,13.85,0.6157175664717538
2007-11-06,12.29,-2.92,2.85,0.0,0.36,-4.22,13.6,0.9828201432684611
2007-11-07,20.86,-0.12,9.81,0.0,0.36,-7.57,14.04,2.1199566317449627
2007-11-08,21.32,4.28,12.29,0.0,0.36,-6.15,13.78,2.1505256677465154
2007-11-09,21.2,4.32,11.36,0.0,0.36,-5.4,12.87,2.109169309410961
2007-11-10,21.72,7.3,12.18,0.0,0.36,-2.76,11.49,2.1006747298433135
2007-11-11,20.99,5.22,11.76,0.0,0.36,-0.86,12.9,1.9118659327425709
2007-11-12,9.41,2.13,5.36,0.0,0.36,-2.44,6.83,0.6697707969833442
2007-11-13,22.08,2.94,10.68,0.0,0.36,-1.26,11.02,2.0998420675500524
2007-11-14,5.76,-4.58,0.69,0.0,0.36,-11.07,10.96,0.6573284823242321
2007-11-15,12.32,-4.67,2.72,0.0,0.36,-10.03,12.1,1.1474027461758467
2007-11-16,20.37,3.78,10.2,0.0,0.36,-3.7,12.23,1.9277523280774596
2007-11-17,18.26,4.23,10.29,0.0,0.35,-0.98,7.27,1.5293876695406172
2007-11-18,20.6,5.45,11.71,0.0,0.35,-2.19,10.52,1.9065136440878674
2007-11-19,23.84,7.62,13.89,0.0,0.35,-4.06,11.98,2.503168980901651
2007-11-20,8.66,-2.53,3.48,0.0,0.35,-4.64,9.11,0.6891238236939707
2007-11-21,-0.62,-7.13,-4.0,1.36,0.35,-9.13,6.35,0.27773960853081125
2007-11-22,1.65,-7.48,-4.36,0.0,0.35,-10.19,11.03,0.4067270743659888
2007-11-23,-2.62,-6.15,-4.31,2.47,0.36,-8.77,2.19,0.18886564121459143
2007-11-24,3.8,-6.66,-2.46,0.0,0.36,-11.76,10.25,0.553671237540761
2007-11-25,8.9,-3.22,0.8,0.01,0.36,-10.01,11.46,0.8548432661723392
2007-11-26,5.88,-3.03,-0.07,0.0,0.36,-6.99,9.8,0.56574028329919
2007-11-27,11.9,-1.71,3.78,0.0,0.36,-8.42,11.36,1.0697630645441705
2007-11-28,1.86,-4.53,-1.74,0.02,0.36,-8.36,8.09,0.37350157632749664
2007-11-29,7.43,-4.98,-1.24,0.0,0.36,-9.43,10.73,0.7329356975137389
2007-11-30,-0.47,-6.48,-4.15,0.0,0.36,-10.49,8.64,0.31542460070719464
2007-12-01,11.19,-5.09,0.59,0.02,0.36,-2.48,8.54,0.8204220436923328
2007-12-02,4.95,-5.41,-1.26,0.0,0.36,-10.97,10.8,0.6048060360553031
2007-12-03,14.66,-2.08,5.1,0.0,0.36,-8.31,8.44,1.3419992002498575
2007-12-04,18.77,2.84,8.79,0.0,0.36,-5.68,8.45,1.7661425644076674
2007-12-05,9.62,-1.32,3.04,0.0,0.36,-1.21,8.55,0.6379810454371555
2007-12-06,10.7,-0.71,4.53,0.2,0.36,-3.24,9.74,0.8058415899037437
2007-12-07,1.95,-4.32,-0.58,2.07,0.36,-3.6,1.57,0.23499504117223952
2007-12-08,-3.93,-10.47,-6.47,2.88,0.36,-9.87,1.43,0.1679892821005015
2007-12-09,-0.01,-10.15,-5.69,1.07,0.36,-10.56,7.76,0.33708817483097037
2007-12-10,4.88,-5.34,-1.53,3.75,0.36,-7.54,6.58,0.5184825290124282
2007-12-11,-4.07,-9.19,-5.84,4.37,0.37,-8.62,3.76,0.1333201302902201
2007-12-12,1.68,-12.18,-5.94,0.0,0.37,-9.98,5.91,0.4034794554320117
2007-12-13,0.89,-7.53,-4.34,0.0,0.37,-8.83,7.96,0.33816701660910475
2007-12-14,-4.16,-9.31,-7.09,1.23,0.37,-9.12,2.82,0.14253228187208722
2007-12-15,-2.01,-13.81,-7.98,0.03,0.37,-14.34,10.15,0.32587512674512464
2007-12-16,5.4,-8.58,-3.25,0.0,0.37,-10.24,10.29,0.6166517317917509
2007-12-17,8.28,-7.11,-0.04,0.0,0.38,-8.05,4.66,0.7603327005358655
2007-12-18,7.71,-2.92,0.75,0.0,0.38,-6.1,9.67,0.6644958621034891
2007-12-19,9.49,-1.08,1.88,0.0,0.38,-4.99,6.49,0.7651253943679979
2007-12-20,10.4,-1.52,2.31,0.0,0.38,-6.25,9.42,0.8784307942108136
2007-12-21,5.33,-5.95,-0.05,0.65,0.38,-5.72,6.23,0.49391300606251753
2007-12-22,-0.41,-8.29,-5.53,0.02,0.38,-14.26,9.5,0.39033808499059125
2007-12-23,4.4,-7.55,-2.69,0.0,0.38,-10.8,8.11,0.5683600479050777
2007-12-24,6.8,-7.24,-0.95,0.0,0.38,-11.07,8.71,0.725825825365528
2007-12-25,-0.44,-7.25,-2.49,3.32,0.38,-5.35,2.49,0.1814031465655923
2007-12-26,0.67,-9.61,-5.77,0.01,0.38,-10.22,6.18,0.3604694096409774
2007-12-27,-5.13,-8.82,-7.35,8.35,0.38,-9.53,2.91,0.12049566522237282
2007-12-28,-2.03,-11.83,-8.07,0.13,0.38,-14.04,8.8,0.3200655135751793
2007-12-29,0.18,-11.73,-6.89,0.0,0.38,-14.41,9.92,0.418861057274707
2007-12-30,4.2,-7.66,-2.83,0.05,0.38,-9.75,9.43,0.5333536472206125
2007-12-31,-1.75,-10.32,-6.74,0.0,0.38,-14.52,10.27,0.33907050352079565
2008-01-01,-1.92,-12.36,-8.05,0.0,0.38,-17.18,10.17,0.3718636418255495
2008-01-02,0.37,-13.14,-7.2,0.0,0.38,-14.64,9.5,0.43122006341546837
2008-01-03,10.0,-4.0,2.21,0.0,0.38,-8.55,9.15,0.9076594555973054
2008-01-04,10.5,0.77,4.21,0.0,0.39,-4.02,9.92,0.8161403108486434
2008-01-05,10.15,-1.17,3.58,0.0,0.39,-2.71,7.93,0.740031507618061
2008-01-06,5.28,-2.73,0.37,0.09,0.39,-4.3,8.3,0.44540677526552586
2008-01-07,3.84,-3.71,-0.91,0.1,0.39,-9.6,7.47,0.5092428345119461
2008-01-08,3.32,-4.6,-1.35,0.01,0.38,-11.77,10.49,0.527136666502423
2008-01-09,3.66,-2.7,0.17,1.29,0.38,-5.07,8.21,0.3750606824028243
2008-01-10,4.94,-4.55,-1.15,0.01,0.38,-9.02,11.07,0.5599604538067224
2008-01-11,5.5,-2.96,-0.29,0.01,0.38,-8.24,9.04,0.5750650155585325
2008-01-12,4.81,-4.28,-0.75,0.0,0.38,-8.66,10.27,0.5432548000173656
2008-01-13,4.17,-6.75,-1.88,0.0,0.38,-10.07,11.32,0.5389150627927783
2008-01-14,5.67,-4.88,-0.34,0.0,0.38,-9.28,10.5,0.6115104816340489
2008-01-15,7.07,-4.36,0.65,0.03,0.38,-9.47,6.05,0.7087348897447405
2008-01-16,-5.24,-13.85,-8.88,0.08,0.38,-16.62,4.84,0.24720737956792602
2008-01-17,-1.22,-15.13,-8.51,0.0,0.38,-17.32,10.05,0.4018411468949823
2008-01-18,-3.03,-9.48,-6.17,0.41,0.38,-11.85,9.11,0.24211240786752677
2008-01-19,2.53,-11.37,-4.8,0.0,0.38,-13.04,9.47,0.5090988240844299
2008-01-20,4.25,-9.9,-3.7,0.06,0.38,-10.76,8.61,0.5587412917695376
2008-01-21,-9.52,-17.86,-13.35,0.09,0.38,-16.79,7.03,0.13278559046634308
2008-01-22,1.89,-17.75,-8.76,0.0,0.38,-14.74,9.64,0.5054974020240183
2008-01-23,-2.94,-11.11,-7.47,0.0,0.38,-11.9,10.42,0.24639699044844457
2008-01-24,3.57,-11.74,-4.97,0.0,0.38,-8.97,10.34,0.47905392610419384
2008-01-25,8.24,-4.13,0.64,0.0,0.38,-9.04,11.11,0.7822121973139196
2008-01-26,9.12,-2.4,1.94,0.0,0.38,-8.52,12.24,0.8363441570820833
2008-01-27,12.81,-2.13,4.26,0.0,0.37,-7.45,11.66,1.1302797204744304
2008-01-28,13.66,-1.99,6.07,0.01,0.37,-5.14,11.25,1.1469532441403283
2008-01-29,0.56,-5.91,-3.56,0.05,0.37,-16.18,12.63,0.463529839698249
2008-01-30,3.7,-4.86,-2.02,0.05,0.37,-12.54,10.36,0.5632040005129351
2008-01-31,1.48,-6.87,-2.98,0.0,0.37,-15.69,13.57,0.49997179543157977
2008-02-01,7.67,-4.11,1.08,0.35,0.37,-10.17,10.85,0.7670137309630625
2008-02-02,1.79,-4.42,-1.63,0.01,0.37,-8.77,12.99,0.38028028953689447
2008-02-03,6.76,-3.79,0.54,0.0,0.37,-8.43,13.65,0.6621411729311076
2008-02-04,3.38,-4.45,-1.39,1.28,0.37,-6.14,5.38,0.3923657334618464
2008-02-05,-4.77,-12.3,-7.8,6.26,0.37,-11.46,4.93,0.1743138349897233
2008-02-06,3.93,-12.74,-4.76,0.0,0.37,-11.52,10.48,0.5562096005381254
2008-02-07,5.04,-10.44,-2.29,0.01,0.38,-11.22,12.59,0.6155272454172938
2008-02-08,4.41,-5.72,-0.74,0.0,0.38,-10.43,14.69,0.5609183959294124
2008-02-09,10.24,-4.23,1.88,0.0,0.38,-7.23,13.87,0.8928734241940894
2008-02-10,8.19,-5.68,0.26,0.0,0.38,-6.61,9.37,0.7143448467663647
2008-02-11,9.67,-4.43,2.51,0.02,0.38,-6.11,12.14,0.8140997262901748
2008-02-12,5.23,-5.21,-0.61,0.0,0.38,-6.95,14.12,0.5236675553303027
2008-02-13,15.08,-2.26,4.35,0.0,0.38,-5.38,15.16,1.304973112904032
2008-02-14,0.51,-5.99,-3.07,0.08,0.38,-7.56,6.19,0.2878354455526073
2008-02-15,6.27,-5.61,-1.25,0.01,0.38,-6.73,13.74,0.5837753827980279
2008-02-16,13.94,-2.43,3.9,0.04,0.38,-5.37,15.29,1.1829029261166064
2008-02-17,0.4,-6.01,-2.72,0.03,0.38,-9.77,10.03,0.3378454746922793
2008-02-18,4.9,-5.51,-0.86,0.0,0.38,-11.51,15.75,0.6129836965599329
2008-02-19,13.86,-2.74,3.66,0.0,0.37,-10.27,16.81,1.3044891143511972
2008-02-20,2.92,-5.73,-2.27,0.0,0.37,-7.72,6.26,0.41173896698339046
2008-02-21,7.7,-3.23,0.41,0.0,0.37,-6.83,15.26,0.6849220641980782
2008-02-22,11.19,-3.02,2.9,0.0,0.37,-6.31,16.99,0.9483084868955245
2008-02-23,8.22,-2.59,1.51,1.48,0.37,-3.27,6.66,0.6091041329194014
2008-02-24,13.95,-1.76,6.28,0.0,0.37,-4.68,13.58,1.1619023648217124
2008-02-25,5.01,-3.4,1.44,0.12,0.37,-4.39,8.1,0.4318268183911213
2008-02-26,6.11,-5.62,-0.56,0.0,0.37,-8.57,18.07,0.6224528780733933
2008-02-27,12.14,-3.57,3.05,0.0,0.37,-7.48,17.19,1.0673983407964396
2008-02-28,13.68,0.21,6.55,0.0,0.37,-5.66,17.16,1.165179855544567
2008-02-29,15.23,-3.04,5.63,0.0,0.37,-5.01,17.81,1.3099060452620672
2008-03-01,22.97,0.62,11.45,0.0,0.37,-6.89,18.47,2.439911478091698
2008-03-02,9.14,-3.84,0.92,2.09,0.37,-4.77,3.79,0.7303734429230865
2008-03-03,5.18,-7.08,-1.43,0.07,0.37,-9.91,18.89,0.5955751449645457
2008-03-04,12.68,-3.3,3.18,0.39,0.37,-9.41,13.56,1.1673418432390918
2008-03-05,1.9,-5.29,-2.24,0.14,0.37,-11.18,15.83,0.44055246760985195
2008-03-06,2.95,-5.8,-1.66,0.12,0.37,-11.83,16.52,0.5082653027466042
2008-03-07,4.22,-5.25,-1.27,0.29,0.37,-7.5,15.44,0.4783143875450193
2008-03-08,8.38,-2.54,2.39,0.0,0.37,-6.72,15.84,0.7316085166639086
2008-03-09,9.9,-3.43,2.8,0.0,0.37,-7.02,16.58,0.8589667635860649
2008-03-10,13.09,-2.05,5.63,0.0,0.37,-5.87,20.1,1.1124610317130403
2008-03-11,18.32,-1.95,7.96,0.0,0.37,-7.87,20.85,1.7681145791599167
2008-03-12,17.46,2.59,9.28,0.03,0.37,-5.58,14.39,1.5919597043118945
2008-03-13,13.86,-0.07,6.9,0.05,0.37,-5.51,16.25,1.1789978854767713
2008-03-14,11.86,-1.88,4.0,0.44,0.37,-4.17,11.32,0.9411899085234628
2008-03-15,8.54,-5.22,1.95,0.35,0.37,-5.34,17.97,0.7024427483477784
2008-03-16,6.21,-2.92,0.65,2.93,0.37,-2.97,5.04,0.4580679532539969
2008-03-17,6.89,-4.52,0.54,2.34,0.37,-4.11,7.9,0.5438046045411602
2008-03-18,9.35,-3.79,2.51,0.0,0.37,-7.35,22.04,0.8237961280718998
2008-03-19,16.26,-2.02,6.71,0.0,0.37,-6.37,21.78,1.4693793050471704
2008-03-20,22.22,-1.73,9.62,0.0,0.37,-6.04,20.46,2.290539990600137
2008-03-21,14.79,-2.05,6.36,0.0,0.37,-6.95,19.9,1.3196783429165018
2008-03-22,7.54,-3.63,1.49,0.12,0.37,-7.09,13.28,0.680775061974503
2008-03-23,9.52,-5.86,1.25,0.0,0.37,-10.15,22.76,0.90668987438509
2008-03-24,20.24,-2.0,9.21,0.0,0.37,-9.62,21.07,2.078807615138111
2008-03-25,16.45,0.82,8.4,0.0,0.36,-4.97,23.19,1.4490756389699346
2008-03-26,22.13,-1.17,10.06,0.0,0.36,-3.24,22.75,2.1840302674613192
2008-03-27,11.86,-0.13,5.35,0.0,0.36,-1.72,17.18,0.8512268214461983
2008-03-28,9.09,-2.89,3.02,0.0,0.36,-6.11,20.1,0.7680883899023578
2008-03-29,21.27,-0.62,10.43,0.0,0.36,-4.51,21.91,2.0914410146036126
2008-03-30,9.67,-1.44,3.53,0.04,0.36,-8.38,9.95,0.8764776547307968
2008-03-31,8.75,-3.54,1.36,1.5,0.36,-4.46,17.06,0.6900483587502094
2008-04-01,7.0,-6.4,0.38,0.0,0.36,-10.14,20.03,0.7193046509337468
2008-04-02,15.0,-4.68,5.86,0.12,0.36,-5.82,24.1,1.3096853261373895
2008-04-03,11.82,-0.15,5.22,0.72,0.36,-3.19,13.35,0.9032781355835634
2008-04-04,16.12,-3.03,6.61,0.0,0.36,-9.9,25.72,1.54428509230803
2008-04-05,19.68,0.25,9.89,0.0,0.36,-7.35,16.45,1.9406680455812406
2008-04-06,13.71,-1.47,6.61,0.0,0.36,-10.87,25.55,1.3021790825795538
2008-04-07,10.82,-1.86,4.07,0.04,0.36,-4.31,12.8,0.8533237408372201
2008-04-08,13.73,-1.78,6.31,0.0,0.36,-5.39,24.52,1.1619447865984653
2008-04-09,11.42,0.43,3.86,2.55,0.36,-0.28,7.36,0.7513504393299921
2008-04-10,1.27,-0.62,0.11,9.64,0.36,-2.45,4.17,0.15951659896135695
2008-04-11,5.78,-0.6,2.2,0.91,0.37,-3.43,15.08,0.4468312169008053
2008-04-12,7.82,-3.25,2.2,0.55,0.38,-5.69,17.43,0.6600758669035662
2008-04-13,14.06,-4.61,4.38,0.0,0.38,-5.8,25.12,1.20857336025623
2008-04-14,23.03,0.55,11.72,0.02,0.38,-5.31,27.5,2.403175663199214
2008-04-15,29.55,6.31,18.21,0.0,0.37,-6.67,27.78,3.7641003436263696
2008-04-16,14.85,1.07,8.07,5.21,0.37,-5.58,26.6,1.2859640901678921
2008-04-17,6.52,-2.75,1.65,5.36,0.38,-3.51,12.44,0.49801648963852824
2008-04-18,17.71,-3.67,7.42,0.0,0.38,-5.07,25.7,1.6077102932100402
2008-04-19,23.09,2.5,13.19,0.0,0.38,-4.45,27.25,2.3856695217509465
2008-04-20,25.95,6.33,16.32,0.0,0.38,-6.93,28.68,2.9882086176604963
2008-04-21,16.44,1.21,8.72,0.0,0.37,-7.58,28.19,1.5245482670323245
2008-04-22,19.45,-1.02,9.67,0.0,0.37,-2.84,28.21,1.764340185040968
2008-04-23,25.82,4.44,14.92,0.62,0.37,1.98,22.06,2.621205854379619
2008-04-24,24.24,2.41,13.84,0.98,0.37,-0.38,25.89,2.4330595666539896
2008-04-25,14.92,1.19,7.71,0.0,0.37,-6.07,24.54,1.3084232849795445
2008-04-26,8.36,-0.76,4.78,0.02,0.37,-7.59,23.14,0.7541517657585322
2008-04-27,15.93,-4.0,6.63,0.0,0.36,-7.59,29.34,1.4649672202102202
2008-04-28,23.63,0.51,12.82,0.0,0.36,-8.77,24.15,2.6034622935950527
2008-04-29,26.55,4.79,16.12,0.0,0.36,-5.51,21.84,3.067148393413433
2008-04-30,29.18,9.11,19.54,0.07,0.36,-5.43,29.32,3.639913908193903
2008-05-01,9.74,2.93,5.95,4.0,0.36,-0.28,17.11,0.6082664512994873
2008-05-02,6.34,-1.33,2.72,1.42,0.36,-5.99,13.07,0.5668043694011325
2008-05-03,14.87,-4.52,5.7,0.0,0.36,-9.44,29.35,1.3924698487742915
2008-05-04,21.81,0.5,12.27,0.02,0.36,-6.19,28.12,2.228862992844103
2008-05-05,24.43,4.78,15.21,0.4,0.36,3.64,27.75,2.268920249816051
2008-05-06,28.83,10.49,19.0,0.45,0.36,3.86,24.72,3.1612107146550623
2008-05-07,18.4,8.98,13.86,1.34,0.36,6.28,20.1,1.1630827960320804
2008-05-08,20.61,5.82,11.32,5.06,0.36,6.0,14.71,1.4929384348502677
2008-05-09,23.14,3.18,13.85,0.99,0.37,2.16,25.7,2.1195530834155782
2008-05-10,14.27,1.66,8.3,0.33,0.37,-1.25,20.22,1.0694122861750737
2008-05-11,24.36,0.16,12.8,0.0,0.36,-6.15,30.52,2.663219071544192
2008-05-12,29.81,6.25,17.77,0.14,0.36,-2.72,28.88,3.6970865028599755
2008-05-13,14.57,3.86,9.3,0.09,0.36,0.17,14.14,1.0403066985164084
2008-05-14,20.38,3.59,12.97,0.78,0.36,0.04,23.2,1.7812734441536184
2008-05-15,15.71,6.05,10.67,0.76,0.36,1.35,17.54,1.1113951240129014
2008-05-16,22.8,5.28,14.4,0.01,0.36,2.11,22.94,2.064415482954857
2008-05-17,25.18,8.24,17.18,0.0,0.36,-0.26,30.6,2.6025624122578828
2008-05-18,30.31,8.2,20.88,0.01,0.35,-0.37,27.74,3.7245492300701235
2008-05-19,29.75,13.24,21.81,0.02,0.35,5.59,26.71,3.273703990925537
2008-05-20,29.28,11.07,20.76,0.0,0.35,6.51,28.35,3.102306844379558
2008-05-21,31.69,14.91,22.46,4.88,0.35,5.62,19.25,3.761321524602007
2008-05-22,27.45,11.57,18.62,2.56,0.36,2.72,20.42,2.917715868891439
2008-05-23,26.79,7.62,16.86,4.45,0.36,0.2,21.49,2.901901852623591
2008-05-24,24.32,6.32,16.03,0.0,0.36,-3.46,31.94,2.5686462358979782
2008-05-25,28.81,7.64,18.66,0.33,0.36,0.73,31.45,3.3178822257059872
2008-05-26,21.23,8.43,13.93,0.99,0.36,7.09,10.31,1.5142917852724929
2008-05-27,13.67,5.76,9.28,0.61,0.36,4.65,15.48,0.7134633734414226
2008-05-28,24.63,6.96,15.63,0.57,0.36,7.55,15.24,2.0582994419824
2008-05-29,32.05,14.18,22.62,0.03,0.36,3.48,30.2,3.9842542210281495
2008-05-30,28.51,9.97,19.88,0.25,0.35,2.25,26.25,3.175270812218481
2008-05-31,28.08,11.44,20.09,3.39,0.35,5.08,29.06,2.920378998028599
2008-06-01,29.05,13.19,21.06,0.15,0.35,11.53,27.09,2.657583131093922
2008-06-02,33.42,14.01,23.34,1.62,0.35,8.56,23.51,4.0354911910497755
2008-06-03,29.47,14.66,21.46,5.14,0.36,9.84,25.14,2.900911093507557
2008-06-04,23.47,12.49,17.33,7.82,0.36,12.79,21.11,1.4129811579986826
2008-06-05,16.24,8.72,12.41,17.68,0.39,9.12,12.43,0.6889475618589285
2008-06-06,27.64,6.77,18.14,0.0,0.4,2.44,30.3,2.9732445855117544
2008-06-07,27.11,9.79,17.98,0.0,0.39,5.55,29.93,2.682039999084261
2008-06-08,21.1,8.6,14.21,3.06,0.39,6.45,23.61,1.5376775774475822
2008-06-09,25.58,7.07,16.79,0.0,0.39,1.31,30.97,2.6073331457970914
2008-06-10,31.9,9.9,22.77,0.0,0.38,-0.73,31.96,4.148870649762357
2008-06-11,24.96,8.36,16.04,0.13,0.37,0.66,29.57,2.5194688354942043
2008-06-12,26.2,6.73,16.34,0.02,0.37,-1.7,25.51,2.862149262375158
2008-06-13,27.12,7.43,17.76,0.0,0.36,-2.57,31.57,3.084948440596879
2008-06-14,32.11,10.9,21.99,0.0,0.36,-2.37,33.43,4.271271343740231
2008-06-15,31.86,13.49,22.42,0.01,0.36,4.48,31.89,3.8761385081842064
2008-06-16,24.87,12.98,18.26,0.04,0.36,11.32,14.98,1.8024315406452283
2008-06-17,33.41,15.43,23.57,0.29,0.35,9.78,26.29,3.937013555711278
2008-06-18,34.4,16.68,24.87,0.53,0.35,8.98,23.98,4.292368896240136
2008-06-19,32.03,14.51,22.95,2.92,0.35,8.92,22.07,3.620971379257885
2008-06-20,26.5,14.68,20.21,5.22,0.36,11.81,19.46,2.0769941271728287
2008-06-21,30.34,13.28,21.68,0.21,0.36,9.24,29.41,3.1597090339492166
2008-06-22,34.68,15.57,25.19,0.02,0.36,7.16,27.3,4.511075506658984
2008-06-23,32.82,14.97,23.93,2.25,0.35,9.53,24.89,3.7897635406477628
2008-06-24,32.99,14.86,24.3,1.29,0.36,8.15,29.69,3.9435492169451147
2008-06-25,35.05,16.44,26.03,0.76,0.35,5.74,28.78,4.719828262018696
2008-06-26,35.27,18.52,26.92,0.65,0.35,6.2,24.14,4.7589972748506
2008-06-27,31.61,17.27,24.96,0.25,0.35,7.38,29.94,3.6226824279942162
2008-06-28,28.5,14.4,20.91,0.0,0.35,5.33,19.69,2.9987692131895627
2008-06-29,30.67,11.98,21.31,0.0,0.35,3.45,31.57,3.6265637458259423
2008-06-30,34.14,13.54,24.42,0.01,0.34,7.13,31.13,4.350027686528553
2008-07-01,36.29,16.82,27.4,0.0,0.34,4.25,26.91,5.208498775773737
2008-07-02,31.2,16.36,23.34,21.25,0.35,11.92,28.4,3.1488173422092025
2008-07-03,28.03,12.79,20.56,0.4,0.38,12.22,22.43,2.3634975504352225
2008-07-04,34.61,16.16,25.78,0.0,0.37,10.19,31.15,4.25892318346793
2008-07-05,37.98,18.95,28.83,0.26,0.37,7.76,29.69,5.562237409248971
2008-07-06,30.93,18.33,23.73,8.62,0.37,13.5,23.14,2.9272522414733695
2008-07-07,29.58,16.59,22.95,0.45,0.38,13.72,19.96,2.572124729516683
2008-07-08,29.5,17.8,22.77,0.35,0.37,11.02,27.53,2.8084251442555583
2008-07-09,32.01,14.94,23.76,0.0,0.37,10.31,30.18,3.5037574027933207
2008-07-10,36.28,15.07,26.26,0.0,0.36,9.46,30.46,4.848648936115236
2008-07-11,37.74,18.97,28.17,0.12,0.36,4.2,29.52,5.707405128159357
2008-07-12,26.84,13.92,20.06,0.01,0.35,2.87,29.21,2.7812063007784906
2008-07-13,31.86,14.05,23.25,0.0,0.35,5.43,31.29,3.8184448456468276
2008-07-14,36.47,15.64,26.68,0.16,0.35,9.24,27.13,4.929115878785112
2008-07-15,36.09,17.85,27.32,0.53,0.35,11.05,25.14,4.653313914539847
2008-07-16,35.35,17.14,26.53,0.72,0.35,12.72,29.01,4.261809516711695
2008-07-17,33.15,18.69,25.87,2.99,0.35,13.18,22.05,3.557127289207073
2008-07-18,32.33,19.12,24.98,1.11,0.35,14.25,20.51,3.2194384010766033
2008-07-19,37.03,17.35,27.81,0.0,0.35,9.76,30.27,5.0767225012531325
2008-07-20,37.03,19.56,28.65,0.03,0.34,8.83,30.3,5.150133456941937
2008-07-21,36.17,17.83,27.71,0.0,0.34,9.07,30.05,4.843135283696585
2008-07-22,36.71,20.67,29.21,0.0,0.34,9.65,29.44,4.97691822055956
2008-07-23,37.53,21.03,28.22,1.43,0.34,11.07,27.24,5.139401036802724
2008-07-24,33.39,19.07,26.53,7.95,0.35,14.62,25.79,3.4771660120342323
2008-07-25,32.32,19.81,25.78,1.63,0.35,15.46,27.37,3.0849227010323066
2008-07-26,32.29,18.59,25.46,0.23,0.35,14.51,23.92,3.1809647603398026
2008-07-27,35.23,20.95,27.15,1.38,0.35,12.33,16.64,4.2611764078589225
2008-07-28,30.86,19.15,24.52,10.69,0.36,16.51,25.82,2.5785380823524306
2008-07-29,31.72,17.6,24.17,0.6,0.37,12.79,27.58,3.2027380403685424
2008-07-30,36.46,17.33,27.12,0.0,0.36,8.91,27.8,4.951492259261056
2008-07-31,35.27,19.97,27.32,0.0,0.36,8.13,28.0,4.6248296268771885
2008-08-01,39.85,18.06,28.99,0.0,0.35,8.71,25.42,6.191092391451703
2008-08-02,40.05,21.25,30.19,0.0,0.35,3.74,29.11,6.596792509188489
2008-08-03,38.1,21.06,28.66,0.25,0.35,9.17,28.34,5.499351265767646
2008-08-04,36.91,18.8,27.41,3.16,0.35,11.48,22.86,4.888930515630051
2008-08-05,26.63,17.74,21.79,4.77,0.35,16.46,23.27,1.6162715429570045
2008-08-06,29.78,17.22,22.7,37.02,0.38,16.76,22.47,2.281362459088622
2008-08-07,23.26,16.0,19.02,18.38,0.45,15.79,11.62,1.059882806364998
2008-08-08,25.51,15.29,20.07,15.29,0.46,16.74,13.13,1.3592621787287082
2008-08-09,27.83,17.85,21.91,1.1,0.46,16.71,22.17,1.840272638230593
2008-08-10,27.0,17.19,21.1,2.43,0.45,16.18,18.06,1.726042663254087
2008-08-11,28.45,16.32,22.09,8.62,0.44,14.7,25.07,2.207421002753338
2008-08-12,31.07,15.15,23.22,0.98,0.44,12.62,24.55,3.049582799918017
2008-08-13,31.67,16.39,23.54,1.46,0.42,12.12,24.21,3.2531227419599267
2008-08-14,23.92,13.19,17.91,13.3,0.42,12.36,23.41,1.5334119824043542
2008-08-15,19.67,12.25,15.76,20.45,0.45,11.91,9.68,0.8966775488321124
2008-08-16,20.15,12.65,15.64,16.01,0.47,12.22,11.04,0.9370410303719721
2008-08-17,20.01,12.47,15.41,7.19,0.49,12.64,9.84,0.8768666643727319
2008-08-18,23.47,11.57,17.13,0.12,0.48,12.07,19.94,1.4812500976788205
2008-08-19,24.52,12.3,17.74,0.0,0.46,11.71,25.13,1.7023602399029698
2008-08-20,25.66,12.6,18.52,0.1,0.45,12.77,19.77,1.8190831802193554
2008-08-21,31.14,13.5,21.97,0.0,0.44,12.37,25.93,3.0913720245072405
2008-08-22,27.08,15.37,20.93,0.01,0.42,10.11,26.33,2.345064426493539
2008-08-23,26.91,13.12,20.19,1.68,0.42,11.67,15.84,2.174224102074059
2008-08-24,29.46,17.3,22.61,0.42,0.41,15.82,20.43,2.3159138177960434
2008-08-25,30.31,15.32,22.55,1.4,0.41,14.44,20.99,2.6742700853941908
2008-08-26,32.41,15.64,23.81,0.22,0.4,12.13,24.79,3.451419734613453
2008-08-27,30.31,13.89,21.74,0.02,0.4,9.98,21.38,3.0927785039496936
2008-08-28,26.17,12.86,19.17,0.0,0.39,5.61,25.54,2.4852089338434595
2008-08-29,28.99,12.63,20.87,0.1,0.39,10.03,23.0,2.7729299390691313
2008-08-30,29.99,15.74,22.63,0.02,0.38,13.12,23.84,2.731063490026047
2008-08-31,32.08,14.52,23.35,0.0,0.38,12.52,24.26,3.3249265001072166
2008-09-01,29.96,15.7,23.09,0.0,0.38,12.44,22.58,2.789560607142583
2008-09-02,21.65,10.18,14.8,0.0,0.38,1.98,23.04,1.883418725083259
2008-09-03,21.75,7.08,14.06,0.0,0.37,2.93,23.12,1.849900345912666
2008-09-04,24.87,7.84,16.26,0.05,0.37,3.86,24.63,2.3380485794547643
2008-09-05,16.46,9.7,12.21,3.8,0.38,6.89,14.01,0.8780877459210681
2008-09-06,22.49,8.88,14.3,0.01,0.38,6.61,19.28,1.7485900170855069
2008-09-07,24.35,8.63,15.7,2.06,0.38,8.4,21.38,1.944833165858471
2008-09-08,11.91,6.97,8.89,10.09,0.4,5.47,8.76,0.4929147273400041
2008-09-09,26.34,6.37,15.56,0.01,0.4,7.95,14.93,2.360473788083434
2008-09-10,28.8,12.07,20.34,0.2,0.39,8.49,22.46,2.8505123350244936
2008-09-11,22.39,11.44,16.73,0.16,0.39,9.6,13.79,1.5120032609466163
2008-09-12,20.28,9.9,14.74,9.36,0.4,11.22,5.18,1.0470838911711333
2008-09-13,24.74,9.05,15.96,0.0,0.4,3.72,23.63,2.3216760793104307
2008-09-14,18.05,5.65,11.37,0.07,0.4,1.76,21.2,1.376873922559194
2008-09-15,24.99,7.29,15.36,0.0,0.4,2.37,23.12,2.4413450288870138
2008-09-16,28.59,9.51,18.57,0.0,0.39,4.7,23.09,3.0575298143436913
2008-09-17,28.88,11.99,19.62,0.0,0.39,4.29,22.37,3.1479718497104265
2008-09-18,26.73,10.34,18.33,0.0,0.38,6.74,21.14,2.5251406875303615
2008-09-19,25.84,11.21,18.19,0.0,0.38,7.4,21.85,2.3000662861300487
2008-09-20,27.06,12.04,19.18,0.0,0.38,5.74,21.36,2.659499477955804
2008-09-21,28.7,12.77,20.45,0.0,0.38,8.6,18.4,2.8193498941783703
2008-09-22,30.94,14.69,22.22,0.01,0.37,6.28,20.07,3.5238769367824756
2008-09-23,24.48,10.38,16.77,0.01,0.37,2.47,21.38,2.3412422544449205
2008-09-24,26.34,10.28,18.4,0.1,0.37,9.67,19.54,2.2285241817188846
2008-09-25,30.54,11.61,20.54,0.0,0.37,6.38,20.57,3.4162720419108643
2008-09-26,31.52,14.01,21.69,0.01,0.37,4.71,20.53,3.7725053986225596
2008-09-27,25.36,13.72,18.39,0.04,0.37,8.29,17.75,2.1422020487084272
2008-09-28,30.34,13.46,20.75,0.0,0.36,6.49,20.02,3.359206779251467
2008-09-29,21.96,7.85,14.1,0.0,0.36,1.6,19.64,1.951796904900026
2008-09-30,26.21,9.08,16.73,0.0,0.36,2.3,19.4,2.682458996975768
2008-10-01,25.15,10.06,16.54,0.0,0.36,1.26,20.41,2.527057655726808
2008-10-02,28.36,10.2,18.02,0.05,0.36,2.83,19.25,3.1112168600364436
2008-10-03,27.49,10.67,18.71,0.0,0.36,3.42,18.28,2.888471860506131
2008-10-04,26.86,11.98,19.07,0.01,0.36,6.19,14.65,2.5886796845099145
2008-10-05,22.35,11.86,16.29,2.48,0.36,6.92,11.87,1.70449436981656
2008-10-06,18.43,7.45,12.7,2.24,0.37,3.58,13.29,1.3309267516831522
2008-10-07,21.89,4.65,12.76,0.0,0.37,0.15,18.44,2.008756208366496
2008-10-08,25.11,9.26,15.79,0.0,0.37,0.44,18.85,2.5579548371787215
2008-10-09,20.87,5.39,12.08,0.0,0.36,3.41,17.43,1.6871141223638357
2008-10-10,20.69,4.06,10.68,0.0,0.36,1.98,17.65,1.7354090029295688
2008-10-11,14.45,2.74,8.46,17.53,0.37,6.26,4.2,0.6938145087359179
2008-10-12,14.74,0.71,6.89,13.01,0.42,3.61,2.81,0.8858034607252002
2008-10-13,13.27,-0.54,5.33,0.16,0.42,-2.76,16.16,1.0259611709515402
2008-10-14,12.08,1.77,5.78,4.74,0.42,1.12,3.22,0.7475616377401578
2008-10-15,13.49,0.69,6.33,0.0,0.42,0.53,17.29,0.9116939179021548
2008-10-16,22.87,2.78,11.55,0.01,0.42,1.39,15.74,2.1119988691381484
2008-10-17,21.42,3.59,11.52,0.0,0.41,1.3,16.96,1.8808298780041057
2008-10-18,25.87,7.71,15.16,0.0,0.41,2.87,15.93,2.5848908456597974
2008-10-19,23.49,8.34,14.72,0.0,0.4,0.46,16.11,2.262233354352972
2008-10-20,14.58,5.64,9.3,0.13,0.4,4.0,8.08,0.8465157851925538
2008-10-21,21.66,1.67,10.63,6.65,0.4,3.4,11.41,1.810083290168976
2008-10-22,5.76,-0.01,2.82,0.22,0.41,-6.34,9.95,0.5394854036534429
2008-10-23,5.24,-2.74,0.8,1.12,0.4,-6.22,4.03,0.5033138607031729
2008-10-24,14.51,-2.12,6.05,0.0,0.4,-3.89,15.36,1.1942503894089913
2008-10-25,21.58,1.47,11.14,0.0,0.4,-2.64,15.57,2.0740565419272134
2008-10-26,9.35,-4.11,3.93,0.0,0.4,-5.75,14.67,0.7777055355466187
2008-10-27,14.01,-4.07,3.61,0.0,0.4,-3.84,15.59,1.1398805748636578
2008-10-28,21.65,0.49,9.66,0.0,0.4,-3.56,15.04,2.1185184794232566
2008-10-29,23.55,4.96,12.73,0.0,0.39,-2.76,13.44,2.4057965307189133
2008-10-30,21.47,6.65,12.81,0.0,0.39,-2.62,14.88,2.0560242272487175
2008-10-31,22.63,5.11,12.93,0.0,0.39,-1.54,13.74,2.2015348544174342
2008-11-01,23.38,7.06,13.44,0.0,0.39,1.79,13.54,2.179554545496328
2008-11-02,24.71,8.4,15.52,0.0,0.39,0.78,13.7,2.4671125483291414
2008-11-03,18.56,7.96,12.61,0.0,0.38,-0.26,12.94,1.5384552355759216
2008-11-04,19.95,6.67,11.77,0.08,0.38,0.63,5.35,1.691674531161723
2008-11-05,9.11,1.43,4.71,0.45,0.38,-3.88,5.45,0.6982387622009731
2008-11-06,8.47,0.49,3.92,0.01,0.38,-9.7,10.58,0.8150141920922049
2008-11-07,13.27,-1.03,5.85,0.0,0.38,-6.61,9.61,1.1520446444144676
2008-11-08,13.63,2.3,6.9,0.0,0.38,0.06,10.58,0.9471506652721424
2008-11-09,10.26,-2.35,3.83,0.0,0.38,-2.64,12.33,0.7465787733197468
2008-11-10,4.97,-1.91,1.48,7.79,0.38,-0.85,1.48,0.2964530277234755
2008-11-11,9.34,-3.25,2.78,0.29,0.39,-0.95,7.31,0.6048593751186194
2008-11-12,12.1,0.97,6.0,0.02,0.39,-2.59,11.76,0.9070216456138966
2008-11-13,18.7,1.68,9.02,0.29,0.39,0.69,10.76,1.5144402650422326
2008-11-14,3.97,-6.11,-0.02,1.07,0.39,-6.79,11.5,0.4442902058396734
2008-11-15,8.62,-6.19,0.83,0.0,0.39,-9.23,12.24,0.8152763272155663
2008-11-16,18.78,1.82,8.33,0.0,0.39,-2.83,11.62,1.6715390065364701
2008-11-17,18.95,3.21,9.08,0.0,0.39,-2.05,11.96,1.6650869836963498
2008-11-18,23.95,3.5,11.54,0.0,0.39,-2.99,11.95,2.4849820221161147
2008-11-19,18.39,-1.39,8.62,0.0,0.39,-3.09,11.83,1.6288019892934107
2008-11-20,1.88,-5.64,-1.91,0.0,0.39,-7.26,5.33,0.3454499742623442
2008-11-21,9.49,-6.93,-0.85,0.0,0.39,-6.43,11.03,0.8090428432864731
2008-11-22,12.89,-3.09,3.13,0.0,0.39,-6.12,11.67,1.1003532781309628
2008-11-23,9.74,-3.8,2.99,0.0,0.39,-7.29,11.22,0.8533989056755229
2008-11-24,12.33,-4.23,2.68,0.0,0.39,-8.36,11.37,1.108275844985429
2008-11-25,15.04,-0.99,5.51,0.0,0.39,-10.26,8.53,1.4298705201979094
2008-11-26,14.84,0.84,5.72,0.0,0.38,-9.01,10.96,1.3789121199684409
2008-11-27,2.65,-3.11,-0.16,1.68,0.38,-6.55,4.09,0.3650390251588963
2008-11-28,5.22,-5.21,-0.81,0.55,0.39,-5.63,6.94,0.4843503455198792
2008-11-29,3.67,-3.05,0.18,0.26,0.39,-4.5,5.13,0.35712287021543493
2008-11-30,1.21,-2.93,-0.81,0.68,0.39,-6.49,7.54,0.2908879110113129
2008-12-01,7.12,-5.14,1.17,0.0,0.39,-5.09,8.64,0.5918372173204317
2008-12-02,18.53,1.49,8.08,0.0,0.39,-3.07,8.09,1.6467085376894197
2008-12-03,-0.45,-7.03,-4.47,0.05,0.39,-9.46,7.36,0.2928990883577713
2008-12-04,-5.64,-8.15,-6.74,3.47,0.39,-11.35,3.13,0.1446084179494978
2008-12-05,6.51,-8.32,-1.74,0.0,0.39,-9.36,4.83,0.6680977753264673
2008-12-06,10.53,-0.83,3.29,0.0,0.39,-5.73,6.83,0.8738686202164495
2008-12-07,14.11,2.28,5.98,0.0,0.39,-0.87,7.59,1.0368601758415907
2008-12-08,9.89,-4.51,3.38,0.8,0.39,-3.77,2.79,0.7567528938732915
2008-12-09,-2.19,-7.41,-5.52,0.57,0.39,-10.96,8.09,0.25536196825621477
2008-12-10,8.48,-5.63,0.39,0.0,0.39,-6.96,8.39,0.7458803039384354
2008-12-11,8.44,-4.63,0.62,0.0,0.39,-5.03,10.26,0.6851261557115862
2008-12-12,5.53,-4.51,-0.45,0.0,0.39,-5.09,7.07,0.48680813369689957
2008-12-13,12.5,-0.27,3.7,0.0,0.39,-4.55,8.66,1.0136910922111015
2008-12-14,-1.89,-18.27,-13.13,1.2,0.39,-17.59,3.63,0.37846034613200097
2008-12-15,-5.92,-17.61,-12.28,0.0,0.39,-16.23,6.22,0.22075049480090903
2008-12-16,1.53,-11.46,-5.56,0.0,0.39,-10.25,7.0,0.4021612344398698
2008-12-17,4.23,-6.7,-1.77,0.0,0.39,-8.98,8.78,0.5168446564049827
2008-12-18,5.96,-7.08,-2.13,0.91,0.39,-4.29,9.43,0.4880862670808435
2008-12-19,5.28,-4.23,-0.18,0.0,0.39,-7.3,8.75,0.5364492779805834
2008-12-20,-0.64,-9.34,-4.96,0.01,0.39,-15.58,7.18,0.40143467129493837
2008-12-21,-5.53,-14.07,-10.53,0.0,0.39,-16.96,9.85,0.24286855390485876
2008-12-22,3.99,-13.2,-5.25,0.0,0.39,-9.46,8.07,0.5145042333395156
2008-12-23,-1.1,-7.76,-4.53,0.96,0.39,-8.94,8.4,0.2529470395833768
2008-12-24,3.34,-8.9,-4.13,0.0,0.39,-14.33,6.06,0.5749368336391802
2008-12-25,9.0,-6.05,1.57,0.01,0.39,-7.13,9.61,0.7903245834588384
2008-12-26,10.01,-6.33,1.13,0.0,0.39,-6.04,9.25,0.8397328142147079
2008-12-27,0.32,-6.66,-4.04,0.0,0.39,-15.56,10.13,0.4433743623500114
2008-12-28,9.42,-4.53,1.25,0.0,0.39,-8.46,10.31,0.8584762971020683
2008-12-29,10.37,0.19,3.66,0.01,0.39,-4.47,9.38,0.8203079313647363
2008-12-30,9.06,-6.03,1.51,0.0,0.39,-7.9,10.18,0.8157397154748158
2008-12-31,4.26,-6.2,-1.61,0.0,0.39,-9.96,8.63,0.5416456065280781
2009-01-01,8.18,-0.69,2.9,0.11,0.39,-5.63,8.85,0.6845437276269577
2009-01-02,14.04,0.83,5.67,0.0,0.39,-4.02,6.53,1.149182607064377
2009-01-03,4.07,-7.9,-1.96,0.21,0.39,-8.6,9.26,0.4982256185468237
2009-01-04,-3.63,-8.19,-6.33,0.03,0.39,-13.67,7.08,0.25454050798216554
2009-01-05,5.96,-8.44,-2.24,0.0,0.39,-10.42,9.61,0.6561907160510003
2009-01-06,4.65,-3.93,-0.14,0.0,0.39,-10.57,10.6,0.5781774969403226
2009-01-07,11.62,-1.36,4.13,0.0,0.39,-5.74,8.46,0.9697157695972427
2009-01-08,15.92,0.83,6.82,0.0,0.39,-4.21,10.75,1.3618885975535853
2009-01-09,4.6,-6.11,0.35,0.17,0.39,-5.98,4.5,0.45740689896987846
2009-01-10,6.67,-6.23,-0.28,0.0,0.38,-10.43,9.11,0.7032693767387028
2009-01-11,6.64,-2.82,1.11,0.09,0.38,-8.22,9.25,0.6486834194619957
2009-01-12,1.09,-5.96,-2.18,1.3,0.39,-9.19,7.05,0.356385702062996
2009-01-13,9.8,-4.9,1.68,0.0,0.39,-8.13,8.13,0.8806075511078348
2009-01-14,4.77,-3.99,-0.13,0.15,0.39,-4.7,5.18,0.4275350303005532
2009-01-15,5.25,-5.58,-1.55,0.02,0.39,-6.65,7.44,0.5164115002674697
2009-01-16,12.23,-1.12,3.69,0.0,0.39,-6.71,11.54,1.0544499587720892
2009-01-17,10.63,-1.02,2.72,0.0,0.38,-6.9,11.36,0.9166241845429532
2009-01-18,13.89,-0.98,5.27,0.0,0.38,-9.54,10.58,1.2909224597636653
2009-01-19,13.07,-0.22,5.79,0.0,0.38,-9.92,11.99,1.2171137804274328
2009-01-20,15.36,-1.3,4.29,0.0,0.38,-9.35,12.03,1.4444909762370421
2009-01-21,19.27,-0.36,7.95,0.0,0.38,-11.17,12.9,1.9744176316158022
2009-01-22,17.68,1.96,7.68,0.0,0.38,-4.41,10.95,1.582397432449125
2009-01-23,4.69,-8.87,-3.7,0.14,0.38,-8.05,5.66,0.5205473190690881
2009-01-24,1.88,-8.3,-4.51,0.01,0.38,-9.61,8.91,0.40493231711339317
2009-01-25,-6.61,-12.74,-9.65,0.02,0.38,-13.22,8.05,0.15188596964583248
2009-01-26,-10.49,-14.19,-12.79,0.81,0.38,-16.28,6.79,0.10362089033901703
2009-01-27,-3.94,-14.51,-9.92,0.14,0.38,-16.4,9.14,0.28685684923227905
2009-01-28,5.04,-7.17,-1.57,0.0,0.38,-12.99,9.46,0.6500761922268993
2009-01-29,2.31,-6.24,-2.28,0.0,0.38,-11.7,12.89,0.47203562719917275
2009-01-30,10.18,-2.2,2.38,0.0,0.38,-8.55,12.54,0.9225497549072001
2009-01-31,15.12,-1.79,3.69,0.0,0.38,-8.79,13.48,1.4042333258141295
2009-02-01,5.29,-4.43,-1.05,0.0,0.38,-8.74,13.33,0.5745595808345643
2009-02-02,9.02,-3.1,1.78,0.0,0.38,-9.71,13.35,0.8572616891917664
2009-02-03,11.48,-1.07,4.04,0.0,0.38,-5.35,13.32,0.9450775229034578
2009-02-04,16.82,-1.03,5.38,0.0,0.38,-8.4,14.41,1.5916501257273277
2009-02-05,17.68,-1.01,6.2,0.0,0.38,-8.76,14.4,1.7077512044234793
2009-02-06,15.99,0.19,7.38,0.0,0.38,-8.19,14.52,1.4876776072978826
2009-02-07,11.62,-0.7,4.61,0.0,0.38,-5.19,10.5,0.9526662100950645
2009-02-08,6.69,-2.54,1.77,5.2,0.38,0.54,3.01,0.3455057460856287
2009-02-09,12.14,-0.46,4.45,0.95,0.39,-5.35,10.0,1.0054517700893126
2009-02-10,8.85,-2.82,2.34,0.01,0.39,-6.96,13.63,0.7740106777403726
2009-02-11,8.95,-4.65,0.53,0.0,0.39,-8.57,15.5,0.8243865450586303
2009-02-12,5.75,-4.58,-0.4,0.92,0.39,-9.01,13.25,0.6101008358894926
2009-02-13,0.16,-6.43,-3.6,1.42,0.38,-7.37,4.39,0.266800222586172
2009-02-14,2.34,-5.77,-3.11,0.19,0.38,-8.52,4.29,0.40194044094789694
2009-02-15,6.05,-6.24,-1.44,0.0,0.39,-10.14,12.7,0.6557975370691502
2009-02-16,14.06,-4.72,3.0,0.0,0.39,-8.18,15.22,1.2751346037949731
2009-02-17,13.98,0.28,5.74,0.0,0.39,-8.33,14.73,1.270666760873929
2009-02-18,6.98,-3.83,1.12,0.0,0.38,-6.27,10.21,0.6182339716397103
2009-02-19,9.05,-3.58,1.61,0.0,0.38,-8.64,16.55,0.8338916479677657
2009-02-20,12.15,-7.94,1.53,0.01,0.38,-11.86,14.48,1.170276944348118
2009-02-21,6.79,-8.18,-1.76,0.0,0.38,-11.8,17.49,0.7400893271783798
2009-02-22,12.53,-4.19,2.27,0.0,0.38,-9.28,14.55,1.1498906938752507
2009-02-23,18.54,-2.02,8.2,0.0,0.38,-4.3,14.4,1.6910173903700367
2009-02-24,19.68,4.16,10.91,0.0,0.38,1.08,17.46,1.6318513827150443
2009-02-25,16.71,3.28,9.55,0.0,0.38,-2.72,15.94,1.4024470564189007
2009-02-26,15.43,-3.28,6.86,0.0,0.38,-5.12,16.97,1.3357798070853146
2009-02-27,5.47,-6.93,-1.6,0.03,0.38,-9.86,14.34,0.6124477018968513
2009-02-28,4.68,-7.51,-2.74,0.0,0.38,-12.82,19.06,0.6252129709089687
2009-03-01,12.72,-5.3,2.85,0.0,0.37,-11.06,15.38,1.2079906208235462
2009-03-02,21.07,1.24,9.49,0.0,0.37,-5.78,12.25,2.100845917274829
2009-03-03,22.99,4.08,13.37,0.0,0.37,-3.25,16.01,2.3271751472862863
2009-03-04,22.96,6.35,13.49,0.0,0.37,-3.19,12.73,2.3199226604752123
2009-03-05,20.59,0.83,11.14,0.0,0.37,-8.34,20.64,2.099447747322864
2009-03-06,17.74,-1.42,7.29,0.0,0.37,-7.08,18.87,1.6713658761869252
2009-03-07,7.84,-2.05,2.37,0.36,0.37,-4.97,3.63,0.6389975328051516
2009-03-08,15.75,-3.26,6.54,0.0,0.37,-9.74,20.7,1.4977963453699752
2009-03-09,6.12,-6.7,1.88,0.07,0.37,-6.75,14.33,0.5745167822565285
2009-03-10,3.91,-8.63,-4.46,0.05,0.37,-13.12,16.63,0.5858181609310524
2009-03-11,5.75,-8.34,-2.86,0.02,0.37,-13.43,21.04,0.7022986194521292
2009-03-12,6.88,-7.1,-1.13,0.03,0.37,-10.6,20.52,0.7212357085949461
2009-03-13,9.31,-2.62,1.98,0.14,0.37,-6.97,18.91,0.8101381232862463
2009-03-14,14.22,-3.04,4.74,0.0,0.37,-8.61,21.9,1.3027699544839586
2009-03-15,18.18,-1.99,7.76,0.0,0.37,-8.89,21.88,1.7755908416886141
2009-03-16,20.99,1.97,11.01,0.0,0.36,-6.39,21.92,2.106736341941961
2009-03-17,22.69,4.97,12.93,0.0,0.36,-3.6,21.8,2.2890641469556936
2009-03-18,15.65,3.42,8.36,0.0,0.36,-0.86,15.55,1.204421414026994
2009-03-19,14.7,2.85,7.78,0.0,0.36,1.29,21.47,1.002105474468401
2009-03-20,21.65,3.75,11.8,0.0,0.36,1.74,15.93,1.8954319072141863
2009-03-21,22.25,4.27,13.11,0.01,0.36,3.79,19.69,1.8831696423203397
2009-03-22,23.0,10.26,15.6,0.06,0.36,-0.95,13.09,2.2395988569463414
2009-03-23,11.91,-2.61,5.25,3.53,0.37,-4.78,14.33,0.9659962566147193
2009-03-24,9.03,-2.6,2.58,0.92,0.37,-8.77,20.44,0.8355629652303889
2009-03-25,9.85,-0.75,2.83,0.22,0.37,-5.76,17.04,0.8181938208598206
2009-03-26,1.13,-8.42,-2.74,9.81,0.37,-6.44,4.83,0.2856070708924203
2009-03-27,-0.59,-9.46,-6.65,2.36,0.37,-11.64,13.03,0.3344431165157079
2009-03-28,8.64,-8.28,0.34,0.0,0.38,-7.09,19.25,0.7615921971304522
2009-03-29,17.03,-2.22,7.33,0.0,0.38,-5.37,22.37,1.5319281987073226
2009-03-30,4.35,-4.29,-0.7,0.29,0.38,-9.3,13.96,0.5315421074619029
2009-03-31,8.51,-4.81,1.75,0.0,0.38,-10.63,22.25,0.8388595368264364
2009-04-01,10.96,-2.94,2.22,1.87,0.38,-6.15,14.81,0.9234421072125101
2009-04-02,12.47,-4.8,3.87,0.0,0.38,-7.15,24.4,1.0894449043755363
2009-04-03,19.52,-2.14,9.01,0.13,0.38,-3.52,23.4,1.7987560998737402
2009-04-04,3.34,-6.23,-0.81,2.71,0.38,-5.03,7.06,0.3560294469384897
2009-04-05,2.86,-6.14,-2.75,0.1,0.38,-9.7,13.06,0.45768785991986277
2009-04-06,7.18,-6.17,-0.37,0.0,0.38,-10.4,26.4,0.7375363376540085
2009-04-07,20.46,-2.02,9.18,0.0,0.38,-9.15,27.1,2.1001372816340482
2009-04-08,21.47,0.29,10.93,0.0,0.38,-6.16,25.93,2.174226220586893
2009-04-09,8.8,-1.82,3.43,0.01,0.38,-2.16,11.82,0.611444316300864
2009-04-10,13.94,-4.01,4.7,0.0,0.38,-3.79,25.3,1.1308977242234408
2009-04-11,11.91,1.15,5.63,0.93,0.38,-0.28,11.78,0.7957970188941927
2009-04-12,6.24,0.4,2.73,5.54,0.38,0.44,4.55,0.3201229413222615
2009-04-13,17.64,0.32,8.74,0.02,0.38,-1.35,26.45,1.4643978704661307
2009-04-14,21.73,3.23,13.14,0.0,0.38,-1.86,18.69,2.0678311173691775
2009-04-15,21.59,6.44,13.37,1.42,0.38,2.03,17.95,1.8714177777889387
2009-04-16,11.6,4.23,8.44,8.14,0.39,5.38,6.55,0.470273815580612
2009-04-17,6.33,3.82,5.29,29.07,0.43,4.15,4.48,0.1348023912721833
2009-04-18,8.51,2.1,4.56,6.96,0.46,2.42,12.28,0.3834709477355165
2009-04-19,16.15,1.26,8.7,0.1,0.45,-0.16,25.42,1.2320568549159883
2009-04-20,20.0,2.86,12.08,0.0,0.44,1.51,25.26,1.6570048696676505
2009-04-21,22.17,6.19,14.45,0.0,0.43,2.63,26.83,1.9333543255393462
2009-04-22,25.21,8.39,16.8,0.0,0.42,2.69,23.01,2.4663636840524386
2009-04-23,27.64,9.05,18.68,0.0,0.41,0.64,26.93,3.0615751184989684
2009-04-24,25.2,6.08,16.49,0.0,0.4,1.82,22.7,2.509109211832553
2009-04-25,12.9,2.1,6.42,0.16,0.4,1.03,14.79,0.8298692033725826
2009-04-26,18.2,4.01,10.13,1.65,0.4,-0.8,23.77,1.5139476386308215
2009-04-27,13.03,0.51,6.29,0.93,0.4,-1.25,15.67,0.9432940712376876
2009-04-28,20.55,1.71,10.41,0.05,0.4,4.65,12.87,1.5678595653065888
2009-04-29,25.24,8.78,16.78,0.83,0.39,3.77,26.94,2.413157142621576
2009-04-30,17.68,6.48,11.51,0.76,0.39,4.89,21.61,1.1571891013259765
2009-05-01,8.7,3.59,6.19,2.01,0.39,3.33,7.88,0.34930134389373246
2009-05-02,12.89,2.8,6.7,2.17,0.39,2.82,5.1,0.7388872652122283
2009-05-03,17.09,4.37,9.82,0.57,0.4,3.6,15.97,1.1581616630636493
2009-05-04,19.18,4.83,11.91,0.35,0.39,4.2,20.79,1.397410200872721
2009-05-05,23.39,6.79,15.49,0.21,0.39,3.09,23.0,2.1137751015251043
2009-05-06,25.73,8.39,17.31,0.17,0.39,2.21,29.34,2.5918435360251015
2009-05-07,26.61,8.82,17.94,0.44,0.38,4.05,29.1,2.668445134548501
2009-05-08,18.67,7.15,12.63,0.07,0.38,0.07,20.55,1.53864085358014
2009-05-09,19.64,4.77,12.01,0.07,0.38,-0.63,22.58,1.703321367209559
2009-05-10,15.67,4.99,9.57,2.1,0.38,3.43,13.2,0.9991071401320544
2009-05-11,19.99,5.56,12.1,0.01,0.38,5.42,28.67,1.4386159194776782
2009-05-12,30.72,7.3,19.58,0.0,0.38,2.62,28.25,3.683899755544832
2009-05-13,21.87,7.29,14.36,0.0,0.37,-2.15,29.64,2.1014709084169034
2009-05-14,23.53,5.18,14.06,0.0,0.37,-2.22,29.07,2.3818856413687284
2009-05-15,22.57,8.89,15.25,0.08,0.37,2.08,26.49,2.0275017913773574
2009-05-16,18.63,5.72,11.73,0.47,0.37,2.94,21.25,1.3926342957914375
2009-05-17,27.63,6.02,17.51,0.0,0.37,1.0,28.45,3.042547685850732
2009-05-18,32.61,11.65,22.79,0.0,0.36,1.4,30.22,4.2452389548895475
2009-05-19,34.04,15.65,24.74,0.01,0.36,3.61,29.55,4.539912832672473
2009-05-20,32.0,15.0,23.79,0.0,0.36,5.06,27.58,3.8788042102586755
2009-05-21,17.85,11.57,15.08,8.31,0.36,10.59,12.32,0.7672391496743689
2009-05-22,24.26,11.01,17.93,1.13,0.37,9.17,22.85,1.8694898527910329
2009-05-23,22.95,11.69,17.93,6.28,0.38,8.92,16.9,1.659081926617755
2009-05-24,22.68,10.94,17.61,2.65,0.38,9.58,24.89,1.561691280065944
2009-05-25,16.65,10.48,13.99,16.67,0.4,11.19,10.49,0.5657798212944518
2009-05-26,12.72,6.45,10.38,6.63,0.42,7.23,7.62,0.45276604150415434
2009-05-27,21.98,4.32,13.44,0.0,0.42,3.82,30.6,1.8376947154082244
2009-05-28,25.99,8.03,17.54,0.04,0.41,4.29,30.96,2.5294421154114315
2009-05-29,28.55,10.33,20.08,0.01,0.4,5.45,30.44,3.0025856490719067
2009-05-30,26.86,12.51,19.25,7.93,0.4,9.64,28.21,2.3375092082132483
2009-05-31,27.56,12.7,20.6,3.12,0.41,9.72,27.58,2.47905246777085
2009-06-01,19.46,12.5,16.0,14.5,0.41,11.83,22.87,0.8743325716888557
2009-06-02,13.02,7.65,10.2,25.14,0.45,8.31,4.75,0.4041013767854078
2009-06-03,19.94,7.66,13.11,0.38,0.47,7.66,17.11,1.2814316629148075
2009-06-04,22.32,8.29,16.1,0.02,0.45,9.56,28.0,1.5037185675760278
2009-06-05,28.08,10.96,18.7,0.3,0.44,9.35,26.42,2.622083502064976
2009-06-06,28.83,11.86,20.46,0.0,0.43,6.33,25.48,3.00980315455226
2009-06-07,25.84,9.63,16.23,3.17,0.42,6.95,19.07,2.3313534694608453
2009-06-08,22.93,7.22,15.51,0.01,0.42,6.36,24.86,1.838891598748372
2009-06-09,24.51,9.96,16.82,4.11,0.41,8.02,22.58,2.0022569826896808
2009-06-10,18.52,9.9,14.0,4.24,0.42,10.21,15.63,0.887096557249031
2009-06-11,20.46,8.75,14.82,12.55,0.43,9.59,15.13,1.2110693229131348
2009-06-12,23.93,10.46,16.89,8.95,0.44,10.38,28.69,1.7118196833755361
2009-06-13,24.21,11.37,17.64,6.46,0.44,12.63,21.17,1.5598330763139738
2009-06-14,26.31,12.53,18.5,10.4,0.45,12.03,20.55,2.018192355646037
2009-06-15,25.18,11.64,17.99,4.85,0.46,11.07,22.09,1.8830663273278838
2009-06-16,27.53,10.97,20.04,0.03,0.44,9.34,30.62,2.5030141065836347
2009-06-17,30.21,14.67,21.44,0.19,0.43,9.83,25.03,3.080397931815752
2009-06-18,30.15,13.94,22.14,0.25,0.42,9.93,25.75,3.0574933545497416
2009-06-19,26.34,12.99,19.66,0.1,0.41,8.15,30.59,2.345817130300701
2009-06-20,21.49,14.28,18.2,4.18,0.41,12.0,9.67,1.1602871668979753
2009-06-21,30.13,13.29,21.91,0.03,0.41,8.36,31.76,3.175448931984132
2009-06-22,33.13,12.79,23.44,0.03,0.4,8.75,31.53,3.938129030551953
2009-06-23,31.11,18.95,24.09,2.14,0.39,14.69,24.14,2.8491961167080113
2009-06-24,33.78,16.55,25.36,0.48,0.39,14.13,30.1,3.6423068458783927
2009-06-25,33.77,19.85,26.12,3.16,0.39,15.01,27.25,3.545073804429922
2009-06-26,35.29,17.82,25.44,1.25,0.39,13.64,27.63,4.151794097040044
2009-06-27,29.77,16.19,22.66,0.05,0.38,9.98,29.81,2.9610915058020613
2009-06-28,30.05,14.83,23.19,0.23,0.38,11.46,28.86,2.9018524764806566
2009-06-29,31.53,16.66,24.8,0.25,0.38,10.4,27.53,3.368671953724537
2009-06-30,33.65,15.75,25.12,0.81,0.37,8.46,30.2,4.109627546615919
2009-07-01,34.99,15.6,25.71,1.12,0.37,9.18,30.68,4.457478485034168
2009-07-02,30.6,16.26,23.67,2.42,0.37,12.83,28.28,2.9100956649581047
2009-07-03,29.77,16.0,23.18,9.21,0.38,14.94,21.59,2.4886394737958755
2009-07-04,26.35,15.44,20.6,3.75,0.39,13.51,26.91,1.8831418058266411
2009-07-05,25.24,13.73,19.81,10.37,0.4,13.48,22.84,1.6678945438342305
2009-07-06,28.66,14.42,21.3,6.84,0.41,13.51,29.98,2.3791663040085123
2009-07-07,33.07,14.78,23.94,1.14,0.41,11.21,30.95,3.7187807529731773
2009-07-08,33.39,15.01,24.46,0.66,0.4,11.49,30.69,3.7851486724318155
2009-07-09,30.63,15.79,23.09,0.41,0.39,12.33,23.75,2.9654430329599424
2009-07-10,32.08,18.3,24.93,4.61,0.39,17.24,22.08,2.808914776223072
2009-07-11,32.28,18.68,24.88,11.04,0.4,17.5,27.48,2.8305398553115575
2009-07-12,33.68,17.6,24.28,8.55,0.41,15.68,27.13,3.4437620009921623
2009-07-13,31.93,16.42,23.71,3.05,0.41,15.27,27.44,3.000782757153897
2009-07-14,31.99,17.31,23.72,0.18,0.4,9.37,29.59,3.575014765744316
2009-07-15,30.5,15.23,22.86,1.32,0.4,11.42,25.65,3.01646395554886
2009-07-16,29.98,18.1,23.97,0.02,0.39,11.61,28.29,2.871300295721804
2009-07-17,29.53,16.44,22.21,6.54,0.4,13.81,20.94,2.551011274108167
2009-07-18,27.16,15.3,21.21,0.09,0.39,12.68,24.26,2.1322387302711077
2009-07-19,34.36,16.01,24.92,0.36,0.39,12.86,26.11,3.942703715944728
2009-07-20,32.61,17.41,24.53,1.64,0.38,11.53,28.04,3.56146562985559
2009-07-21,26.47,14.46,20.55,1.2,0.38,11.26,28.15,2.1203962819080093
2009-07-22,30.38,15.62,22.84,0.92,0.38,11.87,27.94,2.945841654039696
2009-07-23,34.05,15.86,25.57,0.1,0.38,11.47,25.75,3.9797936657107966
2009-07-24,35.39,17.56,26.58,2.33,0.38,8.76,29.03,4.615441092803231
2009-07-25,29.04,15.96,22.5,1.27,0.37,12.21,19.38,2.5928422345275353
2009-07-26,29.13,15.98,22.64,2.33,0.38,13.1,24.46,2.5282726947763723
2009-07-27,30.78,16.51,23.39,4.1,0.38,12.88,25.93,2.950574290821072
2009-07-28,23.28,15.27,18.98,21.89,0.4,14.43,18.1,1.2136073049613734
2009-07-29,23.41,12.76,17.71,4.38,0.42,12.33,17.45,1.4464892690640325
2009-07-30,20.97,11.09,15.34,1.08,0.42,8.69,17.75,1.3581883303171725
2009-07-31,30.23,11.74,20.4,1.28,0.41,10.08,27.02,3.064801817825792
2009-08-01,27.74,10.52,19.29,0.0,0.41,8.29,28.87,2.6289403750500084
2009-08-02,33.42,15.29,24.85,0.02,0.4,8.13,28.58,4.067564912885626
2009-08-03,35.5,16.63,26.8,0.05,0.39,7.02,26.97,4.776705007247685
2009-08-04,33.72,15.89,24.82,0.05,0.39,9.25,27.07,4.069296598054509
2009-08-05,32.51,17.45,24.53,3.1,0.38,14.02,18.86,3.292852256893342
2009-08-06,34.16,18.11,25.27,2.49,0.38,14.31,21.15,3.7357815182277445
2009-08-07,34.9,16.49,25.75,0.0,0.38,9.4,27.54,4.41222375078825
2009-08-08,30.12,15.89,23.01,0.11,0.38,9.74,28.13,3.0656259475294423
2009-08-09,27.29,15.17,20.51,8.21,0.38,12.28,27.7,2.197779999794157
2009-08-10,27.58,13.82,20.48,4.1,0.39,13.42,26.09,2.14905096673201
2009-08-11,30.75,16.23,22.98,2.11,0.39,12.11,24.35,3.0162747966621595
2009-08-12,33.7,16.94,25.37,0.65,0.39,12.47,21.5,3.7844225811186196
2009-08-13,34.91,18.26,26.5,0.03,0.38,10.82,24.82,4.297682265777394
2009-08-14,29.18,18.29,22.55,0.87,0.38,13.63,15.97,2.4869110582566285
2009-08-15,31.48,15.46,23.27,1.53,0.38,10.1,26.15,3.380612745163518
2009-08-16,25.85,11.72,18.48,2.87,0.38,8.46,26.79,2.2249034590716503
2009-08-17,23.57,11.54,17.38,5.61,0.39,11.21,19.78,1.5766145014609423
2009-08-18,25.58,12.77,17.56,9.41,0.4,12.49,21.21,1.8303507838732753
2009-08-19,27.69,13.65,19.75,0.19,0.4,6.28,26.51,2.7588442800324984
2009-08-20,26.23,10.19,17.9,0.42,0.4,6.31,26.49,2.4520447468770863
2009-08-21,28.77,10.96,19.43,0.0,0.39,6.11,27.23,3.0104881223407585
2009-08-22,32.69,12.66,22.31,0.0,0.39,10.92,26.3,3.637589162905524
2009-08-23,36.63,15.13,25.91,0.0,0.38,10.34,25.04,4.893235089597488
2009-08-24,30.19,17.52,23.27,2.94,0.38,12.57,20.27,2.8333672527948695
2009-08-25,24.85,15.44,19.49,14.16,0.39,15.39,20.27,1.3909451010434903
2009-08-26,25.24,15.79,19.97,2.78,0.41,13.88,22.49,1.6271479894790863
2009-08-27,28.71,13.76,20.71,0.0,0.4,9.86,25.64,2.7225442798279307
2009-08-28,27.81,13.57,19.78,0.0,0.4,7.95,24.67,2.669193056200922
2009-08-29,26.3,10.97,18.76,0.91,0.39,10.45,23.22,2.1560286247789064
2009-08-30,20.43,11.95,16.11,0.05,0.39,10.75,11.44,1.110193081694098
2009-08-31,28.27,11.62,19.29,0.03,0.39,11.79,19.16,2.456502858868107
2009-09-01,31.96,13.65,21.93,0.0,0.39,9.5,21.09,3.556617906289915
2009-09-02,30.5,15.09,21.77,1.82,0.38,8.23,22.11,3.2765895446193745
2009-09-03,29.79,14.43,21.45,0.4,0.38,8.78,21.32,3.0611147801710503
2009-09-04,27.41,11.96,18.73,0.84,0.38,9.73,13.24,2.446081735832916
2009-09-05,27.49,12.46,19.28,0.02,0.38,11.23,18.28,2.3362061562693563
2009-09-06,29.73,11.74,20.79,0.02,0.38,10.67,20.4,2.893600279587616
2009-09-07,31.65,15.04,23.25,0.0,0.38,8.79,23.31,3.5296640780610673
2009-09-08,31.08,14.79,22.16,8.49,0.38,11.47,21.43,3.1588012455916585
2009-09-09,26.14,15.62,19.92,2.67,0.39,13.76,17.4,1.8154826584976211
2009-09-10,28.77,12.85,20.57,0.0,0.39,11.16,21.79,2.626001907180163
2009-09-11,23.28,12.03,17.49,0.13,0.39,7.52,15.08,1.8191714163844144
2009-09-12,19.8,9.63,14.08,4.59,0.39,5.46,11.28,1.4087675871137206
2009-09-13,23.46,9.27,16.08,0.49,0.39,10.16,14.8,1.6473689527677504
2009-09-14,25.79,11.8,18.26,0.09,0.39,11.5,20.99,1.9629505682400699
2009-09-15,27.76,12.52,19.34,0.0,0.39,10.31,21.35,2.4737235425993713
2009-09-16,24.25,12.01,17.37,0.05,0.38,7.93,15.69,1.9613218202375868
2009-09-17,23.59,10.77,16.76,0.0,0.38,6.64,18.69,1.933909050337908
2009-09-18,22.88,10.47,15.89,0.0,0.38,8.11,18.69,1.7082785518906447
2009-09-19,24.93,8.75,16.66,0.0,0.38,7.7,21.38,2.1035475683229463
2009-09-20,30.19,10.8,19.28,1.08,0.38,6.82,20.88,3.2999828194487817
2009-09-21,13.14,6.5,9.65,3.34,0.38,3.23,6.03,0.7413174865500134
2009-09-22,10.2,4.14,6.32,8.81,0.39,1.45,6.36,0.5661725426284402
2009-09-23,10.05,4.41,6.75,13.04,0.41,4.3,9.97,0.40148886652612836
2009-09-24,12.78,4.91,8.86,2.91,0.42,4.29,10.83,0.6463409877804179
2009-09-25,15.43,4.57,10.11,0.99,0.42,4.16,15.28,0.9306682425016585
2009-09-26,25.86,7.24,16.46,0.0,0.42,2.91,20.6,2.5807811476264533
2009-09-27,23.33,7.11,16.5,0.0,0.41,1.64,20.7,2.178337268171527
2009-09-28,18.78,3.82,10.66,0.0,0.41,-1.83,20.19,1.6333306985988645
2009-09-29,26.93,4.72,15.0,0.0,0.4,3.01,20.12,2.792420231717564
2009-09-30,28.02,9.4,19.47,0.01,0.4,2.86,18.33,3.034064269411597
2009-10-01,12.76,3.01,7.47,0.0,0.39,-4.63,18.42,1.0412586976595342
2009-10-02,14.43,-0.01,6.75,0.0,0.39,-6.65,20.57,1.2725230193658175
2009-10-03,16.84,1.22,8.35,0.0,0.39,-4.36,19.72,1.4760748007966145
2009-10-04,12.59,4.23,7.79,1.48,0.39,4.83,3.67,0.5960575628826439
2009-10-05,19.62,4.2,11.68,1.82,0.39,5.84,16.16,1.3590386011285944
2009-10-06,14.89,-0.44,6.72,0.03,0.39,-3.37,18.15,1.2170400894694617
2009-10-07,20.52,3.25,11.69,0.09,0.39,0.04,14.53,1.8020366826028371
2009-10-08,6.61,-1.13,2.99,1.44,0.39,-1.59,4.41,0.43171063395407305
2009-10-09,13.12,-2.56,4.36,0.23,0.39,-3.14,16.01,1.0250356200875221
2009-10-10,-0.6,-9.3,-5.75,0.36,0.39,-10.38,6.56,0.30742434441861954
2009-10-11,3.44,-7.65,-3.15,0.15,0.39,-6.91,5.91,0.41788796727598804
2009-10-12,8.92,-4.61,1.11,0.57,0.39,-2.52,8.07,0.6344182110208259
2009-10-13,9.55,0.59,3.6,2.63,0.39,1.67,5.93,0.5022717568266062
2009-10-14,19.16,2.71,8.57,0.2,0.39,3.23,8.71,1.449198351886786
2009-10-15,19.65,5.19,11.32,0.33,0.39,3.36,14.57,1.5107506971541937
2009-10-16,17.19,2.7,8.69,0.0,0.39,1.57,15.6,1.276964948696579
2009-10-17,18.41,-0.13,8.97,0.0,0.39,0.94,15.74,1.4639307627649671
2009-10-18,27.05,6.12,15.33,0.0,0.39,0.26,15.32,2.953357251213703
2009-10-19,25.79,7.73,14.89,0.0,0.39,3.46,13.52,2.537071971258036
2009-10-20,11.53,3.15,8.31,1.06,0.39,5.03,6.06,0.4855439173040902
2009-10-21,2.47,-0.84,0.41,32.49,0.4,-1.04,2.59,0.16364459706482315
2009-10-22,1.65,-6.89,-2.08,1.06,0.41,-3.46,5.61,0.21509476600844385
2009-10-23,8.06,-4.49,2.73,0.0,0.43,-1.07,13.9,0.5123189087345309
2009-10-24,16.58,1.61,7.85,0.04,0.44,1.82,13.07,1.190148496948146
2009-10-25,6.2,-1.27,2.66,0.05,0.44,-2.24,8.54,0.4300224787575876
2009-10-26,10.6,-4.52,2.4,0.0,0.43,-6.7,15.98,0.9084034735390376
2009-10-27,11.45,-0.52,4.25,0.01,0.43,-3.7,5.97,0.8878759616448353
2009-10-28,2.36,-1.33,0.37,2.99,0.43,-1.45,2.1,0.17475736787939078
2009-10-29,0.7,-4.18,-2.06,6.58,0.43,-4.74,2.18,0.21306056744705149
2009-10-30,7.54,-4.96,1.42,0.67,0.42,-3.64,8.07,0.572897193708144
2009-10-31,15.94,1.11,7.35,0.0,0.43,-1.02,13.42,1.2444109314031482
2009-11-01,17.28,1.42,7.59,0.0,0.43,0.11,14.31,1.3566740109854944
2009-11-02,9.53,0.09,3.8,0.0,0.43,1.25,9.77,0.5211671078257373
2009-11-03,16.56,0.63,6.7,0.0,0.42,-0.83,14.02,1.309478626748819
2009-11-04,12.25,-1.54,4.36,0.0,0.42,-3.66,13.91,0.9598310309726694
2009-11-05,23.92,1.44,11.03,0.0,0.42,-2.35,13.84,2.4557172526466213
2009-11-06,23.58,7.51,13.94,0.0,0.41,-1.31,9.49,2.3545536796477275
2009-11-07,19.16,5.82,11.04,0.0,0.41,-0.35,12.74,1.6240076891200443
2009-11-08,14.02,3.49,7.77,0.0,0.41,-0.74,9.47,1.02200291152077
2009-11-09,12.5,1.51,5.79,0.0,0.41,-1.66,10.68,0.9086491948927528
2009-11-10,13.24,1.01,5.74,0.0,0.41,2.57,8.37,0.7864973044577295
2009-11-11,15.81,0.75,7.21,0.0,0.41,0.01,7.51,1.1850923980752155
2009-11-12,20.91,6.42,12.12,0.0,0.4,0.25,10.89,1.8512870380124933
2009-11-13,8.88,-0.09,4.97,0.5,0.4,1.26,7.98,0.46965263746490804
2009-11-14,6.0,-2.02,1.62,3.0,0.4,-3.87,5.35,0.4763834847662654
2009-11-15,0.18,-5.78,-2.5,5.6,0.41,-4.29,3.0,0.17441117608993645
2009-11-16,4.58,-7.75,-2.88,0.0,0.41,-10.05,12.42,0.5624849599031321
2009-11-17,10.97,-3.97,1.52,0.0,0.41,-7.59,12.04,0.9648931161435714
2009-11-18,13.33,-2.2,2.98,0.0,0.41,-5.29,11.71,1.1184198323821533
2009-11-19,7.7,-2.14,1.3,0.0,0.41,-4.47,11.1,0.6126113273592293
2009-11-20,12.23,-2.5,3.09,0.0,0.41,-5.17,11.93,1.0082075408883986
2009-11-21,13.86,-1.39,3.99,0.0,0.41,-4.22,7.5,1.137348511977135
2009-11-22,9.33,-2.48,2.39,0.0,0.41,-5.38,10.65,0.7647307003556214
2009-11-23,1.98,-3.81,-1.36,0.28,0.41,-6.45,3.92,0.3276332959117645
2009-11-24,5.81,-4.34,-0.48,0.0,0.41,-10.23,11.84,0.6423394282283859
2009-11-25,5.21,-3.04,-0.05,0.0,0.41,-5.23,10.28,0.4713045647925981
2009-11-26,15.86,-1.15,5.39,0.0,0.41,-4.01,10.85,1.3481723736996782
2009-11-27,17.68,-0.26,6.44,0.0,0.41,-7.0,11.2,1.6614751861256605
2009-11-28,10.93,-1.13,3.43,0.0,0.4,-4.74,9.74,0.8770525947104567
2009-11-29,6.04,-2.84,0.61,0.0,0.4,-5.78,10.71,0.5408291411518035
2009-11-30,12.0,-2.72,2.93,0.0,0.4,-6.65,10.39,1.0313239743758633
2009-12-01,10.52,-5.21,2.07,0.05,0.4,-7.05,10.79,0.9114568897332737
2009-12-02,-3.62,-7.77,-6.25,0.07,0.4,-13.47,8.52,0.2513824035145677
2009-12-03,-8.03,-13.09,-9.88,0.01,0.4,-17.33,10.08,0.17691041777680908
2009-12-04,1.35,-13.34,-6.68,0.0,0.4,-16.07,11.12,0.4992683949086434
2009-12-05,4.42,-6.17,-2.03,0.0,0.4,-12.68,10.46,0.6072075369037713
2009-12-06,-5.85,-12.52,-9.22,0.67,0.4,-13.23,4.5,0.17443447404916418
2009-12-07,-11.3,-14.07,-12.96,0.58,0.4,-16.09,3.91,0.08364121313786838
2009-12-08,-13.02,-18.0,-14.55,2.5,0.4,-18.13,2.13,0.07774957512252434
2009-12-09,-7.85,-20.65,-15.11,0.0,0.4,-19.94,8.35,0.2130273871255783
2009-12-10,-1.49,-16.28,-10.46,0.0,0.4,-17.87,10.07,0.39800086413299784
2009-12-11,3.41,-12.9,-4.75,0.01,0.4,-13.53,9.84,0.565118338431676
2009-12-12,8.52,-6.09,0.5,0.01,0.4,-8.55,8.9,0.7910562682689077
2009-12-13,10.62,-2.15,2.26,0.0,0.4,-5.46,9.34,0.8732327816630139
2009-12-14,7.96,-4.62,-0.34,0.0,0.4,-5.77,7.83,0.6726732483124509
2009-12-15,6.25,-3.0,0.35,0.0,0.4,-7.87,9.86,0.6136475662110243
2009-12-16,10.17,-0.37,3.48,0.0,0.4,-7.38,9.05,0.8911447842926774
2009-12-17,5.35,-1.82,0.9,0.0,0.4,-1.93,6.8,0.3637048737840881
2009-12-18,4.38,-3.05,-0.46,0.0,0.4,-4.43,9.47,0.39550884855527063
2009-12-19,6.78,-5.53,-0.33,0.0,0.4,-7.65,10.14,0.6432238403748229
2009-12-20,9.61,-3.1,1.6,0.0,0.4,-6.9,9.66,0.8320861754953335
2009-12-21,11.41,-0.52,3.65,0.0,0.4,-6.16,9.68,0.9634314350279621
2009-12-22,3.39,-3.2,0.23,1.96,0.4,-4.18,4.47,0.3308579411726312
2009-12-23,-3.42,-8.36,-4.81,5.4,0.4,-7.7,2.94,0.13221857327341946
2009-12-24,-6.46,-13.37,-10.52,0.35,0.4,-15.59,8.0,0.1953653644194745
2009-12-25,-8.05,-15.08,-10.43,0.75,0.4,-14.5,4.27,0.13455948080277624
2009-12-26,-4.41,-9.67,-7.38,0.59,0.4,-10.71,5.86,0.17040994182750469
2009-12-27,-1.7,-10.8,-7.42,0.0,0.4,-10.46,6.73,0.2637838440669585
2009-12-28,1.61,-11.2,-6.3,0.0,0.4,-10.31,9.29,0.407425844494845
2009-12-29,1.75,-6.81,-3.61,0.0,0.4,-7.36,8.26,0.3416946573584079
2009-12-30,2.25,-7.15,-2.82,0.06,0.41,-7.75,9.57,0.37742711463191264
2009-12-31,2.61,-8.46,-4.08,0.01,0.41,-9.54,10.07,0.4407400465994333
2010-01-01,4.29,-7.78,-3.76,0.0,0.41,-9.92,9.43,0.5424820045012482
2010-01-02,2.69,-7.72,-3.13,0.04,0.41,-5.28,5.5,0.3289511705012805
2010-01-03,2.36,-6.58,-2.97,0.0,0.41,-5.47,6.49,0.3176505784416796
2010-01-04,3.97,-7.69,-3.44,0.0,0.41,-7.39,10.06,0.4609406418656471
2010-01-05,8.29,-6.77,-0.33,0.0,0.41,-6.16,6.28,0.7086524138521236
2010-01-06,0.05,-16.69,-7.25,0.15,0.41,-11.37,5.98,0.35690486463312876
2010-01-07,-10.52,-19.04,-15.93,0.0,0.41,-20.18,10.53,0.15145418821698592
2010-01-08,-0.39,-19.26,-10.86,0.0,0.41,-18.58,10.63,0.45282841935935303
2010-01-09,5.27,-12.17,-4.42,0.0,0.41,-12.8,10.89,0.6607144275190509
2010-01-10,7.22,-6.39,-0.03,0.0,0.41,-9.52,10.18,0.7203189657154188
2010-01-11,8.84,-5.07,0.05,0.0,0.41,-7.82,9.9,0.7966222737455928
2010-01-12,11.04,-3.6,1.5,0.0,0.41,-8.83,11.31,1.002861395840442
2010-01-13,11.21,-0.65,3.14,0.0,0.41,-6.59,10.76,0.9581918634035971
2010-01-14,6.2,-1.63,0.98,0.0,0.41,-3.88,8.9,0.48975551956162217
2010-01-15,7.21,-2.11,1.08,0.0,0.41,-4.84,8.72,0.5900753487301889
2010-01-16,12.75,-1.79,2.84,0.0,0.4,-5.92,11.31,1.0808073064959896
2010-01-17,9.46,-1.25,2.3,0.0,0.4,-5.57,8.11,0.7809379498715665
2010-01-18,11.66,-2.23,2.44,0.0,0.4,-4.18,10.48,0.9232866026327038
2010-01-19,8.65,-2.7,0.94,0.02,0.4,-2.96,5.98,0.6301054002098818
2010-01-20,3.07,-3.69,-0.16,0.11,0.4,-3.98,4.03,0.3065944651872591
2010-01-21,6.4,-3.61,0.84,0.0,0.4,-5.87,8.13,0.5671729289547419
2010-01-22,11.78,-1.42,2.84,0.02,0.4,-1.2,5.12,0.822874630701956
2010-01-23,5.8,-3.65,0.83,0.05,0.4,-4.7,6.13,0.4913705734680057
2010-01-24,2.79,-3.91,-1.62,0.0,0.4,-9.91,8.43,0.4587894785496897
2010-01-25,3.02,-4.88,-2.26,0.0,0.4,-10.94,12.41,0.4937421348850237
2010-01-26,3.44,-5.53,-1.79,0.0,0.4,-9.34,8.5,0.4807366800179433
2010-01-27,3.18,-4.73,-1.38,0.13,0.4,-6.91,10.95,0.40363129648401935
2010-01-28,-0.82,-5.02,-2.97,0.64,0.4,-7.01,5.33,0.21422607029889074
2010-01-29,4.21,-7.76,-2.04,0.11,0.4,-6.94,12.24,0.46233214460798266
2010-01-30,7.37,-6.64,-0.78,0.0,0.4,-8.33,12.92,0.7017342829216536
2010-01-31,3.27,-4.01,-1.42,0.0,0.4,-5.39,6.65,0.36354560523207
2010-02-01,7.53,-4.43,0.09,0.0,0.4,-7.72,13.22,0.6971731286170018
2010-02-02,7.02,-4.02,0.39,0.0,0.4,-7.81,13.38,0.6638833747563102
2010-02-03,7.27,-2.07,1.23,0.77,0.4,-5.85,9.49,0.6258311302193706
2010-02-04,4.48,-2.1,0.09,0.73,0.4,-3.93,4.38,0.3844896380424809
2010-02-05,4.96,-4.32,-0.65,0.0,0.4,-7.16,11.82,0.5129717471150839
2010-02-06,5.14,-4.61,-0.85,0.0,0.4,-5.28,10.69,0.4685680818640762
2010-02-07,2.26,-4.38,-1.4,0.95,0.4,-4.52,3.79,0.2820996954222757
2010-02-08,-4.48,-14.3,-7.36,1.37,0.4,-13.04,8.56,0.2143431035936831
2010-02-09,-1.8,-15.87,-9.61,0.0,0.4,-15.81,14.92,0.3572245728280984
2010-02-10,4.59,-12.31,-4.65,0.0,0.4,-10.87,11.67,0.5810699271134352
2010-02-11,5.31,-6.3,-1.24,0.01,0.4,-8.86,14.99,0.5787584140329101
2010-02-12,7.87,-4.68,1.43,0.0,0.4,-7.1,13.48,0.7047405514891312
2010-02-13,8.1,-2.47,1.96,0.2,0.4,-5.62,11.29,0.6783427580100055
2010-02-14,-2.79,-9.44,-6.32,0.08,0.4,-15.16,14.59,0.3094062398758571
2010-02-15,0.75,-12.31,-6.61,0.0,0.4,-15.59,16.25,0.463611310337964
2010-02-16,3.69,-11.36,-3.87,0.0,0.4,-14.38,16.0,0.595204010118014
2010-02-17,7.63,-6.51,0.92,0.0,0.4,-7.8,14.07,0.7064173281984311
2010-02-18,7.44,-3.83,1.43,1.99,0.4,-5.0,12.59,0.6113570382318332
2010-02-19,1.05,-5.05,-2.84,1.44,0.4,-7.01,11.0,0.298012240010347
2010-02-20,0.16,-5.12,-3.22,1.3,0.4,-6.49,3.22,0.24210837513777245
2010-02-21,-3.14,-8.43,-5.88,2.49,0.4,-9.77,3.15,0.19356687475890227
2010-02-22,-2.91,-10.86,-7.62,0.46,0.4,-12.03,7.71,0.2500606610200553
2010-02-23,1.9,-11.3,-5.21,0.0,0.4,-11.82,17.44,0.4535921015291986
2010-02-24,9.34,-7.34,0.0,0.0,0.4,-9.25,16.68,0.871533428962298
2010-02-25,4.99,-2.12,0.51,0.02,0.41,-4.35,12.45,0.42927428744037566
2010-02-26,5.93,-3.1,0.55,0.0,0.41,-6.35,17.11,0.5506794741308818
2010-02-27,9.05,-3.14,1.68,0.0,0.41,-7.2,16.41,0.7961407013543043
2010-02-28,4.1,-3.22,-0.41,2.24,0.41,-3.49,8.74,0.3469995091336883
2010-03-01,4.41,-4.09,-0.94,1.51,0.41,-4.25,5.94,0.39125035338076564
2010-03-02,10.83,-3.93,2.08,0.0,0.41,-4.57,18.44,0.8628225540601495
2010-03-03,11.79,-2.26,3.52,0.0,0.41,-3.44,17.25,0.9094842492089141
2010-03-04,14.2,-2.5,4.45,0.0,0.41,-2.19,13.61,1.0994327024072188
2010-03-05,11.19,-2.18,2.99,0.11,0.4,-3.87,14.27,0.8706595976083447
2010-03-06,12.15,-2.47,3.74,0.0,0.4,-3.06,17.65,0.9290592235771262
2010-03-07,13.32,-4.0,3.78,0.5,0.4,0.11,11.76,0.9137052658082383
2010-03-08,7.91,0.68,4.34,14.16,0.42,3.35,4.76,0.2894139494576162
2010-03-09,9.34,-3.06,2.73,1.88,0.43,-2.23,11.54,0.656199659646621
2010-03-10,5.84,-3.82,0.03,0.05,0.43,-4.86,11.58,0.4991258729292459
2010-03-11,4.79,-4.46,-0.48,0.08,0.42,-6.8,12.0,0.4926340361819176
2010-03-12,9.96,-2.84,2.33,0.0,0.42,-9.07,21.26,0.9171830095416845
2010-03-13,13.86,-2.26,4.86,0.0,0.42,-5.69,20.19,1.1845267577977678
2010-03-14,8.3,-2.62,2.14,0.04,0.41,-2.39,7.89,0.5825080059453986
2010-03-15,9.82,-2.66,2.51,0.01,0.41,-3.74,15.59,0.7499989056134386
2010-03-16,14.66,-2.19,5.48,0.0,0.41,-5.03,21.61,1.2481555919232807
2010-03-17,18.38,-1.73,7.6,0.0,0.41,-3.95,21.72,1.657849855402205
2010-03-18,20.58,0.65,8.55,0.06,0.41,-3.23,16.76,1.942280498965365
2010-03-19,0.36,-6.57,-2.46,3.82,0.4,-6.69,6.04,0.25689186374926787
2010-03-20,2.01,-9.69,-3.85,0.01,0.4,-11.19,16.62,0.44630002644780664
2010-03-21,13.33,-5.23,3.66,0.0,0.41,-8.17,20.93,1.2004477542749497
2010-03-22,18.58,-1.4,8.5,0.0,0.41,-5.05,21.58,1.7208920299056492
2010-03-23,11.0,-1.71,3.96,3.61,0.4,0.2,16.09,0.6929662708414158
2010-03-24,5.24,-4.07,-0.55,2.19,0.41,-5.22,10.07,0.4728417072512173
2010-03-25,11.39,-4.72,2.94,0.0,0.41,-6.58,23.18,0.9738884893178479
2010-03-26,11.11,-1.65,3.51,0.22,0.41,-3.28,16.47,0.8428572802382036
2010-03-27,7.44,-0.51,3.18,0.02,0.41,-2.8,12.46,0.5355481458082849
2010-03-28,15.78,-2.87,6.94,0.0,0.41,-7.23,22.56,1.4379145660055497
2010-03-29,21.94,-0.06,11.42,0.0,0.4,-5.22,23.65,2.220085974927404
2010-03-30,27.31,6.78,16.88,0.0,0.4,-2.56,19.5,3.1247531137023823
2010-03-31,19.21,5.55,12.23,0.0,0.4,1.71,15.5,1.5352173714330646
2010-04-01,21.42,1.38,11.29,0.17,0.39,-1.9,17.62,2.02056704971959
2010-04-02,9.75,-2.27,2.57,0.05,0.39,-8.33,20.0,0.8816774745404233
2010-04-03,17.47,-3.61,6.77,0.0,0.39,-7.49,22.07,1.6483068284920668
2010-04-04,18.65,0.2,8.72,0.0,0.39,-5.99,24.52,1.7593221761927964
2010-04-05,24.04,-0.03,11.74,0.01,0.39,-3.4,19.23,2.5158914494300366
2010-04-06,8.38,0.57,5.2,3.35,0.39,-2.41,9.67,0.5892338312829344
2010-04-07,9.05,-0.61,3.51,1.25,0.39,-4.67,23.65,0.7200943447296613
2010-04-08,16.05,-1.93,7.21,0.03,0.39,-6.13,26.54,1.4377238342414795
2010-04-09,18.27,1.47,9.49,0.0,0.39,-3.38,26.54,1.6233803357571208
2010-04-10,14.52,-0.62,7.05,0.0,0.39,-2.1,25.69,1.1298360442820745
2010-04-11,21.82,0.42,11.11,0.0,0.39,1.41,23.45,1.9386661944617676
2010-04-12,25.6,5.38,16.27,0.0,0.38,1.35,18.31,2.609288106631459
2010-04-13,24.52,5.48,15.76,3.76,0.38,2.9,20.16,2.3259226400544004
2010-04-14,19.4,3.28,11.76,0.01,0.39,0.24,20.14,1.6312797180834937
2010-04-15,20.03,7.09,12.94,0.17,0.38,7.16,17.49,1.3297083430323335
2010-04-16,15.9,3.44,8.87,0.08,0.38,1.39,20.55,1.131281152615558
2010-04-17,14.38,1.58,7.99,0.33,0.38,1.27,21.82,0.9688391170491337
2010-04-18,20.64,1.86,11.09,0.0,0.38,1.27,25.53,1.7629232376033592
2010-04-19,20.6,4.8,11.82,0.48,0.38,4.54,14.0,1.581857973024154
2010-04-20,21.07,6.38,13.13,0.19,0.38,5.48,12.69,1.5957447591342633
2010-04-21,19.25,7.07,12.69,2.91,0.38,7.61,20.68,1.1872952167867776
2010-04-22,18.76,6.68,12.39,15.81,0.4,9.06,9.47,1.0119845619384236
2010-04-23,12.43,2.5,7.23,9.98,0.42,2.63,14.71,0.7047338894013103
2010-04-24,12.23,1.44,5.85,5.3,0.44,-0.75,12.41,0.8457232009998692
2010-04-25,17.62,0.12,8.49,0.53,0.43,-0.99,26.55,1.4470181344958737
2010-04-26,12.08,-0.2,5.35,0.43,0.43,-5.53,26.04,1.0054563064438666
2010-04-27,19.29,-0.72,9.29,0.0,0.42,-3.32,28.61,1.7594121716431597
2010-04-28,29.0,6.22,17.21,0.0,0.41,0.64,26.78,3.365835376650573
2010-04-29,16.82,1.6,7.46,0.43,0.41,-1.18,20.56,1.3554408489532852
2010-04-30,12.57,0.22,6.12,0.02,0.4,-5.53,24.31,1.0516348199007617
2010-05-01,14.22,-1.06,7.55,0.09,0.4,-3.04,23.05,1.133404770683761
2010-05-02,13.7,1.91,8.18,1.21,0.4,-0.34,18.6,0.9718968292759633
2010-05-03,20.16,0.52,11.05,0.0,0.4,-2.77,29.64,1.86344357552497
2010-05-04,26.41,6.11,15.95,0.0,0.4,-2.49,29.42,2.9351900094826613
2010-05-05,17.76,1.18,9.89,0.0,0.39,-7.12,30.09,1.6750350964459872
2010-05-06,18.75,2.91,9.9,0.08,0.39,-0.38,26.63,1.5692409326687493
2010-05-07,12.05,-1.24,5.02,0.0,0.39,-8.79,30.39,1.0928622097543257
2010-05-08,15.52,-2.65,7.5,0.0,0.38,-5.78,27.76,1.3664097265356105
2010-05-09,25.96,3.6,15.02,0.06,0.38,2.11,28.45,2.6422839731485053
2010-05-10,19.49,5.73,13.05,1.54,0.38,3.17,16.84,1.4985140496859797
2010-05-11,16.09,2.93,8.97,5.06,0.38,2.64,10.95,1.0901430703937978
2010-05-12,12.67,2.55,6.89,2.81,0.4,0.52,11.8,0.8314383295687996
2010-05-13,14.57,-0.79,7.56,0.19,0.39,-1.57,29.03,1.114270034210325
2010-05-14,16.38,2.06,8.48,4.34,0.39,2.13,18.31,1.150658699170601
2010-05-15,16.6,5.85,10.3,5.2,0.41,5.88,11.64,0.961783065761059
2010-05-16,18.55,3.09,10.73,0.84,0.41,3.57,20.34,1.3474822727215827
2010-05-17,23.04,4.85,14.53,0.04,0.4,4.9,29.13,1.9500013186237546
2010-05-18,23.21,10.6,15.54,6.98,0.4,11.11,16.7,1.5229771966672254
2010-05-19,15.49,8.72,11.78,8.13,0.42,7.87,13.09,0.6965864477571848
2010-05-20,19.66,6.99,12.42,0.46,0.42,7.1,16.89,1.2807594299348024
2010-05-21,26.13,6.38,16.91,0.0,0.41,5.78,21.36,2.466396466273006
2010-05-22,31.68,11.55,21.59,0.0,0.4,0.65,28.91,4.029162148236176
2010-05-23,24.78,7.7,17.53,0.08,0.4,5.67,30.86,2.2125431410174334
2010-05-24,26.45,8.94,18.12,0.1,0.39,2.44,28.34,2.7237285924023897
2010-05-25,22.62,3.71,14.15,0.16,0.39,4.25,19.97,1.917826844619842
2010-05-26,25.4,12.95,19.0,0.13,0.39,11.71,24.04,1.8680746554024157
2010-05-27,32.47,13.98,23.18,0.0,0.38,11.43,30.21,3.5318146591697515
2010-05-28,34.04,15.16,25.53,0.0,0.38,9.44,29.16,4.148482972819403
2010-05-29,32.3,10.96,23.53,0.02,0.37,6.59,28.64,3.861977332465861
2010-05-30,23.97,9.73,16.29,0.0,0.37,2.26,30.79,2.2596689123272045
2010-05-31,29.11,8.78,19.26,0.0,0.37,3.37,31.09,3.2533145736186686
2010-06-01,32.32,11.64,22.15,0.0,0.37,3.61,26.85,4.050227914752001
2010-06-02,25.35,12.24,18.97,0.72,0.36,9.13,24.07,2.076240432800155
2010-06-03,29.74,13.95,22.23,0.0,0.36,8.39,23.4,3.078597953134711
2010-06-04,35.18,15.65,26.1,0.0,0.36,7.34,26.37,4.653371364765933
2010-06-05,31.19,17.83,24.36,0.88,0.36,10.52,28.7,3.27000442409063
2010-06-06,31.86,15.65,23.64,9.33,0.37,13.35,29.88,3.184879547178758
2010-06-07,35.84,16.72,26.37,1.42,0.38,12.12,23.89,4.4753407307637225
2010-06-08,27.53,13.79,20.85,0.12,0.37,9.31,25.47,2.5053861605461325
2010-06-09,29.54,13.97,22.3,0.02,0.37,12.96,22.86,2.6385332356022366
2010-06-10,32.04,16.55,24.26,0.28,0.37,10.51,25.75,3.49496889868702
2010-06-11,27.45,11.64,20.82,4.12,0.37,14.77,24.39,1.980297754250536
2010-06-12,19.63,7.64,13.22,11.74,0.38,8.73,8.07,1.1579713554575173
2010-06-13,20.01,10.18,14.76,9.68,0.41,10.75,12.96,1.0486709305043735
2010-06-14,21.21,7.75,14.77,1.67,0.41,7.4,25.5,1.4895558969185132
2010-06-15,28.16,10.28,19.98,0.0,0.4,7.76,30.42,2.7599286048369716
2010-06-16,33.43,15.13,24.62,0.04,0.39,9.08,30.83,3.998469612509054
2010-06-17,32.5,16.21,24.22,0.0,0.39,3.0,33.16,4.133012600154352
2010-06-18,31.65,12.0,22.16,0.03,0.38,6.17,32.11,3.715366344958073
2010-06-19,32.5,13.37,22.63,0.81,0.38,11.16,29.28,3.5640380416623074
2010-06-20,33.08,15.35,23.81,0.27,0.37,13.08,19.16,3.547136835510757
2010-06-21,33.21,16.34,24.09,2.68,0.37,13.14,31.07,3.5781602984801717
2010-06-22,36.56,14.35,25.14,0.27,0.37,7.76,26.98,5.070626935083296
2010-06-23,28.32,13.0,20.6,0.0,0.37,7.43,31.46,2.819105498354138
2010-06-24,33.2,13.82,23.78,0.0,0.36,10.38,31.07,3.8272694638160933
2010-06-25,38.06,18.8,28.52,0.0,0.36,8.36,30.13,5.546923586663065
2010-06-26,32.25,19.79,25.91,2.82,0.36,9.19,21.2,3.6594808396756235
2010-06-27,30.01,17.27,23.31,0.3,0.36,9.27,29.95,3.0763294900507656
2010-06-28,32.42,16.84,24.71,0.0,0.36,9.74,30.38,3.6620626252099315
2010-06-29,33.45,17.97,25.67,0.0,0.36,6.79,31.4,4.171011332029328
2010-06-30,31.92,17.18,24.67,0.0,0.35,7.49,31.84,3.697251426615444
2010-07-01,33.78,16.32,25.61,0.0,0.35,9.84,31.25,4.039589196309483
2010-07-02,36.15,18.82,27.23,4.26,0.35,13.15,27.7,4.477536528138479
2010-07-03,36.56,18.59,27.43,0.79,0.36,12.99,26.01,4.629194698928815
2010-07-04,25.82,16.42,20.89,14.2,0.36,15.89,9.74,1.5202873951037348
2010-07-05,28.34,14.33,20.86,8.52,0.4,8.19,31.24,2.768678488028768
2010-07-06,31.62,14.51,23.0,2.89,0.39,9.53,28.69,3.463801953837473
2010-07-07,17.48,14.25,15.66,2.3,0.39,11.7,9.68,0.6224050193217254
2010-07-08,21.27,13.49,17.25,11.74,0.4,12.62,20.61,1.0676072978684206
2010-07-09,27.46,12.82,20.77,0.89,0.41,12.4,27.78,2.2227071618206624
2010-07-10,32.24,15.73,23.87,2.27,0.4,12.71,26.24,3.3500477320687625
2010-07-11,31.52,14.77,23.11,1.19,0.4,9.72,30.64,3.4222030480534156
2010-07-12,31.86,15.39,24.17,0.33,0.39,10.05,29.76,3.48520515169687
2010-07-13,37.57,18.15,28.55,0.0,0.38,7.2,30.61,5.456564619523581
2010-07-14,35.62,20.59,27.68,0.99,0.38,10.64,22.08,4.53661517464816
2010-07-15,33.45,17.3,25.1,1.73,0.37,14.15,22.81,3.5442819956911378
2010-07-16,37.18,19.89,28.17,0.11,0.37,11.46,30.35,4.983199816044339
2010-07-17,38.88,18.06,29.57,0.0,0.37,7.64,28.65,5.899808670184218
2010-07-18,34.62,19.29,26.89,0.78,0.36,13.04,26.8,4.00396437540262
2010-07-19,38.29,20.48,29.11,1.06,0.36,10.39,26.01,5.468923244283183
2010-07-20,29.82,17.7,23.47,4.1,0.36,15.51,16.36,2.4373016284185107
2010-07-21,30.94,19.03,24.79,4.09,0.37,16.87,21.71,2.555445825848114
2010-07-22,33.71,18.26,25.89,2.08,0.37,15.02,22.11,3.5264267512098817
2010-07-23,35.46,19.35,27.67,0.39,0.37,13.94,19.19,4.174829560591962
2010-07-24,30.01,17.59,23.64,0.0,0.37,11.24,26.46,2.911695868737798
2010-07-25,29.39,17.91,22.76,0.85,0.36,14.78,18.8,2.415505338819834
2010-07-26,34.29,15.46,25.12,0.01,0.36,12.67,29.33,3.9400096466590417
2010-07-27,36.29,16.79,26.96,3.57,0.36,11.47,29.51,4.681888669964135
2010-07-28,32.3,18.9,25.42,2.38,0.37,14.61,28.16,3.172981483196705
2010-07-29,34.97,19.1,27.51,0.0,0.37,13.64,28.43,4.051725870950485
2010-07-30,28.83,20.96,24.82,9.74,0.37,16.65,25.09,2.0713275126460067
2010-07-31,27.06,19.28,22.94,6.81,0.38,17.52,16.33,1.575396259019724
2010-08-01,33.98,17.96,25.78,2.24,0.39,16.38,27.51,3.4504475320950325
2010-08-02,31.36,19.37,25.51,12.53,0.4,16.27,25.46,2.735610252449782
2010-08-03,30.34,17.68,24.09,3.58,0.4,16.15,27.21,2.4907357035604187
2010-08-04,26.14,18.17,21.71,6.83,0.41,16.99,25.89,1.4528576532916548
2010-08-05,26.49,16.61,21.25,13.1,0.42,16.26,26.51,1.6113403206256411
2010-08-06,28.58,16.2,22.29,2.08,0.42,16.28,25.28,2.058412325879445
2010-08-07,33.23,17.25,25.34,0.77,0.41,14.78,25.79,3.414065016400163
2010-08-08,31.01,17.98,24.51,4.81,0.41,16.35,27.31,2.6358144428135697
2010-08-09,29.07,19.13,23.51,6.57,0.41,17.02,24.61,2.0817234553489055
2010-08-10,31.29,16.31,23.77,0.18,0.41,11.8,27.99,3.183125367769427
2010-08-11,32.74,17.72,25.4,0.01,0.4,13.59,27.21,3.4006871167501496
2010-08-12,35.09,17.8,26.3,0.88,0.39,10.39,21.39,4.390285489566678
2010-08-13,30.24,16.53,22.94,0.0,0.39,5.55,28.37,3.3954517589874604
2010-08-14,30.78,14.06,21.95,0.82,0.38,8.32,26.53,3.340253971414531
2010-08-15,28.29,15.23,20.66,3.74,0.38,13.75,18.17,2.271373665238195
2010-08-16,28.13,16.17,21.4,1.74,0.38,15.16,18.62,2.0856440543842787
2010-08-17,29.78,16.11,22.1,0.05,0.38,12.01,23.87,2.786326930257398
2010-08-18,36.05,17.5,26.63,0.0,0.38,8.69,27.06,4.833077441983505
2010-08-19,34.25,20.15,25.5,0.25,0.37,11.72,18.28,4.01687415886368
2010-08-20,31.45,18.53,24.4,0.0,0.37,9.73,26.17,3.4030557160675747
2010-08-21,34.1,17.08,25.45,0.04,0.37,7.37,26.93,4.321350124143127
2010-08-22,34.87,18.41,26.54,0.03,0.36,10.62,25.78,4.302485153559228
2010-08-23,31.34,18.76,25.03,0.14,0.36,12.82,22.52,3.100061815895228
2010-08-24,26.97,14.13,20.14,0.01,0.36,5.5,25.65,2.655840734807009
2010-08-25,29.38,12.53,20.66,0.0,0.36,5.47,25.58,3.1931396938671233
2010-08-26,33.1,12.94,22.6,0.0,0.36,3.23,25.91,4.288206365951721
2010-08-27,35.4,14.33,24.87,0.0,0.36,3.68,26.01,4.953061881986812
2010-08-28,34.55,16.68,25.56,0.0,0.35,8.24,25.0,4.393903223319601
2010-08-29,34.51,17.99,26.06,0.0,0.35,7.6,25.25,4.428289163188954
2010-08-30,33.04,18.04,24.53,0.0,0.35,7.83,18.71,3.9810336313966954
2010-08-31,28.9,14.59,21.31,0.0,0.35,5.9,24.77,3.053931981604253
2010-09-01,31.16,13.2,21.67,0.07,0.35,7.6,22.46,3.4897859878550896
2010-09-02,22.81,10.33,16.76,0.0,0.35,3.67,24.87,1.982749027159359
2010-09-03,26.09,7.9,17.09,0.0,0.35,1.23,25.31,2.7116751368411833
2010-09-04,34.18,12.96,23.01,0.0,0.35,2.45,24.67,4.644111097476421
2010-09-05,35.65,17.05,26.3,0.0,0.35,1.39,22.89,5.1524311276968975
2010-09-06,24.41,9.52,17.9,0.0,0.34,-0.16,24.61,2.4544178423139535
2010-09-07,26.06,7.01,16.62,0.0,0.34,-0.8,24.75,2.7972405432929532
2010-09-08,31.52,14.26,22.08,1.3,0.34,11.29,20.24,3.289080277896999
2010-09-09,32.42,14.69,23.17,0.01,0.35,7.94,21.96,3.800401116052929
2010-09-10,26.43,12.1,19.18,0.0,0.35,-0.45,23.52,2.856752533896638
2010-09-11,26.89,9.98,18.5,0.0,0.34,1.29,24.01,2.8718152486329336
2010-09-12,29.68,11.35,20.29,0.0,0.34,-0.12,22.41,3.560318232815993
2010-09-13,31.81,17.0,23.17,0.0,0.34,3.6,19.17,3.9133150702165063
2010-09-14,30.08,15.83,22.32,4.46,0.35,10.75,20.53,2.971515565796104
2010-09-15,28.75,14.15,20.52,0.02,0.35,6.82,21.02,2.9586259409847715
2010-09-16,28.84,10.9,19.59,0.04,0.35,6.43,21.81,3.005473336999856
2010-09-17,30.87,13.59,21.41,0.0,0.35,7.51,21.7,3.421960032668558
2010-09-18,19.89,9.86,14.43,0.23,0.35,8.44,13.11,1.217062463081069
2010-09-19,33.19,10.01,21.48,0.0,0.35,6.93,21.55,4.0869517142013
2010-09-20,35.57,16.04,24.83,1.28,0.35,7.27,20.28,4.781672666228093
2010-09-21,26.86,11.85,18.99,0.12,0.35,10.02,20.85,2.3065517806859632
2010-09-22,32.89,14.07,22.08,4.79,0.35,10.74,15.01,3.708995856927796
2010-09-23,26.38,11.7,19.3,0.24,0.36,6.68,18.11,2.457635510905179
2010-09-24,27.69,9.44,18.36,0.0,0.35,6.6,20.65,2.7375648337380527
2010-09-25,24.94,10.65,16.91,0.0,0.35,2.3,21.0,2.4355381969174834
2010-09-26,30.64,9.48,18.96,0.0,0.35,3.44,21.26,3.619573724619098
2010-09-27,27.73,14.26,19.91,0.0,0.35,3.99,19.81,2.908222396998554
2010-09-28,31.77,12.55,21.3,0.0,0.35,4.6,20.95,3.8450727960438744
2010-09-29,27.47,12.5,19.99,0.0,0.35,3.91,19.9,2.8567142002059693
2010-09-30,23.97,9.01,15.85,0.0,0.35,2.61,19.57,2.2415019477174565
2010-10-01,27.68,9.65,17.68,0.03,0.35,4.11,19.3,2.8904911745159287
2010-10-02,17.96,7.73,12.05,0.31,0.35,4.27,11.22,1.2299575725093912
2010-10-03,24.64,6.53,14.56,0.0,0.35,4.66,19.28,2.248657895210579
2010-10-04,26.94,8.42,17.13,0.0,0.35,7.13,18.61,2.5419724157055166
2010-10-05,28.98,10.81,19.45,0.0,0.35,5.89,18.95,3.0730382912099357
2010-10-06,23.05,10.9,16.58,0.0,0.35,8.04,17.74,1.7422502944118714
2010-10-07,28.29,10.88,19.32,0.0,0.35,7.33,18.39,2.819439130394465
2010-10-08,26.06,9.9,18.3,0.28,0.35,1.53,16.74,2.691124557081452
2010-10-09,21.02,8.77,13.94,0.05,0.34,-1.01,17.1,1.9227269679401915
2010-10-10,15.53,7.38,11.62,5.74,0.35,5.26,9.17,0.8761436581697041
2010-10-11,18.08,6.24,11.52,0.24,0.36,4.66,13.49,1.2225709180120892
2010-10-12,13.3,6.98,9.21,0.33,0.36,2.67,9.18,0.7872162898752672
2010-10-13,19.3,5.8,11.9,0.0,0.36,0.01,17.04,1.6276134592495377
2010-10-14,24.3,6.78,14.43,0.0,0.36,-1.07,17.88,2.473230088563399
2010-10-15,27.24,9.08,17.32,0.0,0.35,-1.84,17.56,3.082160533005323
2010-10-16,19.34,6.97,12.21,0.0,0.35,-0.22,17.26,1.6433487011991352
2010-10-17,24.93,5.63,13.92,0.0,0.35,1.56,15.77,2.4708653218099874
2010-10-18,13.71,5.43,9.63,0.03,0.35,2.57,12.33,0.8338172877702028
2010-10-19,20.14,5.16,11.63,0.0,0.35,0.16,16.11,1.7406736108118936
2010-10-20,23.32,5.15,12.98,0.0,0.35,-2.6,16.4,2.359833607361582
2010-10-21,21.47,5.76,12.96,0.0,0.35,3.56,14.01,1.771299641790948
2010-10-22,16.05,8.11,11.82,4.12,0.36,6.08,6.83,0.8838006086764872
2010-10-23,16.73,5.86,10.41,0.01,0.36,4.25,13.84,1.0771384969499898
2010-10-24,19.94,5.51,12.45,0.0,0.36,1.06,14.63,1.6700523913942846
2010-10-25,16.4,4.58,10.61,0.03,0.36,-2.24,6.67,1.3471520470281968
2010-10-26,11.98,1.02,5.55,0.0,0.36,-10.02,14.39,1.1154572164096765
2010-10-27,11.28,-0.01,4.39,0.0,0.36,-9.67,15.69,1.0440698160057136
2010-10-28,14.2,-2.02,5.25,0.0,0.36,-10.18,15.88,1.3378139382670904
2010-10-29,23.99,2.08,11.9,0.0,0.35,-6.87,15.45,2.6171315205206
2010-10-30,22.51,7.64,13.38,0.0,0.35,-1.55,13.6,2.1820043749589417
2010-10-31,16.01,1.75,7.76,0.0,0.35,-0.54,14.12,1.2322396914591358
2010-11-01,15.11,3.42,8.31,1.51,0.36,0.87,12.1,1.066887304607083
2010-11-02,18.17,2.78,9.69,0.0,0.36,-1.36,13.84,1.5332297671187383
2010-11-03,14.75,1.67,8.63,0.0,0.35,-1.36,14.21,1.1251663885353338
2010-11-04,12.06,-2.05,4.16,0.0,0.35,-7.83,14.42,1.0692985912230377
2010-11-05,21.0,0.58,9.28,0.0,0.35,-5.45,13.98,2.080006295119831
2010-11-06,23.9,6.19,12.93,0.0,0.35,-3.85,13.95,2.5066378058649477
2010-11-07,21.73,5.51,11.98,0.0,0.35,-1.09,12.65,2.036719112506783
2010-11-08,21.63,7.19,12.55,0.0,0.35,-3.75,13.67,2.1220064263524976
2010-11-09,15.89,-0.48,8.46,0.39,0.35,-2.39,10.01,1.2931725002924341
2010-11-10,9.16,-3.04,2.39,0.01,0.35,-5.81,12.94,0.7645652845645761
2010-11-11,7.85,-1.34,1.93,0.71,0.35,-3.09,2.84,0.5755118630678138
2010-11-12,5.95,-4.65,-0.66,0.02,0.35,-7.52,10.84,0.5847905183846536
2010-11-13,5.35,-4.36,-0.01,0.96,0.35,-6.13,11.91,0.5074758749859226
2010-11-14,7.51,-4.9,0.56,0.0,0.35,-6.93,10.39,0.6741805178276429
2010-11-15,5.79,-2.09,1.13,0.02,0.35,-4.68,10.27,0.4900780459452866
2010-11-16,14.19,-2.57,4.18,2.33,0.35,-3.57,9.5,1.1492421573276628
2010-11-17,4.62,-3.06,0.14,0.15,0.36,-4.86,9.25,0.4237654445837072
2010-11-18,17.6,-3.02,5.64,0.0,0.36,-7.26,11.31,1.6584921136860802
2010-11-19,11.42,-0.86,4.91,0.0,0.36,-4.96,9.65,0.927357720842019
2010-11-20,8.47,-3.28,0.79,0.0,0.36,-4.21,4.46,0.6604687934612912
2010-11-21,15.62,1.55,6.37,0.01,0.36,-5.54,7.0,1.3704050669223242
2010-11-22,7.49,-4.81,0.83,0.01,0.36,-10.77,10.64,0.7673442498689327
2010-11-23,7.9,-4.21,1.99,0.0,0.36,-12.74,11.74,0.8361942840700225
2010-11-24,3.25,-8.72,-1.88,0.0,0.36,-11.92,11.28,0.526285699934036
2010-11-25,1.86,-8.7,-4.14,0.0,0.36,-16.82,10.78,0.5350272689010476
2010-11-26,8.68,-4.41,1.19,0.0,0.36,-12.02,11.04,0.8804151940676197
2010-11-27,11.67,-0.91,2.84,0.0,0.36,-10.72,11.19,1.1025322866959055
2010-11-28,13.27,-2.11,3.48,0.36,0.35,-9.87,10.96,1.2357593156901303
2010-11-29,-1.77,-6.38,-3.96,0.21,0.35,-10.26,9.39,0.25658450945721695
2010-11-30,3.36,-6.42,-2.47,0.0,0.35,-14.63,11.27,0.5809600690017245
2010-12-01,11.12,-1.21,3.07,0.0,0.35,-7.72,8.39,0.9814861521228202
2010-12-02,11.47,-0.84,2.95,0.0,0.35,-3.72,9.74,0.8903659730435345
2010-12-03,17.61,-2.12,6.56,0.0,0.35,-3.95,9.49,1.5579431545474611
2010-12-04,0.97,-5.39,-2.8,0.0,0.35,-7.56,7.83,0.3092780108951434
2010-12-05,1.86,-5.38,-2.57,0.01,0.35,-7.6,6.89,0.35366512737311195
2010-12-06,9.89,-3.58,1.4,0.06,0.36,-5.67,10.1,0.8187171660289094
2010-12-07,6.89,-3.34,1.5,1.29,0.36,-2.46,5.06,0.48459570995936074
2010-12-08,11.32,-3.08,2.78,0.0,0.36,-6.12,9.47,0.9542247858249798
2010-12-09,13.55,1.63,5.68,0.0,0.36,-5.3,9.85,1.1408384284550142
2010-12-10,13.66,-0.64,5.82,0.01,0.36,-4.23,6.7,1.1172192167338872
2010-12-11,1.46,-6.63,-2.55,0.0,0.36,-9.25,10.04,0.3756677571283628
2010-12-12,6.72,-6.57,-0.49,0.0,0.36,-8.08,8.97,0.6504703356006108
2010-12-13,15.36,0.86,6.48,0.0,0.36,-3.37,9.75,1.2690085512005147
2010-12-14,14.38,0.99,6.52,0.0,0.36,-4.29,7.34,1.1940184111276668
2010-12-15,8.29,-3.36,2.7,0.0,0.36,-3.97,8.3,0.638855080812915
2010-12-16,2.88,-5.89,-2.51,0.0,0.36,-11.16,9.71,0.4908648784319845
2010-12-17,0.39,-5.36,-3.53,0.0,0.36,-9.88,7.29,0.33991340055009384
2010-12-18,4.43,-5.15,-2.19,0.0,0.36,-7.86,9.09,0.5001720418093152
2010-12-19,12.21,-4.09,2.24,0.0,0.36,-4.08,9.07,0.9705728700780715
2010-12-20,11.85,-2.38,3.23,0.0,0.36,-3.34,8.46,0.9114137283716351
2010-12-21,3.28,-4.4,-1.59,0.0,0.36,-6.64,7.35,0.40143138733783423
2010-12-22,0.76,-4.58,-2.54,0.0,0.36,-7.49,6.19,0.29752558961690684
2010-12-23,10.6,-4.72,0.4,0.0,0.36,-3.59,7.25,0.8097391302048332
2010-12-24,5.73,-4.29,-0.79,0.0,0.36,-4.86,10.02,0.49209742485391855
2010-12-25,6.06,-4.44,-1.04,0.0,0.36,-5.99,9.25,0.5484548131119891
2010-12-26,6.35,-3.6,-0.71,0.0,0.36,-5.03,9.6,0.537793691347391
2010-12-27,7.57,-2.85,0.74,0.0,0.36,-7.82,10.05,0.7026657016498394
2010-12-28,5.91,-1.8,0.41,0.0,0.36,-7.09,8.45,0.5704545013068063
2010-12-29,8.53,-1.4,2.56,0.0,0.36,-8.29,4.82,0.7852285854770313
2010-12-30,0.44,-12.23,-3.83,3.46,0.36,-7.96,5.19,0.29522690110380106
2010-12-31,-12.13,-16.29,-13.68,1.57,0.36,-19.78,4.95,0.11389203117941751
2011-01-01,-3.48,-13.57,-9.58,0.0,0.36,-19.19,6.3,0.33869719963372846
2011-01-02,3.75,-12.01,-4.17,0.0,0.36,-14.91,8.31,0.6071732510660032
2011-01-03,2.81,-7.95,-2.74,0.0,0.36,-10.99,9.46,0.4835666209691384
2011-01-04,4.43,-9.06,-3.26,0.0,0.36,-9.94,9.01,0.5511321052966465
2011-01-05,6.38,-5.31,-0.7,0.0,0.37,-9.25,7.57,0.6568327153494296
2011-01-06,9.82,-2.01,2.66,0.0,0.37,-7.22,9.28,0.8579764010477287
2011-01-07,4.61,-2.89,0.26,0.0,0.37,-4.34,9.8,0.4060842855637254
2011-01-08,7.51,-2.75,0.53,0.23,0.37,-3.89,10.31,0.5794527926048194
2011-01-09,-2.83,-10.44,-5.58,5.31,0.37,-8.76,2.47,0.1808018872117037
2011-01-10,-9.52,-14.28,-12.26,0.73,0.37,-16.82,5.13,0.13319976281056428
2011-01-11,-4.82,-15.48,-10.95,0.0,0.37,-17.77,9.0,0.27603561945845023
2011-01-12,-0.94,-17.39,-9.81,0.13,0.37,-14.63,5.96,0.37387028566644187
2011-01-13,8.82,-5.71,0.76,0.25,0.37,-6.53,7.87,0.7594887212544543
2011-01-14,9.26,-0.44,3.4,0.01,0.37,-2.78,10.28,0.6706553912358739
2011-01-15,9.3,-1.7,2.14,0.0,0.37,-4.19,8.81,0.7237336973825507
2011-01-16,9.67,-2.12,2.44,0.0,0.37,-4.35,9.6,0.75864277447372
2011-01-17,11.9,-1.01,4.7,1.61,0.38,0.14,9.18,0.7762907595959071
2011-01-18,9.59,-2.82,2.6,0.84,0.38,-3.33,11.01,0.7169349041798956
2011-01-19,1.72,-7.35,-2.94,0.98,0.38,-5.62,5.58,0.2898716445512346
2011-01-20,1.25,-8.44,-3.78,0.0,0.38,-11.23,11.66,0.4096377297160662
2011-01-21,4.02,-2.69,0.49,0.0,0.37,-8.92,10.11,0.5032666422975689
2011-01-22,7.79,-3.88,1.37,0.0,0.37,-8.02,10.89,0.7236752729560605
2011-01-23,7.0,-5.89,-1.24,0.0,0.37,-9.93,11.97,0.7145571097844897
2011-01-24,2.07,-5.14,-1.0,0.01,0.37,-9.35,11.78,0.40840014163609434
2011-01-25,5.36,-7.56,-1.61,0.01,0.37,-11.59,12.69,0.6428433631449073
2011-01-26,4.98,-3.83,0.16,0.02,0.37,-5.7,11.81,0.47178681819497875
2011-01-27,10.75,0.18,3.66,0.0,0.37,-6.21,12.09,0.9070442140837195
2011-01-28,15.9,-0.52,5.3,0.0,0.37,-5.86,12.89,1.4122530302827705
2011-01-29,12.34,-4.34,2.85,0.0,0.37,-5.08,12.4,1.0156953663679935
2011-01-30,4.88,-5.82,-1.47,0.0,0.37,-5.66,6.0,0.4645018832889403
2011-01-31,-6.13,-15.69,-9.76,1.14,0.37,-13.72,4.88,0.17471506514205726
2011-02-01,-16.33,-21.24,-18.89,0.03,0.37,-25.25,7.88,0.09233174599735641
2011-02-02,-12.51,-21.38,-17.54,0.0,0.37,-24.77,9.5,0.15199934333435333
2011-02-03,0.95,-17.78,-8.09,0.1,0.37,-15.66,8.84,0.4740552585316463
2011-02-04,5.72,-8.63,-1.35,0.06,0.37,-4.9,10.13,0.49275061793825853
2011-02-05,5.79,-1.77,1.18,0.25,0.37,-4.91,11.11,0.49753697555873183
2011-02-06,-0.98,-7.06,-3.32,0.03,0.37,-9.7,9.15,0.27600357117494495
2011-02-07,6.0,-10.49,-2.87,1.22,0.37,-10.45,10.7,0.6594364415496226
2011-02-08,-6.33,-16.69,-14.3,5.58,0.37,-17.46,2.65,0.22553280799217043
2011-02-09,-5.31,-19.27,-12.64,0.01,0.37,-19.2,11.34,0.27781866690795587
2011-02-10,1.98,-12.78,-6.26,0.0,0.37,-14.93,10.78,0.513061614242173
2011-02-11,5.71,-8.75,-1.93,0.0,0.37,-10.17,14.57,0.63461896857344
2011-02-12,11.86,-3.19,2.55,0.0,0.37,-7.71,13.3,1.047666875730141
2011-02-13,18.23,-2.28,5.74,0.0,0.38,-7.52,15.4,1.7469405493753818
2011-02-14,8.89,-3.56,1.75,0.0,0.38,-7.04,13.88,0.7793227783054777
2011-02-15,17.76,0.71,8.38,0.0,0.37,-6.68,16.01,1.6626649816087262
2011-02-16,20.76,-0.02,9.24,0.0,0.37,-6.29,15.22,2.0689147932113543
2011-02-17,13.22,-3.97,5.68,0.0,0.37,-6.8,16.56,1.1524898598406677
2011-02-18,7.01,-5.15,0.29,0.0,0.37,-9.42,12.36,0.7034189979649235
2011-02-19,16.77,-0.91,7.72,1.21,0.37,-2.63,16.1,1.406348216656093
2011-02-20,11.9,-8.08,4.14,0.0,0.37,-7.62,13.64,1.0489401008937795
2011-02-21,6.36,-8.77,-2.46,0.0,0.37,-11.11,17.27,0.6971554853398059
2011-02-22,11.02,-5.23,1.78,0.0,0.37,-11.15,17.71,1.0537794133022402
2011-02-23,10.68,-4.82,2.5,0.0,0.37,-9.83,17.87,0.9954642087689559
2011-02-24,1.23,-7.97,-4.09,0.02,0.37,-8.9,7.79,0.3560605912055004
2011-02-25,-0.06,-8.3,-5.65,0.2,0.37,-10.43,5.77,0.33202566299055264
2011-02-26,14.92,-6.44,3.26,0.0,0.37,-8.15,17.11,1.3661044644436509
2011-02-27,12.29,-5.15,2.66,0.0,0.37,-7.81,11.11,1.090258883941736
2011-02-28,15.65,-5.67,4.0,0.0,0.36,-9.18,17.0,1.4731925720878274
2011-03-01,16.66,-1.31,5.86,0.0,0.36,-7.81,16.24,1.5570182293589077
2011-03-02,11.32,-4.41,1.99,0.0,0.36,-5.18,12.59,0.9254453383511496
2011-03-03,17.64,0.06,7.69,1.33,0.36,-2.52,16.12,1.5102776156359106
2011-03-04,3.71,-5.34,0.41,0.08,0.36,-3.74,12.51,0.33357946168355335
2011-03-05,10.96,-5.11,3.0,0.0,0.36,-10.13,16.6,1.026449625193715
2011-03-06,13.34,-0.83,5.32,0.03,0.36,-7.06,13.3,1.1717316170333163
2011-03-07,-0.43,-6.94,-3.99,1.6,0.36,-8.16,11.12,0.2617274658091212
2011-03-08,-1.1,-6.29,-4.48,2.98,0.36,-7.81,5.9,0.22424665580085373
2011-03-09,8.71,-5.29,1.37,0.01,0.37,-9.93,19.8,0.8384602609223047
2011-03-10,17.47,-2.0,7.0,0.0,0.37,-6.57,20.48,1.6226687108934
2011-03-11,19.32,1.23,9.49,0.0,0.37,-5.86,19.46,1.8471945205299984
2011-03-12,13.93,-2.8,5.16,0.02,0.37,-6.7,19.49,1.221545081217193
2011-03-13,10.22,-2.62,3.09,0.09,0.37,-3.13,12.01,0.761288253217343
2011-03-14,16.43,-3.11,6.45,0.0,0.36,-4.67,16.44,1.4369822627530602
2011-03-15,14.99,0.55,7.74,0.0,0.36,-3.03,17.35,1.2157176205892894
2011-03-16,22.59,1.92,12.84,0.0,0.36,-2.19,15.4,2.220478627409904
2011-03-17,15.57,2.75,9.51,0.05,0.36,-3.28,17.31,1.2894572474861907
2011-03-18,13.88,0.19,6.33,0.01,0.36,-2.7,20.55,1.0854970707001823
2011-03-19,22.31,1.21,10.66,0.0,0.36,-4.1,19.68,2.243451152729008
2011-03-20,19.49,4.47,11.83,0.0,0.36,-9.08,19.65,1.9582215521352677
2011-03-21,24.91,3.72,14.3,0.0,0.36,-9.05,16.91,2.8428590609271214
2011-03-22,14.21,3.88,9.81,0.01,0.35,-7.48,12.61,1.2723549862136492
2011-03-23,14.24,-0.76,6.16,0.0,0.35,-9.39,23.42,1.323836706707808
2011-03-24,16.26,-5.85,3.28,0.0,0.35,-6.05,22.61,1.4599488594676828
2011-03-25,13.33,-0.2,6.44,0.01,0.35,-6.18,21.44,1.14551155687822
2011-03-26,12.63,-2.28,4.71,0.01,0.35,-7.09,21.21,1.1030587335949122
2011-03-27,10.68,-2.23,2.64,1.43,0.35,-3.46,5.0,0.8119850323172026
2011-03-28,11.85,-3.17,3.4,0.95,0.35,-2.86,12.71,0.8939838374771065
2011-03-29,7.62,-1.92,1.93,2.82,0.36,-4.1,14.22,0.5944676134968376
2011-03-30,12.33,-0.95,5.84,0.15,0.36,-4.74,19.75,1.003811011136734
2011-03-31,18.5,4.12,11.07,0.76,0.36,0.98,18.77,1.4740153969097483
2011-04-01,18.24,3.91,10.97,0.0,0.36,0.66,24.24,1.4545729136734487
2011-04-02,29.0,4.35,17.07,0.0,0.36,-3.43,23.51,3.5315468478953425
2011-04-03,15.63,-0.88,8.92,0.95,0.36,-2.17,12.9,1.254946988884042
2011-04-04,9.95,-4.39,2.78,0.0,0.36,-9.25,23.51,0.9206896535070768
2011-04-05,24.44,1.18,12.58,0.0,0.35,-4.31,21.9,2.619869500129604
2011-04-06,14.87,3.36,8.88,0.76,0.35,0.42,20.07,1.0614014245710268
2011-04-07,16.42,3.31,9.42,1.28,0.35,0.61,17.1,1.229188660579808
2011-04-08,24.46,4.43,14.29,0.0,0.35,-4.2,25.72,2.619837973923854
2011-04-09,25.34,7.0,16.05,0.05,0.35,-3.98,22.83,2.777556805284398
2011-04-10,14.63,2.1,7.5,2.86,0.36,-2.34,16.93,1.1508614230681893
2011-04-11,16.89,0.2,8.84,0.0,0.36,-5.98,26.55,1.5334174551228967
2011-04-12,20.2,1.63,11.07,0.0,0.35,-6.22,18.63,1.9836683131511026
2011-04-13,16.64,1.84,8.78,0.09,0.35,-0.25,24.38,1.2941854374176118
2011-04-14,4.52,1.11,2.38,12.04,0.36,-0.61,2.24,0.259300938782401
2011-04-15,10.41,-0.74,4.1,0.07,0.37,-6.96,26.68,0.8996424492939141
2011-04-16,19.07,-0.95,9.58,0.0,0.37,-3.83,25.46,1.7469000693570496
2011-04-17,24.46,4.21,13.98,0.0,0.37,0.3,15.85,2.4430379027644014
2011-04-18,22.79,4.65,12.62,0.57,0.37,3.98,13.64,1.9618332865435535
2011-04-19,15.31,2.14,7.41,2.78,0.37,1.25,15.84,1.0710285290604915
2011-04-20,13.81,-1.59,6.05,0.3,0.37,-1.82,14.31,1.0445220107070572
2011-04-21,21.05,1.01,11.24,0.3,0.37,0.47,24.96,1.862642558292185
2011-04-22,20.68,2.2,11.25,0.0,0.37,-5.77,23.8,2.0413625646096065
2011-04-23,9.33,1.14,4.65,0.36,0.36,-4.63,12.25,0.7407473032202544
2011-04-24,13.42,0.47,6.31,3.9,0.37,0.05,10.77,0.9263936940335882
2011-04-25,12.81,1.49,6.71,5.87,0.38,1.04,11.07,0.8206496457306098
2011-04-26,13.51,1.64,7.73,2.52,0.38,0.41,16.89,0.9192080873930616
2011-04-27,11.61,1.07,6.11,2.47,0.38,-1.61,18.44,0.8240687102232058
2011-04-28,21.1,0.44,10.95,0.0,0.38,-8.74,26.37,2.1867545222996103
2011-04-29,25.9,1.03,13.32,0.0,0.38,-3.56,24.33,2.872087891072373
2011-04-30,10.65,-0.92,5.47,0.0,0.37,-10.67,28.67,1.0116035203720775
2011-05-01,9.22,0.05,5.32,0.0,0.37,-8.0,20.81,0.8308678700873438
2011-05-02,10.48,-0.92,5.8,0.14,0.37,-5.12,22.02,0.8506693826878666
2011-05-03,21.32,0.19,11.38,0.0,0.37,-7.91,27.51,2.1995912378444715
2011-05-04,18.55,3.07,9.78,0.14,0.36,-1.95,23.58,1.6070908120700373
2011-05-05,19.51,0.19,10.44,0.0,0.36,-4.77,30.34,1.8396987940093616
2011-05-06,26.97,5.17,16.42,0.0,0.36,-3.49,22.0,3.0870664553908203
2011-05-07,29.5,7.35,19.05,0.0,0.36,1.04,28.58,3.464278161851488
2011-05-08,31.46,11.71,21.87,0.0,0.35,-5.78,30.75,4.214719797494996
2011-05-09,29.58,12.99,21.15,0.0,0.35,-5.81,26.06,3.745949260007576
2011-05-10,26.06,8.95,17.95,0.02,0.35,-3.09,28.92,2.887034130139508
2011-05-11,13.34,2.63,8.15,14.3,0.36,3.52,13.76,0.7452177526254513
2011-05-12,11.75,1.48,5.82,4.26,0.38,1.54,10.23,0.696863002402925
2011-05-13,17.34,2.37,8.75,0.08,0.38,-1.03,29.46,1.4133736620928503
2011-05-14,14.3,1.32,7.85,0.35,0.38,-0.88,18.24,1.057222151660419
2011-05-15,14.42,0.83,7.18,0.01,0.38,-0.73,20.04,1.0635983051667344
2011-05-16,21.52,1.32,11.24,0.0,0.37,1.25,28.72,1.8989072758973036
2011-05-17,23.26,5.86,13.83,7.01,0.37,2.3,15.78,2.132987185916525
2011-05-18,14.32,6.26,9.44,15.23,0.39,6.15,8.45,0.6872407802907277
2011-05-19,18.05,5.58,11.23,9.78,0.42,5.8,15.92,1.1482467034378057
2011-05-20,18.53,2.74,11.28,0.23,0.42,2.1,28.79,1.4230749017447835
2011-05-21,21.94,5.68,13.67,0.15,0.41,3.12,22.68,1.8700333160920946
2011-05-22,24.89,9.07,17.53,0.02,0.4,4.14,28.42,2.325771326416397
2011-05-23,24.4,10.38,17.15,10.95,0.4,8.78,26.52,1.9252037720852457
2011-05-24,15.68,9.53,12.29,43.79,0.44,10.29,9.92,0.529422550040576
2011-05-25,16.37,5.39,11.38,4.69,0.5,6.9,16.86,0.8667063207508864
2011-05-26,22.27,5.21,13.37,0.0,0.48,5.84,23.86,1.762954645973553
2011-05-27,22.26,7.03,14.03,0.09,0.46,5.05,30.85,1.810761572777527
2011-05-28,20.38,5.84,13.06,0.32,0.45,7.24,18.03,1.3753645551182652
2011-05-29,29.68,9.3,18.82,0.49,0.44,6.54,26.74,3.19515453202531
2011-05-30,28.34,8.85,19.29,0.0,0.42,0.45,32.42,3.2243131787258346
2011-05-31,26.28,5.78,17.04,0.02,0.41,-3.34,33.16,2.9401431678412795
2011-06-01,30.11,12.23,21.35,0.04,0.4,6.8,19.58,3.2817270190586387
2011-06-02,32.73,17.89,23.97,0.0,0.4,6.27,18.26,4.0017327890313945
2011-06-03,28.02,12.74,19.95,0.02,0.39,4.7,30.08,2.930123020361063
2011-06-04,28.79,12.43,20.73,0.0,0.38,8.89,28.31,2.8177645853443556
2011-06-05,33.9,15.51,24.94,0.0,0.38,7.59,28.88,4.246536247212925
2011-06-06,34.75,18.31,26.35,0.0,0.37,6.65,27.75,4.567418881532773
2011-06-07,33.43,15.38,24.23,0.0,0.37,-1.38,33.45,4.600638149122198
2011-06-08,27.5,12.74,19.67,0.0,0.36,5.82,28.99,2.7477501001443825
2011-06-09,25.31,9.7,15.47,0.03,0.36,7.07,23.48,2.220060379818986
2011-06-10,25.2,9.42,17.27,0.01,0.36,3.33,30.86,2.4300140914968136
2011-06-11,29.26,11.18,19.44,2.46,0.36,9.26,22.53,2.8978766321948637
2011-06-12,32.19,12.45,21.99,0.9,0.36,3.54,27.48,4.018761326076752
2011-06-13,31.28,12.76,22.2,2.04,0.36,5.15,21.59,3.683218278406784
2011-06-14,28.46,14.26,20.66,2.01,0.36,8.68,26.68,2.758882864573085
2011-06-15,32.72,11.11,22.39,0.03,0.36,5.49,30.66,4.049081064600535
2011-06-16,33.89,14.45,24.0,2.59,0.36,6.02,28.96,4.350362909869012
2011-06-17,24.43,11.77,17.61,16.63,0.38,11.97,23.25,1.6620117776884307
2011-06-18,24.74,11.03,18.52,5.78,0.4,11.39,20.77,1.7719133490701282
2011-06-19,27.94,15.24,20.14,2.77,0.4,12.78,26.08,2.2903929153275913
2011-06-20,18.3,11.85,15.07,9.27,0.41,10.36,6.88,0.845343346001936
2011-06-21,24.3,10.28,17.17,0.0,0.41,5.97,29.54,2.1049027155903586
2011-06-22,28.43,10.3,20.08,0.0,0.4,6.13,31.58,2.9320475548712848
2011-06-23,32.2,12.17,22.59,0.0,0.39,8.39,30.03,3.707178368334339
2011-06-24,31.89,13.23,22.6,0.2,0.38,10.73,30.77,3.435960079766602
2011-06-25,32.84,14.13,23.44,0.12,0.38,8.67,29.79,3.862463431993958
2011-06-26,36.62,14.65,25.83,0.03,0.37,6.7,31.18,5.164692602338301
2011-06-27,28.98,14.56,21.16,0.15,0.37,7.03,30.01,2.9971261036555203
2011-06-28,35.64,12.4,24.12,0.4,0.37,8.23,30.18,4.734960320447154
2011-06-29,38.77,17.87,28.62,0.01,0.36,7.62,29.8,5.860287479199507
2011-06-30,37.66,19.63,27.92,0.57,0.36,8.26,28.31,5.412014237038981
2011-07-01,32.86,16.67,24.88,0.0,0.36,7.3,30.32,3.968096522959625
2011-07-02,29.54,16.8,22.64,9.66,0.36,14.77,27.6,2.452132090476903
2011-07-03,35.29,16.01,25.57,0.13,0.37,10.15,30.6,4.473072849632213
2011-07-04,37.16,17.7,27.83,0.0,0.36,7.28,31.22,5.30842114155038
2011-07-05,36.6,18.29,27.03,1.46,0.36,10.52,30.06,4.867975750273189
2011-07-06,31.94,18.78,23.96,5.72,0.37,15.67,22.17,2.958365260294939
2011-07-07,29.6,17.88,23.21,2.54,0.37,14.08,28.97,2.5397586658288027
2011-07-08,32.78,16.64,24.2,13.04,0.38,14.56,28.16,3.310772655026911
2011-07-09,33.24,16.63,24.68,9.12,0.39,15.63,27.08,3.3225032822848135
2011-07-10,34.69,18.03,25.09,2.42,0.4,14.57,26.99,3.8683503794506233
2011-07-11,31.79,18.62,24.69,6.23,0.4,15.19,18.66,2.9723221825253434
2011-07-12,29.57,16.69,23.06,1.56,0.4,15.28,24.99,2.4031984170748126
2011-07-13,30.97,17.06,23.54,5.26,0.4,15.66,18.29,2.705752098050092
2011-07-14,34.89,17.7,26.46,1.09,0.39,14.44,28.77,3.943760296497262
2011-07-15,34.19,18.99,26.66,0.07,0.39,15.06,24.97,3.6638466189250587
2011-07-16,37.83,19.22,28.69,0.01,0.38,12.24,28.83,5.139187294724972
2011-07-17,37.71,22.55,30.01,0.01,0.37,11.67,29.93,5.149242640854817
2011-07-18,37.21,21.12,29.63,0.0,0.37,11.68,29.61,4.9737024352380885
2011-07-19,38.93,21.96,30.25,0.18,0.36,11.34,29.31,5.622561595750676
2011-07-20,36.28,20.58,28.29,0.21,0.36,12.97,28.89,4.538043371475926
2011-07-21,35.14,18.58,26.57,2.02,0.36,14.21,19.66,4.045814249189072
2011-07-22,36.54,19.04,28.09,0.02,0.36,12.88,28.01,4.633240113510027
2011-07-23,36.92,20.71,27.98,7.33,0.36,13.66,28.41,4.683851834327863
2011-07-24,35.26,19.11,26.62,0.25,0.37,14.45,26.85,4.058096194583769
2011-07-25,35.78,18.18,27.35,0.0,0.36,12.79,29.22,4.392339668341809
2011-07-26,36.59,19.89,28.09,2.99,0.36,13.49,27.96,4.589576191117391
2011-07-27,33.84,18.99,26.88,0.37,0.36,12.47,22.16,3.8254279548221617
2011-07-28,31.43,18.59,24.23,14.8,0.37,15.84,22.65,2.8039619834809835
2011-07-29,30.16,18.52,23.94,0.75,0.38,16.22,28.21,2.438165034039765
2011-07-30,35.56,17.8,27.06,0.02,0.38,13.82,27.8,4.219037920329518
2011-07-31,37.04,19.68,28.73,0.0,0.37,12.47,27.72,4.841871181206777
2011-08-01,37.86,20.67,29.64,0.83,0.37,12.79,27.81,5.0974512417761435
2011-08-02,27.91,20.44,23.1,11.71,0.38,17.82,19.37,1.719422589762663
2011-08-03,26.32,18.81,22.0,0.85,0.39,16.25,17.55,1.5780270439262842
2011-08-04,31.38,17.65,24.44,5.89,0.39,14.74,24.21,2.9136933475925844
2011-08-05,32.28,16.43,24.51,0.34,0.39,13.35,27.98,3.2981182307496573
2011-08-06,34.35,18.09,26.09,0.02,0.38,10.96,27.8,4.114572433801429
2011-08-07,35.2,18.11,26.36,0.99,0.38,10.09,27.9,4.449745749799367
2011-08-08,33.01,16.34,24.61,0.0,0.37,8.66,28.1,3.9110142683031937
2011-08-09,34.4,16.5,24.92,1.49,0.37,10.99,27.8,4.127037327097305
2011-08-10,29.48,15.57,21.88,1.33,0.37,13.2,25.1,2.6006617904678424
2011-08-11,33.73,16.47,24.58,0.76,0.37,12.4,21.41,3.7998248416836793
2011-08-12,31.21,16.67,23.57,0.0,0.37,9.51,26.58,3.358363621252251
2011-08-13,32.26,14.66,23.51,0.0,0.36,11.95,25.97,3.4271351243341073
2011-08-14,35.76,17.68,26.02,0.44,0.36,11.68,21.76,4.489969509889855
2011-08-15,34.53,17.85,26.1,0.1,0.36,10.32,26.23,4.223710588084362
2011-08-16,31.83,17.92,24.53,2.68,0.36,11.05,26.92,3.392205219313759
2011-08-17,32.66,16.81,24.64,1.64,0.36,14.12,24.1,3.3239112512734263
2011-08-18,36.62,18.73,27.03,0.0,0.36,5.7,25.56,5.23023472292248
2011-08-19,31.78,19.27,24.62,1.04,0.36,8.01,20.97,3.622482661717136
2011-08-20,29.67,18.61,23.83,0.31,0.36,15.02,24.8,2.4558666702344896
2011-08-21,34.05,19.1,25.83,0.15,0.35,13.46,25.34,3.790647667383386
2011-08-22,36.45,18.75,27.52,0.0,0.35,11.91,25.82,4.69499841757443
2011-08-23,37.55,20.91,28.84,0.06,0.35,6.78,25.34,5.478423152206515
2011-08-24,36.95,17.82,27.72,0.02,0.35,5.72,25.96,5.340609982131637
2011-08-25,36.5,20.45,27.83,0.08,0.35,9.85,24.78,4.890256080012181
2011-08-26,32.04,22.0,26.41,0.18,0.34,10.1,20.7,3.5293179277056086
2011-08-27,34.01,20.0,26.11,0.23,0.34,11.61,24.25,3.955322893650158
2011-08-28,36.96,19.28,27.71,0.73,0.34,10.34,21.52,5.0049351698270215
2011-08-29,27.65,17.94,22.66,8.28,0.35,15.5,17.72,1.942556034480087
2011-08-30,33.92,17.32,25.2,0.23,0.36,8.81,25.54,4.162204891773903
2011-08-31,36.72,19.81,27.67,0.0,0.35,9.9,24.57,4.95998975424183
2011-09-01,36.32,19.7,28.14,0.0,0.35,9.29,24.37,4.875356185705117
2011-09-02,28.97,16.84,22.38,1.22,0.35,12.65,13.05,2.534915863939424
2011-09-03,23.04,11.82,17.29,0.06,0.35,4.19,21.43,1.992040649654435
2011-09-04,23.7,7.81,15.74,0.0,0.35,2.24,24.88,2.2127536843374673
2011-09-05,29.52,9.33,19.02,0.0,0.35,2.7,23.62,3.3858519386454446
2011-09-06,27.54,13.99,19.6,2.15,0.35,4.58,17.75,2.832796993393987
2011-09-07,20.04,12.14,15.22,3.04,0.36,7.89,8.06,1.2793191109942406
2011-09-08,25.7,10.77,17.71,0.0,0.36,6.26,22.19,2.350210583331297
2011-09-09,25.05,9.64,17.36,0.0,0.35,4.38,22.27,2.341953508934939
2011-09-10,25.93,10.26,17.76,0.0,0.35,5.1,23.79,2.4691365234638036
2011-09-11,29.4,11.87,20.31,0.0,0.35,3.7,23.78,3.3029601883215696
2011-09-12,30.33,14.15,22.17,0.0,0.35,6.67,20.01,3.3446603073507672
2011-09-13,26.48,14.06,18.18,1.41,0.35,10.5,12.26,2.1882899284260984
2011-09-14,20.08,5.62,13.35,11.14,0.36,8.86,6.88,1.2126386314638031
2011-09-15,15.72,5.1,9.22,4.67,0.38,5.97,3.56,0.8528521846551531
2011-09-16,24.17,8.44,15.49,0.41,0.38,8.19,12.88,1.9277702832767971
2011-09-17,24.43,9.39,16.27,4.43,0.38,9.39,15.22,1.8831425833453217
2011-09-18,23.34,8.16,15.72,0.0,0.38,5.0,22.33,1.9954228973338957
2011-09-19,27.75,10.75,19.07,0.0,0.38,5.19,21.01,2.84130719906127
2011-09-20,20.39,7.97,13.97,0.07,0.38,1.59,20.74,1.710128854655538
2011-09-21,19.56,7.41,12.56,0.89,0.37,1.47,18.43,1.5960256581856345
2011-09-22,23.85,6.46,15.61,0.0,0.37,0.46,22.22,2.325604358728356
2011-09-23,27.97,8.77,18.59,0.0,0.37,1.04,20.73,3.1147253886236297
2011-09-24,28.77,13.41,20.14,0.0,0.37,4.6,17.21,3.1044905878427356
2011-09-25,28.67,12.38,19.81,0.0,0.37,6.23,20.65,2.9798138519832986
2011-09-26,30.5,14.02,20.46,0.0,0.36,4.01,20.09,3.552445639273084
2011-09-27,28.91,13.23,20.13,0.0,0.36,5.15,18.85,3.1034040694363263
2011-09-28,30.76,13.97,21.03,0.0,0.36,3.73,20.6,3.633636213560399
2011-09-29,19.76,8.64,14.48,0.0,0.36,1.65,20.2,1.6156061855228419
2011-09-30,24.84,6.03,14.51,0.0,0.36,-0.37,19.39,2.5431653825499327
2011-10-01,30.06,9.69,18.74,0.0,0.35,1.45,19.82,3.5793446749275137
2011-10-02,30.09,13.45,20.38,0.0,0.35,2.51,19.52,3.533202573872622
2011-10-03,30.16,12.71,20.36,0.05,0.35,3.65,19.44,3.4887172193285596
2011-10-04,27.41,14.67,20.87,0.0,0.35,3.59,18.63,2.8619140483218306
2011-10-05,24.95,13.41,18.53,0.0,0.35,5.02,16.89,2.284825940050147
2011-10-06,27.29,11.57,18.33,0.11,0.35,1.19,16.81,2.960681829473941
2011-10-07,21.63,5.18,13.46,2.66,0.35,-3.17,18.13,2.101441583243225
2011-10-08,11.33,2.86,6.5,4.37,0.36,1.77,9.86,0.6476778768038381
2011-10-09,13.22,4.25,7.57,0.14,0.36,1.91,10.24,0.8183525986855601
2011-10-10,19.11,2.0,10.07,0.0,0.36,-0.51,18.54,1.624020514349025
2011-10-11,20.25,6.67,13.27,0.0,0.36,0.56,14.27,1.7385671732747463
2011-10-12,18.08,6.23,11.68,0.0,0.36,-0.77,18.18,1.4969863922146809
2011-10-13,23.25,4.11,12.2,0.0,0.36,-4.03,18.2,2.3989655558066536
2011-10-14,21.83,2.98,11.01,0.0,0.36,-0.79,17.55,2.040096603703495
2011-10-15,27.59,7.49,16.92,0.0,0.35,-0.6,16.53,3.1059879815930986
2011-10-16,16.21,4.97,9.84,0.0,0.35,1.64,15.25,1.155152881507779
2011-10-17,7.48,-0.22,4.25,5.36,0.36,-0.35,2.66,0.43994696408645595
2011-10-18,12.57,-0.41,5.2,0.0,0.36,-5.58,15.16,1.0531752955281066
2011-10-19,14.46,-1.37,5.7,0.0,0.36,-5.71,16.92,1.2479527379528572
2011-10-20,19.46,1.59,9.64,0.0,0.36,-4.22,15.98,1.8144607914456965
2011-10-21,21.95,4.43,12.48,0.0,0.36,-2.87,13.61,2.141485615539197
2011-10-22,20.19,7.67,12.85,0.0,0.36,1.25,14.37,1.6972725653581553
2011-10-23,21.67,6.77,12.92,0.0,0.36,0.23,15.93,1.9701159478519492
2011-10-24,27.5,6.86,15.7,0.0,0.36,-0.91,15.89,3.099757061543476
2011-10-25,14.19,2.26,9.35,3.4,0.36,-0.17,13.94,1.0151380745770875
2011-10-26,2.64,-5.03,-0.17,7.98,0.37,-3.52,3.77,0.26767958488198246
2011-10-27,8.44,-6.81,0.35,0.0,0.37,-8.6,15.7,0.7862929955644051
2011-10-28,10.6,-3.03,2.75,0.0,0.38,-7.74,15.41,0.9370112068715193
2011-10-29,18.19,-0.66,7.6,0.0,0.38,-5.96,13.58,1.697331642631748
2011-10-30,15.56,-1.09,6.78,0.0,0.37,-3.13,14.58,1.2829149070490602
2011-10-31,20.97,3.77,11.22,0.0,0.37,-2.85,13.84,1.9872896627942134
2011-11-01,9.06,0.71,5.46,0.88,0.37,1.1,14.0,0.4912586440747123
2011-11-02,2.28,-7.21,-2.05,6.04,0.37,-6.09,5.59,0.33234229267047555
2011-11-03,8.09,-7.72,-0.98,0.0,0.38,-8.17,14.7,0.749399543322646
2011-11-04,18.65,-4.46,6.85,0.0,0.38,-4.96,11.82,1.7274106000509268
2011-11-05,17.93,2.0,8.0,1.1,0.38,-0.53,11.47,1.4672841749728494
2011-11-06,11.0,-3.13,2.66,0.0,0.38,-7.59,13.97,0.9675085727872188
2011-11-07,8.32,-2.99,1.84,0.4,0.38,-4.14,5.24,0.6468806327829535
2011-11-08,4.89,-4.16,0.31,0.96,0.38,-3.28,5.26,0.38614939004776694
2011-11-09,7.05,-5.56,-0.24,0.0,0.38,-9.38,13.44,0.7052301572493598
2011-11-10,14.66,-2.63,4.12,0.0,0.38,-10.93,13.56,1.4030609124421964
2011-11-11,17.41,-0.58,6.6,0.0,0.37,-11.03,12.99,1.725454763476997
2011-11-12,18.3,2.71,9.61,0.0,0.37,-5.46,12.62,1.6965561689204074
2011-11-13,15.66,-0.24,6.27,0.0,0.37,-5.19,8.72,1.3640348715543256
2011-11-14,14.22,-1.33,5.28,0.0,0.37,-8.49,7.8,1.2997596429843323
2011-11-15,12.13,-0.63,4.36,0.01,0.37,-7.05,12.08,1.0546763756141697
2011-11-16,1.05,-6.53,-2.58,0.02,0.37,-8.97,11.04,0.3491628507433625
2011-11-17,14.18,-5.33,3.1,0.0,0.37,-9.27,12.56,1.3146867678525116
2011-11-18,17.84,1.34,8.38,0.0,0.37,-6.18,10.41,1.6584172049331105
2011-11-19,4.06,-4.69,0.39,0.0,0.37,-5.57,9.44,0.41341126757200036
2011-11-20,5.39,-5.49,-1.79,0.0,0.37,-6.1,9.21,0.5090777125563153
2011-11-21,9.79,-3.1,2.76,0.0,0.37,-3.36,8.21,0.7341657368844905
2011-11-22,13.99,-1.21,5.38,0.0,0.37,-4.56,10.71,1.1621072881073011
2011-11-23,17.25,0.84,7.3,0.0,0.37,-5.17,11.71,1.552872693874093
2011-11-24,18.99,1.82,8.34,0.0,0.36,-7.11,11.44,1.8377330807742502
2011-11-25,11.34,1.42,7.17,0.1,0.36,-3.99,2.78,0.8880759300493994
2011-11-26,2.84,-5.3,-1.18,0.0,0.36,-11.77,11.59,0.5011919485674821
2011-11-27,11.93,-4.54,3.08,0.0,0.36,-9.85,11.58,1.1069746044405384
2011-11-28,15.24,1.29,5.79,0.0,0.36,-6.04,10.95,1.3428224399315147
2011-11-29,11.73,-2.26,3.31,0.0,0.36,-5.4,10.63,0.9692342973082615
2011-11-30,16.67,-0.26,5.87,0.0,0.36,-6.2,7.91,1.5132665353171928
2011-12-01,-0.46,-7.25,-3.52,0.81,0.36,-7.05,3.26,0.2306962314587303
2011-12-02,7.6,-7.04,-1.68,0.0,0.36,-7.03,10.39,0.6833787277987793
2011-12-03,-2.54,-5.89,-4.18,3.33,0.36,-8.19,2.66,0.17725030635715422
2011-12-04,-1.1,-8.23,-4.15,0.03,0.36,-10.86,3.86,0.29679686370620034
2011-12-05,-9.1,-15.56,-12.61,0.01,0.36,-18.15,5.05,0.1606411523138057
2011-12-06,-1.57,-15.65,-8.61,0.0,0.36,-16.83,9.72,0.38099744779502065
2011-12-07,6.09,-5.74,-1.44,0.0,0.36,-8.85,9.99,0.6280964921296552
2011-12-08,1.68,-5.98,-3.03,0.0,0.37,-6.77,6.43,0.3218218532651715
2011-12-09,2.22,-7.81,-3.66,0.0,0.37,-8.48,9.32,0.39476546473109997
2011-12-10,7.04,-6.29,-1.47,0.0,0.37,-7.35,9.85,0.6529198752256428
2011-12-11,7.5,-4.49,0.79,0.0,0.37,-8.12,10.13,0.7055270799514215
2011-12-12,4.39,-4.02,-0.8,0.0,0.37,-6.63,8.03,0.46404493386084666
2011-12-13,7.14,-3.74,-0.06,0.0,0.37,-2.24,4.65,0.4934163693385346
2011-12-14,7.62,-2.91,0.11,0.01,0.37,-5.22,8.42,0.6311273416483202
2011-12-15,4.17,-4.08,-1.28,0.01,0.37,-7.57,9.92,0.47730139227934265
2011-12-16,4.02,-6.57,-1.92,0.0,0.37,-7.67,9.96,0.4713400045974974
2011-12-17,6.08,-4.88,-0.96,0.0,0.37,-8.41,10.34,0.6164688700496286
2011-12-18,11.49,-3.34,3.7,0.0,0.37,-8.52,10.35,1.0350311265976488
2011-12-19,0.17,-5.5,-2.86,1.54,0.37,-6.97,1.56,0.25621038057856
2011-12-20,3.58,-5.66,-2.3,0.63,0.37,-7.45,7.79,0.4405539141626549
2011-12-21,4.88,-4.13,-0.81,1.73,0.37,-6.46,9.6,0.48832197672832345
2011-12-22,-2.68,-11.09,-5.45,2.71,0.37,-9.93,4.32,0.2141462727850051
2011-12-23,4.55,-11.05,-3.95,0.0,0.37,-12.73,10.22,0.6158099464777763
2011-12-24,5.1,-6.61,-1.51,0.0,0.37,-10.41,9.73,0.6018665007275932
2011-12-25,5.32,-5.89,-1.37,0.0,0.37,-7.89,10.0,0.5547440592938748
2011-12-26,7.97,-3.78,0.43,0.0,0.37,-7.82,9.14,0.7314911024220527
2011-12-27,6.86,-4.69,0.14,0.0,0.37,-7.91,9.42,0.6555477608208347
2011-12-28,10.99,-1.19,2.92,0.0,0.37,-6.0,9.39,0.9215947805854585
2011-12-29,15.09,-0.39,6.83,0.0,0.37,-3.18,9.44,1.2321664453704004
2011-12-30,14.36,-1.85,4.63,0.0,0.37,-4.42,9.81,1.1962416753219405
2011-12-31,7.02,-4.07,2.36,0.03,0.37,-9.42,5.97,0.7041075606220681
2012-01-01,4.32,-5.08,-1.88,0.0,0.37,-12.81,10.12,0.6037722124078502
2012-01-02,9.34,-4.76,0.59,0.0,0.37,-9.06,10.5,0.866964094073033
2012-01-03,13.0,-1.47,4.06,0.0,0.37,-6.67,5.18,1.127102576049567
2012-01-04,13.02,-2.35,3.69,0.0,0.37,-7.15,10.29,1.1425487057406611
2012-01-05,17.81,0.54,7.8,0.0,0.37,-6.5,10.69,1.6639085541714214
2012-01-06,5.39,-3.6,0.9,0.0,0.37,-6.32,9.99,0.5155610854101704
2012-01-07,3.9,-4.09,-1.28,0.1,0.37,-7.76,9.14,0.46688038597294246
2012-01-08,3.92,-4.53,-1.54,0.06,0.37,-7.41,10.2,0.458631642470223
2012-01-09,7.65,-3.14,1.01,0.0,0.37,-6.47,9.68,0.6710439195855046
2012-01-10,13.11,-0.71,3.48,0.0,0.37,-4.13,10.93,1.0587491934636404
2012-01-11,0.47,-9.39,-4.58,0.24,0.37,-11.94,6.03,0.3873750375864816
2012-01-12,2.65,-9.73,-4.36,0.0,0.37,-16.87,10.86,0.5762613354056315
2012-01-13,7.2,-6.74,-0.5,0.0,0.37,-12.36,10.02,0.7792315192371112
2012-01-14,11.96,-2.4,2.8,0.0,0.37,-9.84,11.38,1.1095111891476468
2012-01-15,15.52,1.14,5.34,0.0,0.37,-9.0,10.11,1.454093070464045
2012-01-16,4.83,-7.84,-2.22,0.79,0.37,-9.23,10.77,0.5583706124332495
2012-01-17,0.02,-8.1,-5.07,0.01,0.36,-15.12,10.07,0.4231146801289828
2012-01-18,8.13,-6.86,-0.1,0.0,0.36,-11.85,7.43,0.8358855924506295
2012-01-19,12.5,-0.82,3.47,0.0,0.36,-5.53,11.11,1.0449576485118117
2012-01-20,12.5,-3.73,3.06,0.0,0.36,-3.98,5.66,0.9945364206550609
2012-01-21,15.44,-2.72,5.01,0.17,0.36,-2.96,7.9,1.2631681535335997
2012-01-22,5.95,-4.6,1.17,0.08,0.36,-7.98,8.4,0.5969884551159239
2012-01-23,9.42,-4.74,0.75,0.0,0.36,-10.93,11.82,0.9157317010470305
2012-01-24,4.85,-4.86,-0.12,0.01,0.36,-5.82,8.34,0.46755842595711494
2012-01-25,13.59,-4.98,3.04,0.0,0.36,-7.05,12.23,1.1966088097428509
2012-01-26,11.93,-2.74,4.2,0.0,0.36,-5.71,12.68,0.9971009915629943
2012-01-27,4.5,-7.1,-0.53,0.0,0.36,-7.69,9.27,0.49979602204531365
2012-01-28,5.4,-6.84,-1.23,0.0,0.36,-14.25,11.85,0.6943274207164549
2012-01-29,13.66,-1.77,4.01,0.0,0.36,-9.05,11.76,1.2556965642721951
2012-01-30,16.79,1.27,7.49,0.0,0.36,-7.13,10.87,1.554355728176963
2012-01-31,10.49,-1.33,3.58,0.0,0.36,-8.32,11.13,0.9427504362742054
2012-02-01,9.95,-2.9,3.04,0.0,0.36,-8.65,13.43,0.9060510786230876
2012-02-02,10.5,-0.85,2.5,7.24,0.36,-5.06,9.48,0.8504556687071658
2012-02-03,-0.5,-4.52,-2.23,10.66,0.36,-3.62,2.52,0.12150482552348058
2012-02-04,-0.29,-8.15,-4.23,0.25,0.36,-6.63,5.9,0.22621623883168218
2012-02-05,2.3,-10.6,-5.22,0.0,0.37,-8.73,13.83,0.4051198834257982
2012-02-06,5.36,-8.36,-2.63,0.14,0.38,-7.91,9.15,0.5577559949593616
2012-02-07,-2.04,-9.23,-5.78,0.05,0.38,-9.85,5.77,0.2367220304498136
2012-02-08,3.47,-9.36,-3.63,0.01,0.38,-9.2,8.04,0.4790567535829086
2012-02-09,4.56,-3.66,0.11,0.0,0.38,-6.15,9.08,0.46009305550428065
2012-02-10,5.03,-9.01,-2.89,0.76,0.38,-8.8,11.44,0.560053416960796
2012-02-11,-4.74,-11.69,-8.79,0.35,0.38,-13.4,9.17,0.2122847983550215
2012-02-12,2.5,-10.38,-4.66,0.36,0.38,-7.94,6.58,0.39535963050341466
2012-02-13,5.17,-6.08,-1.26,0.35,0.38,-5.36,11.26,0.4729165505200246
2012-02-14,9.44,-3.62,1.45,0.0,0.38,-5.58,14.74,0.7796525061610176
2012-02-15,3.34,-4.06,-1.07,0.0,0.38,-5.79,11.88,0.379677670128807
2012-02-16,7.56,-4.33,0.71,0.0,0.38,-7.28,13.62,0.6874354260875382
2012-02-17,7.96,-3.59,1.67,0.02,0.38,-8.71,14.26,0.7535380892109373
2012-02-18,6.35,-4.26,-0.5,0.0,0.38,-7.92,15.45,0.6215535327917172
2012-02-19,10.2,-4.18,1.34,0.01,0.38,-6.25,13.39,0.861680356565758
2012-02-20,3.95,-4.56,-1.41,1.87,0.38,-8.88,7.73,0.4982842607170247
2012-02-21,9.51,-3.14,2.38,0.01,0.38,-8.94,14.42,0.8775683184293761
2012-02-22,16.49,1.98,8.33,0.02,0.38,-3.53,15.81,1.4053918931505534
2012-02-23,5.27,-5.61,-0.08,1.14,0.38,-9.26,13.53,0.5859629467614886
2012-02-24,4.71,-5.58,-1.4,0.0,0.38,-12.81,16.43,0.6268203559853425
2012-02-25,17.48,-4.85,4.4,0.0,0.38,-9.76,17.9,1.7062670784455012
2012-02-26,6.43,-5.21,0.58,0.0,0.37,-14.18,18.6,0.7595017969452321
2012-02-27,8.12,-5.21,0.65,0.0,0.37,-9.89,17.52,0.7933544555782815
2012-02-28,14.26,0.11,5.1,0.01,0.37,-2.32,14.12,1.1107299216425164
2012-02-29,12.64,-2.1,4.12,0.0,0.37,-10.71,18.78,1.1928451751188387
2012-03-01,8.84,-2.56,1.96,0.19,0.37,-7.05,17.55,0.7757542398279834
2012-03-02,3.35,-5.7,-2.16,0.02,0.37,-11.44,17.45,0.5221113605849155
2012-03-03,5.93,-5.34,0.35,0.0,0.37,-11.83,14.24,0.6837710613711663
2012-03-04,15.78,0.24,6.94,0.0,0.37,-6.35,18.56,1.4129848090076145
2012-03-05,21.06,-1.47,8.92,0.0,0.37,-6.73,19.7,2.1272276539983754
2012-03-06,21.64,2.85,12.21,0.0,0.36,-8.93,13.07,2.2755739075390093
2012-03-07,6.8,-1.26,2.65,0.01,0.36,-5.29,14.59,0.5761918881960493
2012-03-08,7.34,-4.35,0.92,0.0,0.36,-12.37,20.93,0.789212513163314
2012-03-09,14.8,-3.27,4.96,0.0,0.36,-12.59,21.09,1.451411136414749
2012-03-10,16.2,0.36,7.18,0.13,0.36,-2.55,19.86,1.3353234854887956
2012-03-11,12.73,0.08,6.25,0.28,0.36,-3.34,7.2,0.9941843073022573
2012-03-12,20.1,3.19,11.11,0.0,0.36,-7.07,18.22,1.993395434180067
2012-03-13,22.86,4.2,12.72,0.0,0.36,-7.18,19.07,2.4293810357347745
2012-03-14,22.93,4.44,13.1,0.0,0.36,-8.29,20.06,2.470679934220297
2012-03-15,21.54,4.28,12.73,0.0,0.36,-3.53,19.26,2.100112857340051
2012-03-16,25.04,4.53,14.88,0.0,0.35,-3.79,21.07,2.7138397937727725
2012-03-17,25.92,5.65,15.68,0.0,0.35,-7.23,19.01,2.9905978858979214
2012-03-18,22.54,8.21,15.31,0.0,0.35,-4.72,16.9,2.301996860224544
2012-03-19,11.95,1.04,6.58,0.0,0.35,-12.13,18.2,1.1570353370820812
2012-03-20,10.95,-0.81,4.64,0.0,0.35,-7.32,15.91,0.9558453824580004
2012-03-21,15.06,-0.12,7.01,0.04,0.35,-7.65,16.13,1.3683446320674653
2012-03-22,13.37,3.56,6.63,6.96,0.36,1.73,10.11,0.8422866607221628
2012-03-23,22.77,2.84,12.41,0.0,0.36,1.7,22.2,2.079956644671693
2012-03-24,25.21,5.11,14.21,0.0,0.36,-0.59,23.41,2.6225536648369596
2012-03-25,26.47,5.16,14.76,0.0,0.36,1.68,14.78,2.766326600024434
2012-03-26,27.41,9.12,18.19,0.0,0.36,-4.2,18.31,3.2045379784307593
2012-03-27,20.51,3.2,11.76,0.0,0.35,-5.17,20.48,1.9973588272898537
2012-03-28,23.95,4.36,13.73,0.0,0.35,-1.76,22.82,2.4381208670218584
2012-03-29,20.42,7.34,13.4,0.0,0.35,-0.77,19.39,1.8223623763455588
2012-03-30,24.0,6.49,15.41,0.0,0.35,-1.29,24.19,2.4281366632852546
2012-03-31,26.26,9.38,17.68,0.0,0.35,-0.78,23.91,2.8364660358726783
2012-04-01,30.41,11.01,20.37,0.0,0.35,-5.21,25.04,3.929367150102983
2012-04-02,14.42,1.48,8.67,1.47,0.35,-1.82,21.03,1.1082216205994553
2012-04-03,6.72,0.36,2.82,14.19,0.36,-0.28,5.26,0.3842935386716151
2012-04-04,11.21,0.84,4.52,5.81,0.38,2.23,10.36,0.6138100295866116
2012-04-05,19.2,1.72,9.84,0.0,0.38,3.83,20.9,1.4213797460266915
2012-04-06,24.59,5.86,13.37,0.0,0.38,-2.15,20.44,2.569650871121783
2012-04-07,16.14,-0.24,7.95,0.0,0.38,-9.75,26.99,1.5431832000361385
2012-04-08,21.49,1.16,10.98,0.0,0.37,-7.74,26.01,2.2216463402470117
2012-04-09,21.94,2.73,11.69,0.0,0.37,-0.38,24.67,2.040164280472407
2012-04-10,21.62,5.89,12.55,0.07,0.37,7.08,16.85,1.5759341616265798
2012-04-11,20.82,7.98,12.27,1.71,0.37,8.63,9.65,1.3399629352899491
2012-04-12,22.67,6.39,15.13,2.11,0.37,2.33,22.42,2.0313668470553954
2012-04-13,18.9,4.29,12.11,0.55,0.37,-4.22,23.04,1.7369313405352345
2012-04-14,22.41,5.63,13.22,0.81,0.37,-1.75,21.65,2.1734790173570517
2012-04-15,9.73,1.35,5.61,2.26,0.37,-1.14,15.25,0.6439767103209257
2012-04-16,15.55,-0.08,8.05,0.14,0.37,-3.18,21.62,1.2835910835189916
2012-04-17,22.63,3.43,13.69,0.0,0.37,-3.11,25.09,2.261555243925294
2012-04-18,22.62,4.13,13.69,0.06,0.37,0.13,23.35,2.1289066815190227
2012-04-19,18.59,5.96,12.38,0.65,0.36,1.94,20.67,1.4391948617290098
2012-04-20,19.08,3.69,11.55,0.0,0.36,0.11,26.47,1.592677282084615
2012-04-21,22.64,8.55,15.14,0.0,0.36,1.94,26.79,2.0462251901515547
2012-04-22,23.39,3.89,13.52,0.0,0.36,0.3,27.96,2.2521301590820144
2012-04-23,28.26,7.57,18.1,0.0,0.36,0.88,28.02,3.186488391889704
2012-04-24,32.29,13.54,22.51,0.0,0.35,0.55,25.61,4.197565716981167
2012-04-25,28.87,12.27,19.88,0.24,0.35,3.78,22.68,3.1749288486159153
2012-04-26,26.06,12.95,19.0,15.36,0.36,9.67,22.29,2.172309983068127
2012-04-27,19.85,5.12,13.63,7.57,0.39,4.52,16.6,1.4731459687563526
2012-04-28,17.09,2.41,10.02,0.0,0.39,-5.34,24.09,1.5383837713288648
2012-04-29,20.54,3.52,12.41,3.23,0.38,2.29,23.98,1.6971747780093944
2012-04-30,23.92,8.08,15.3,1.15,0.39,1.5,26.59,2.288832379600026
2012-05-01,26.93,9.03,18.01,0.0,0.38,-0.83,19.35,2.9758495519931336
2012-05-02,26.8,8.13,18.03,0.0,0.38,6.46,26.08,2.5584088345731137
2012-05-03,27.07,9.88,19.22,0.0,0.37,7.45,25.42,2.54676800104014
2012-05-04,32.17,11.66,22.19,0.0,0.37,0.98,29.5,4.144881363830988
2012-05-05,30.76,13.06,21.25,0.04,0.36,2.56,29.76,3.6971443713712677
2012-05-06,19.48,6.53,12.97,0.88,0.36,0.02,25.72,1.6523745495710092
2012-05-07,15.05,3.88,9.42,4.18,0.37,1.74,14.52,1.0182246573725333
2012-05-08,19.75,4.53,12.34,0.0,0.37,0.85,27.88,1.6527045183663827
2012-05-09,26.93,6.09,17.12,0.0,0.36,-1.2,30.52,2.991252680170836
2012-05-10,29.98,10.43,20.59,0.0,0.36,-1.14,30.32,3.6762554638870206
2012-05-11,16.25,6.14,10.67,0.3,0.36,0.26,17.92,1.2250709357886342
2012-05-12,16.89,2.98,9.03,0.79,0.36,1.73,10.5,1.2321404666139857
2012-05-13,18.32,6.09,11.92,0.82,0.36,4.87,24.06,1.241458522583894
2012-05-14,25.7,6.63,16.31,0.0,0.36,-1.61,31.17,2.7594553006602354
2012-05-15,28.76,8.54,19.03,0.0,0.36,-3.76,31.21,3.4879202033934003
2012-05-16,30.15,10.21,20.44,0.0,0.35,-2.58,29.05,3.774514650167481
2012-05-17,28.67,12.02,20.2,0.0,0.35,2.39,22.47,3.204337410664851
2012-05-18,32.51,13.53,22.92,0.03,0.35,-1.23,24.26,4.335293998226327
2012-05-19,15.96,7.63,13.04,6.26,0.36,6.58,10.54,0.8403169384583421
2012-05-20,23.83,5.44,15.56,0.47,0.36,3.98,30.7,2.141488502718648
2012-05-21,29.08,9.91,19.84,0.01,0.36,6.49,29.05,3.0569237968479617
2012-05-22,35.29,13.66,25.03,0.0,0.35,1.78,26.83,5.0188246415507765
2012-05-23,26.31,8.46,18.18,2.48,0.35,5.66,27.72,2.5102081887773515
2012-05-24,22.69,5.91,14.12,5.85,0.36,0.9,26.32,2.1052046022053124
2012-05-25,26.43,5.6,16.38,0.11,0.36,4.61,22.31,2.598989785527178
2012-05-26,34.4,10.73,24.1,0.01,0.36,0.87,31.57,4.788305596841269
2012-05-27,26.96,11.35,19.6,0.01,0.35,-6.78,32.65,3.1894433549832693
2012-05-28,26.61,8.24,18.02,0.0,0.35,-5.17,32.6,3.068802772552984
2012-05-29,26.59,8.07,17.8,0.0,0.35,-1.7,32.24,2.941236770772263
2012-05-30,29.95,11.42,20.0,0.0,0.35,1.72,29.22,3.539285573228615
2012-05-31,23.99,8.89,16.58,0.0,0.35,3.14,27.71,2.216798355854838
2012-06-01,27.77,9.16,19.1,0.0,0.34,5.43,30.54,2.830760579202714
2012-06-02,32.71,11.97,21.82,2.4,0.35,7.54,28.25,3.9092805858095065
2012-06-03,33.39,16.35,24.56,0.0,0.35,6.22,27.48,4.191788312659027
2012-06-04,32.23,16.1,24.26,2.82,0.35,9.89,22.35,3.597983009800723
2012-06-05,27.54,17.52,22.49,0.03,0.35,12.2,27.65,2.2586935583354357
2012-06-06,27.61,15.73,21.3,0.67,0.35,13.29,25.99,2.1685179100813734
2012-06-07,29.57,16.01,21.84,3.08,0.35,13.09,20.56,2.6329188442820675
2012-06-08,33.44,14.47,23.59,0.11,0.35,9.1,23.95,3.9997919240090694
2012-06-09,37.85,14.36,27.21,0.0,0.35,-0.35,31.99,5.9757973659123165
2012-06-10,25.64,13.33,19.27,0.09,0.34,0.24,31.4,2.6690138511962544
2012-06-11,27.43,11.25,19.66,0.1,0.34,-1.93,30.88,3.1261280028423184
2012-06-12,32.03,12.86,22.86,0.11,0.34,3.71,28.25,3.9660319866252993
2012-06-13,35.5,16.93,26.22,0.14,0.34,7.82,31.1,4.720252020247787
2012-06-14,32.14,15.92,23.9,1.19,0.34,8.96,28.82,3.6475592799148604
2012-06-15,31.39,17.3,23.23,6.61,0.35,12.01,24.24,3.189820258720556
2012-06-16,28.62,15.47,21.93,2.15,0.35,12.41,27.94,2.4776132646415996
2012-06-17,36.76,17.05,27.04,0.0,0.35,3.58,31.38,5.403720951193855
2012-06-18,39.6,17.95,29.5,0.63,0.35,2.25,30.19,6.501454093535753
2012-06-19,36.41,17.37,27.55,0.0,0.34,3.0,31.82,5.318186582305685
2012-06-20,25.12,14.54,19.22,0.0,0.34,7.68,27.59,2.14087964061169
2012-06-21,29.88,13.18,21.54,0.0,0.34,4.83,31.18,3.351934135032974
2012-06-22,37.46,13.83,26.83,0.01,0.34,8.6,26.06,5.3163437930124235
2012-06-23,39.46,18.76,29.81,0.0,0.34,0.57,31.6,6.529362306192008
2012-06-24,41.91,20.85,31.53,0.0,0.34,-1.36,31.78,7.607343857253714
2012-06-25,40.41,18.33,30.51,0.0,0.33,-3.29,32.85,7.059182243316753
2012-06-26,42.05,21.44,32.11,0.0,0.33,-0.29,31.85,7.622488095230536
2012-06-27,42.08,22.9,31.87,0.24,0.33,4.6,27.73,7.385224485337469
2012-06-28,39.08,21.41,29.85,0.78,0.33,7.34,25.76,5.99606015684931
2012-06-29,39.2,20.11,30.54,1.26,0.34,5.78,29.54,6.145919984336182
2012-06-30,38.91,22.55,30.19,0.74,0.34,5.48,23.34,6.055787232256732
2012-07-01,38.83,19.58,29.13,2.11,0.34,8.76,26.11,5.798338139238697
2012-07-02,37.35,19.5,28.61,2.56,0.34,11.19,28.32,5.0660426258335995
2012-07-03,37.76,20.9,29.56,0.7,0.34,12.11,28.63,5.12649703804679
2012-07-04,38.29,21.23,30.18,0.65,0.34,10.84,27.56,5.430530749751398
2012-07-05,37.15,21.84,29.57,0.01,0.34,11.62,28.97,4.958458763520905
2012-07-06,35.18,20.89,28.25,0.71,0.34,11.17,27.83,4.35123967547996
2012-07-07,29.24,17.83,23.15,9.49,0.35,15.44,24.82,2.3073118011172635
2012-07-08,24.36,16.98,20.27,10.06,0.37,16.06,14.92,1.223738048634526
2012-07-09,27.41,16.31,21.0,0.27,0.37,12.94,23.23,2.160100474049599
2012-07-10,28.42,15.16,22.01,0.0,0.37,10.8,29.06,2.5779937000139386
2012-07-11,32.01,15.65,24.14,0.0,0.36,9.85,29.88,3.5417888311124046
2012-07-12,35.59,17.17,26.67,0.0,0.36,9.17,29.16,4.6473358418286255
2012-07-13,35.9,18.34,27.66,0.0,0.35,8.1,30.7,4.828381527067019
2012-07-14,35.77,19.7,28.25,0.0,0.35,10.43,29.54,4.602637419564044
2012-07-15,38.61,19.87,29.68,0.0,0.35,9.67,28.11,5.645344419283724
2012-07-16,36.58,19.02,27.66,0.18,0.34,8.6,30.06,5.0152805172308845
2012-07-17,34.37,18.61,26.8,0.96,0.34,11.82,28.07,4.043824276663044
2012-07-18,37.03,19.51,28.65,0.15,0.34,9.82,27.99,5.071846097387122
2012-07-19,38.49,22.1,30.23,0.15,0.34,9.29,26.52,5.631563272770988
2012-07-20,38.84,20.85,30.38,0.13,0.34,7.01,30.34,5.929094858712157
2012-07-21,38.71,21.41,30.9,0.0,0.34,6.1,29.58,5.941754848379049
2012-07-22,39.03,20.49,29.86,0.0,0.33,5.42,29.97,6.104518327853898
2012-07-23,37.57,19.92,29.24,0.0,0.33,6.66,29.84,5.4935577096600285
2012-07-24,38.78,20.86,30.57,0.0,0.33,7.22,28.32,5.892226327589001
2012-07-25,32.82,21.82,27.63,0.16,0.33,11.27,24.51,3.6431224546718823
2012-07-26,34.68,18.43,26.67,0.04,0.33,8.97,28.07,4.3782585343857665
2012-07-27,35.87,20.5,27.74,0.01,0.33,6.51,26.39,4.930108339180738
2012-07-28,36.1,19.33,28.02,0.07,0.33,8.92,25.31,4.831801165117412
2012-07-29,35.42,18.59,27.2,10.84,0.34,14.11,24.71,4.14447335631504
2012-07-30,33.37,16.63,24.73,1.09,0.35,14.49,27.9,3.4853359517168334
2012-07-31,35.6,17.45,26.93,15.03,0.38,15.07,25.89,4.098798508990738
2012-08-01,36.09,20.98,27.41,0.95,0.37,13.42,27.12,4.430977461375022
2012-08-02,33.17,18.44,25.94,1.48,0.37,11.03,25.65,3.76297794650586
2012-08-03,36.39,18.34,27.61,0.39,0.36,8.75,26.91,4.940494192959329
2012-08-04,28.25,14.5,21.02,0.14,0.36,7.4,23.64,2.8055914874403545
2012-08-05,32.16,15.25,24.01,0.0,0.36,8.28,28.11,3.7045353871614717
2012-08-06,37.68,18.8,28.42,0.03,0.35,9.54,27.0,5.320362720337895
2012-08-07,35.14,20.66,26.97,2.15,0.35,9.48,22.51,4.48051155007931
2012-08-08,35.49,17.93,26.79,0.0,0.35,7.25,27.74,4.757570524214181
2012-08-09,34.24,15.57,24.62,0.0,0.35,7.83,27.39,4.330343368805909
2012-08-10,32.23,15.86,23.92,0.0,0.34,6.22,25.97,3.8674754152211905
2012-08-11,35.96,18.47,26.61,0.23,0.34,8.6,21.18,4.810567908961566
2012-08-12,31.42,14.98,22.89,0.0,0.34,5.33,27.87,3.7085270062911926
2012-08-13,28.73,14.69,21.0,0.9,0.34,9.26,18.88,2.775217126396715
2012-08-14,34.26,13.36,24.07,0.0,0.34,8.06,25.24,4.31958926661394
2012-08-15,35.42,16.95,25.9,0.0,0.34,4.08,18.94,4.936673665750975
2012-08-16,25.31,12.3,18.34,0.0,0.34,6.88,20.89,2.2331115190459467
2012-08-17,30.83,11.32,20.8,0.12,0.34,6.27,24.84,3.4965604909335
2012-08-18,28.23,13.84,20.58,2.16,0.34,2.93,25.53,3.0768369890100176
2012-08-19,28.09,9.81,19.07,0.0,0.34,2.44,27.51,3.0716109033278887
2012-08-20,27.86,13.74,20.25,0.0,0.34,6.78,14.05,2.762402850392595
2012-08-21,32.51,14.0,23.61,0.0,0.34,8.09,23.74,3.8141707789629735
2012-08-22,33.73,18.2,24.46,2.1,0.34,12.89,20.32,3.7527861247437375
2012-08-23,27.43,18.39,22.72,1.13,0.34,14.27,18.72,2.029446095930063
2012-08-24,30.7,18.06,23.89,1.2,0.34,13.06,16.4,2.912769514212937
2012-08-25,27.83,15.89,21.22,0.04,0.34,9.28,18.99,2.5727177091703153
2012-08-26,34.25,16.65,25.17,1.17,0.34,10.75,23.79,4.102693231579115
2012-08-27,35.86,17.65,26.32,0.05,0.34,6.19,25.48,4.948032885520488
2012-08-28,37.04,18.5,27.52,0.01,0.34,3.34,25.7,5.5122515646157915
2012-08-29,36.27,19.39,27.34,0.0,0.34,0.2,25.66,5.409827196269543
2012-08-30,35.48,17.61,25.9,0.0,0.34,0.14,24.7,5.156525937252779
2012-08-31,33.67,17.57,25.34,0.0,0.33,2.55,25.44,4.488395643331797
2012-09-01,34.73,15.99,25.42,0.0,0.33,3.03,24.6,4.779933194018884
2012-09-02,34.59,19.23,26.41,0.17,0.33,7.03,19.97,4.492586674667783
2012-09-03,33.85,18.99,25.85,0.47,0.33,6.58,13.88,4.3016659355360565
2012-09-04,34.9,18.11,26.32,0.04,0.33,3.03,21.42,4.832297432097756
2012-09-05,29.29,13.86,21.08,0.14,0.33,-0.91,23.32,3.501786654203577
2012-09-06,33.64,15.09,24.1,0.0,0.33,-0.31,23.61,4.616405001647709
2012-09-07,22.32,13.09,17.13,0.0,0.33,5.61,15.84,1.7857817399566522
2012-09-08,27.4,9.4,18.81,0.0,0.33,1.73,23.81,2.9577453625169365
2012-09-09,30.85,12.22,21.13,0.0,0.33,-2.9,24.55,3.9610753824245806
2012-09-10,34.71,13.87,24.53,0.0,0.33,-0.03,23.79,4.9237142622480725
2012-09-11,34.19,16.35,24.7,0.12,0.33,5.42,20.9,4.477573218732816
2012-09-12,16.3,10.1,13.25,6.32,0.34,8.39,6.82,0.75182365227712
2012-09-13,21.69,7.65,13.84,0.04,0.35,1.02,20.81,1.9367268341292525
2012-09-14,25.63,8.45,16.77,0.0,0.34,0.27,23.01,2.6657082443498137
2012-09-15,29.71,9.2,18.79,0.0,0.34,-1.11,23.39,3.609810784897278
2012-09-16,30.96,12.12,20.74,0.0,0.34,-2.91,21.68,3.9894457025585415
2012-09-17,17.16,8.87,12.22,0.01,0.34,3.14,10.06,1.1921358811623428
2012-09-18,26.26,8.72,17.4,0.0,0.34,1.75,21.31,2.7203352148131303
2012-09-19,28.35,13.0,19.41,0.0,0.34,-0.26,19.94,3.2583097517615496
2012-09-20,29.09,10.44,18.75,0.0,0.34,0.46,17.47,3.395005241250149
2012-09-21,27.04,11.52,18.9,0.0,0.34,0.56,20.08,2.937569042426002
2012-09-22,25.63,8.21,16.41,0.0,0.34,-0.23,19.8,2.687963809218648
2012-09-23,28.1,8.85,17.36,0.0,0.34,-1.54,16.81,3.256354428466112
2012-09-24,27.51,12.98,19.37,0.0,0.34,4.62,13.39,2.823975364885916
2012-09-25,22.14,12.4,17.07,2.6,0.34,8.54,15.93,1.5537089288399355
2012-09-26,18.43,11.56,14.4,6.48,0.34,9.53,13.34,0.9306384677551935
2012-09-27,16.96,11.35,13.82,10.75,0.36,11.47,8.06,0.5785299281408183
2012-09-28,21.41,9.65,14.81,0.82,0.38,8.21,15.8,1.462122626182514
2012-09-29,25.29,9.26,16.53,0.07,0.37,8.69,16.61,2.098673727092966
2012-09-30,24.85,12.45,17.22,0.87,0.37,5.92,15.52,2.209641400745449
2012-10-01,19.28,7.52,13.69,0.04,0.37,4.02,16.86,1.4216660426490955
2012-10-02,28.02,6.74,16.99,0.0,0.36,1.29,19.3,3.1137534535770923
2012-10-03,29.25,5.33,18.37,0.0,0.36,-0.75,18.57,3.4856596808489915
2012-10-04,11.76,1.16,6.07,0.0,0.36,-3.79,19.12,0.9190279337537489
2012-10-05,9.52,0.57,3.87,1.3,0.36,-1.98,5.47,0.660828037418171
2012-10-06,7.16,-2.89,1.6,2.25,0.36,-3.37,5.39,0.5366523156869076
2012-10-07,12.08,-3.59,3.78,0.01,0.36,-6.53,17.04,1.0352939974282511
2012-10-08,21.71,1.29,10.94,0.0,0.36,-7.97,19.25,2.2624063857868713
2012-10-09,11.16,1.17,5.9,0.0,0.36,-1.37,9.6,0.7742228871449235
2012-10-10,19.6,0.04,8.81,0.0,0.36,0.51,13.55,1.6471596078024637
2012-10-11,17.55,4.58,11.23,0.0,0.35,0.19,17.3,1.387010277802299
2012-10-12,13.47,2.3,8.4,0.23,0.35,3.07,10.44,0.7829059982191332
2012-10-13,17.01,5.53,9.79,0.7,0.35,2.05,13.39,1.2307872579437173
2012-10-14,19.93,5.28,12.04,0.0,0.35,0.15,16.73,1.7106681054431219
2012-10-15,25.7,7.08,15.61,0.0,0.35,0.15,17.27,2.684786221593659
2012-10-16,25.64,8.49,16.35,0.0,0.35,0.43,15.28,2.660384115034562
2012-10-17,13.25,2.13,8.47,0.01,0.35,-6.58,15.96,1.1491945338258414
2012-10-18,14.11,0.2,5.68,0.0,0.35,-11.22,17.71,1.3508296931621893
2012-10-19,22.32,0.55,11.11,0.0,0.35,-5.27,15.72,2.283322705951183
2012-10-20,25.53,8.35,15.49,0.0,0.35,-3.9,13.42,2.811478520170708
2012-10-21,21.19,6.38,13.22,0.0,0.35,-0.07,16.24,1.9084834583220704
2012-10-22,20.22,2.75,10.55,0.0,0.34,2.63,13.43,1.6322187237085695
2012-10-23,26.22,9.28,16.44,0.0,0.34,-1.27,15.03,2.848804769978263
2012-10-24,15.83,-0.46,8.34,4.09,0.34,2.76,7.44,1.0536807254386784
2012-10-25,5.32,-3.03,0.68,1.88,0.35,-5.93,14.38,0.4996445534642409
2012-10-26,4.91,-3.93,-0.56,1.85,0.35,-6.53,7.03,0.4921601213367889
2012-10-27,10.14,-4.6,2.01,0.02,0.35,-6.35,13.66,0.8596224736693814
2012-10-28,17.04,-1.17,7.43,0.0,0.36,-4.59,12.39,1.5081736251151963
2012-10-29,21.24,4.77,12.48,0.0,0.35,-0.38,13.16,1.9297923041874399
2012-10-30,20.7,4.84,12.03,0.0,0.35,-0.04,14.21,1.8325196743266905
2012-10-31,21.77,4.69,12.73,0.0,0.35,-0.78,14.6,2.030107433513358
2012-11-01,22.76,5.6,13.09,0.0,0.35,-1.94,10.96,2.2391558102764213
2012-11-02,14.87,4.72,9.97,0.0,0.35,-1.05,9.98,1.1254538404649517
2012-11-03,16.65,1.85,7.91,0.0,0.35,-0.41,12.09,1.3023521446518527
2012-11-04,18.09,2.73,9.25,0.0,0.35,-2.67,11.21,1.5738770174026426
2012-11-05,17.17,2.22,9.43,0.0,0.35,1.88,11.67,1.2590993260881413
2012-11-06,17.37,5.1,10.51,0.0,0.35,2.17,13.43,1.269361163134564
2012-11-07,23.72,5.47,12.58,0.0,0.35,0.45,13.64,2.3030397975004977
2012-11-08,16.19,5.94,9.95,0.0,0.35,-0.09,13.26,1.233660129255926
2012-11-09,20.33,3.58,10.62,0.0,0.35,0.17,12.73,1.7680779583111736
2012-11-10,16.55,-4.24,6.61,1.54,0.35,-0.73,10.16,1.3040537890442367
2012-11-11,1.16,-7.89,-3.99,0.8,0.35,-11.76,11.28,0.4161183185822389
2012-11-12,8.61,-6.44,-0.05,0.0,0.35,-13.69,13.0,0.9059770898839045
2012-11-13,10.83,-2.25,2.91,0.0,0.35,-9.7,10.97,1.0053714186950804
2012-11-14,11.83,-2.7,3.65,0.0,0.35,-7.7,10.4,1.0446511696884448
2012-11-15,9.6,-0.79,3.05,0.0,0.35,-4.37,11.99,0.7536732867404616
2012-11-16,13.81,-2.05,4.02,0.0,0.35,-3.6,12.03,1.1108751512799677
2012-11-17,16.15,1.31,7.53,0.0,0.35,-3.23,12.09,1.3544978264450296
2012-11-18,17.75,2.08,8.73,0.0,0.35,-2.59,10.68,1.5269499651969225
2012-11-19,16.0,2.44,8.15,0.0,0.35,-2.32,10.54,1.3032388646066406
2012-11-20,18.77,1.72,8.36,0.0,0.35,-3.96,11.9,1.7104300778191146
2012-11-21,20.71,3.01,10.24,0.0,0.35,-5.45,11.91,2.0360483684416506
2012-11-22,11.54,-3.01,5.8,0.0,0.34,-8.41,10.63,1.0367511833774805
2012-11-23,9.57,-4.74,1.22,0.0,0.34,-11.16,10.92,0.9325524850060938
2012-11-24,19.87,0.45,7.86,0.0,0.34,-8.37,9.19,1.9946833393656926
2012-11-25,13.68,-1.74,4.13,0.0,0.34,-4.53,11.32,1.1292590877328121
2012-11-26,3.18,-5.05,-2.21,0.0,0.34,-6.29,5.36,0.38583860165800327
2012-11-27,16.61,-5.04,4.25,0.0,0.34,-10.12,11.0,1.6073505337356837
2012-11-28,14.87,-0.31,6.42,0.0,0.34,-10.48,9.31,1.4161105698327123
2012-11-29,18.16,1.22,7.99,0.0,0.34,-7.02,10.43,1.7240536565322513
2012-11-30,16.81,0.14,7.02,0.0,0.34,-5.0,9.16,1.4933439495169567
2012-12-01,18.13,5.4,10.31,0.0,0.34,-1.54,9.27,1.535279876798334
2012-12-02,16.18,2.8,8.01,0.0,0.34,-3.9,7.22,1.3816055859000738
2012-12-03,11.87,-0.38,6.95,0.0,0.34,-4.83,10.36,0.9639407906763606
2012-12-04,12.56,-2.69,3.76,0.0,0.34,-5.98,10.01,1.0643574551604673
2012-12-05,20.48,3.24,10.56,0.0,0.34,-5.47,5.99,2.002289765850108
2012-12-06,7.19,-0.09,4.16,0.01,0.34,-4.58,7.0,0.5802026023344395
2012-12-07,9.77,-1.75,2.34,0.0,0.34,-6.22,9.68,0.8254451606744928
2012-12-08,8.5,-3.33,0.51,0.03,0.34,-6.58,9.83,0.736606325848433
2012-12-09,-3.12,-8.78,-6.79,0.04,0.34,-15.46,6.53,0.3019390154246977
2012-12-10,3.22,-7.59,-2.25,0.02,0.34,-13.27,8.53,0.5500784848342317
2012-12-11,3.79,-5.48,-1.62,0.0,0.34,-11.33,10.34,0.5443735933195066
2012-12-12,11.49,-2.37,2.84,0.0,0.34,-9.7,8.86,1.0635053952533136
2012-12-13,10.49,-1.82,2.58,0.0,0.34,-7.79,7.71,0.9289894707677013
2012-12-14,6.39,-1.16,1.65,1.72,0.34,-3.79,2.31,0.49916682423314196
2012-12-15,7.67,-1.92,1.68,0.06,0.34,-3.15,5.38,0.5647242125773775
2012-12-16,7.68,-3.85,0.07,0.0,0.34,-6.19,7.82,0.6650077544294493
2012-12-17,10.65,-3.58,2.05,0.0,0.34,-9.38,9.59,0.982410970401685
2012-12-18,6.15,-3.43,0.78,0.0,0.34,-8.62,9.32,0.6263134334652708
2012-12-19,-2.97,-8.42,-5.36,4.88,0.34,-10.96,2.73,0.2260474255347863
2012-12-20,5.6,-8.72,-2.4,0.0,0.34,-15.13,7.3,0.7211090218818699
2012-12-21,8.37,-2.56,0.95,0.0,0.35,-10.96,7.22,0.835427407438909
2012-12-22,8.95,-2.31,1.5,0.0,0.35,-10.57,7.37,0.8711386494325732
2012-12-23,8.06,-2.7,0.72,0.0,0.35,-9.35,5.84,0.7763764339841737
2012-12-24,0.84,-7.84,-2.88,1.06,0.35,-7.88,7.11,0.3116570818873755
2012-12-25,-8.04,-13.3,-10.66,1.57,0.35,-13.96,5.67,0.12579171493109378
2012-12-26,-2.47,-13.58,-9.49,0.01,0.35,-12.48,5.34,0.27516111030485546
2012-12-27,-1.29,-11.67,-7.56,0.02,0.35,-11.24,7.04,0.2969738426228929
2012-12-28,-0.96,-11.41,-6.75,0.0,0.35,-11.94,9.32,0.3247846420226611
2012-12-29,3.12,-9.59,-4.22,0.0,0.35,-14.39,8.48,0.5639271707840438
2012-12-30,2.54,-7.09,-2.66,0.0,0.35,-12.04,4.79,0.4907120012482804
2012-12-31,-4.85,-7.42,-6.17,0.32,0.35,-9.51,5.27,0.12898897522963515
2013-01-01,-0.81,-8.57,-5.55,0.03,0.35,-11.08,9.42,0.31357140328539285
2013-01-02,-1.27,-8.47,-5.28,0.01,0.35,-11.63,9.07,0.3057748658884641
2013-01-03,0.68,-10.96,-5.91,0.0,0.35,-14.55,10.21,0.44400814192220905
2013-01-04,6.65,-9.11,-3.16,0.0,0.35,-14.15,10.2,0.7737165560876267
2013-01-05,3.68,-7.34,-3.2,0.0,0.35,-9.87,10.26,0.5064542884061112
2013-01-06,6.95,-7.48,-1.49,0.0,0.35,-11.18,10.47,0.7383690025844727
2013-01-07,8.98,-1.55,1.41,0.0,0.35,-7.28,9.82,0.7929039729095135
2013-01-08,9.85,-1.24,2.63,0.0,0.35,-7.41,9.7,0.8656125489595368
2013-01-09,10.24,-1.96,2.57,0.0,0.35,-6.17,10.34,0.8626571354325026
2013-01-10,7.55,-2.55,1.89,0.0,0.35,-6.2,8.61,0.6560215538021319
2013-01-11,7.35,-7.59,0.23,0.23,0.35,-10.64,8.83,0.754662925550321
2013-01-12,-5.83,-13.19,-8.66,0.15,0.35,-15.75,9.35,0.2164194879201317
2013-01-13,-7.07,-14.4,-11.19,0.02,0.35,-17.5,9.39,0.20496526969250378
2013-01-14,-7.21,-15.42,-11.86,0.66,0.35,-16.26,4.29,0.18406553884970223
2013-01-15,-1.26,-15.99,-8.35,0.0,0.35,-14.92,8.43,0.3652794648122879
2013-01-16,8.21,-4.01,0.03,0.0,0.35,-9.25,11.27,0.7850444089475426
2013-01-17,8.29,-4.02,0.71,0.28,0.35,-9.47,11.71,0.7961930765088883
2013-01-18,12.03,-0.78,3.29,0.0,0.35,-10.45,12.13,1.1296678527588164
2013-01-19,10.47,-1.73,2.99,0.0,0.35,-10.9,12.26,1.0012270954944815
2013-01-20,5.66,-5.01,-0.54,0.0,0.35,-10.81,10.81,0.645455323676533
2013-01-21,10.73,-4.93,1.51,0.0,0.35,-9.35,12.13,0.9885552620616505
2013-01-22,13.2,-0.76,4.25,0.0,0.35,-11.47,12.22,1.2634063744046333
2013-01-23,16.88,-3.89,3.77,0.0,0.35,-11.42,6.64,1.6679475970738151
2013-01-24,11.26,-3.73,2.24,0.0,0.35,-6.41,6.8,0.9574143110069038
2013-01-25,12.48,-1.26,3.89,0.0,0.35,-1.81,10.17,0.912704628296486
2013-01-26,12.3,-0.81,4.56,0.1,0.35,-0.65,10.96,0.8480482837948539
2013-01-27,11.09,0.3,3.49,0.0,0.35,0.84,11.71,0.6714232185186257
2013-01-28,15.74,-4.16,4.39,0.52,0.35,-3.59,9.09,1.3198323270400771
2013-01-29,-1.15,-6.96,-4.17,0.72,0.35,-10.56,5.09,0.2882643316903693
2013-01-30,3.06,-8.37,-2.76,0.01,0.35,-12.25,9.5,0.5224148290893913
2013-01-31,4.15,-4.07,-0.88,0.0,0.35,-6.61,12.72,0.4495019147627454
2013-02-01,9.22,-3.43,1.63,0.0,0.35,-6.7,12.82,0.7954227526312732
2013-02-02,9.63,-3.24,2.01,0.0,0.35,-7.91,13.85,0.8611263548622408
2013-02-03,8.99,-2.41,2.29,0.0,0.35,-8.0,10.96,0.8129178138895132
2013-02-04,12.41,-3.71,2.24,0.0,0.35,-8.17,13.58,1.1109729288019614
2013-02-05,11.91,-1.51,3.97,0.0,0.35,-7.3,13.9,1.041203082577531
2013-02-06,15.8,-1.83,6.2,0.06,0.35,-4.66,13.52,1.363011344035927
2013-02-07,8.23,-4.09,1.33,0.0,0.35,-6.08,14.42,0.7018277443617567
2013-02-08,12.76,-2.51,4.04,0.0,0.35,-6.86,9.96,1.1091411616990152
2013-02-09,8.52,-3.65,1.4,0.08,0.34,-4.4,13.83,0.6705993091100253
2013-02-10,0.23,-5.62,-3.07,0.01,0.34,-9.81,10.15,0.3310540756030255
2013-02-11,-0.39,-6.37,-3.85,0.0,0.34,-11.09,8.67,0.33174270372820075
2013-02-12,4.09,-5.94,-1.55,0.0,0.34,-13.25,15.35,0.5984670738783106
2013-02-13,9.4,-4.99,1.06,0.0,0.34,-10.27,13.46,0.8998050188147867
2013-02-14,2.62,-5.37,-1.7,0.22,0.34,-8.06,8.27,0.4047648299574442
2013-02-15,0.38,-6.66,-3.57,0.02,0.34,-11.62,10.67,0.3768736051033076
2013-02-16,11.18,-6.6,2.04,0.0,0.34,-8.56,16.12,1.0084510671169231
2013-02-17,15.48,-1.68,5.33,0.0,0.34,-9.52,10.84,1.4619904379045423
2013-02-18,4.01,-6.31,-1.93,0.0,0.34,-10.15,15.22,0.531504229357026
2013-02-19,6.06,-6.63,-1.15,0.0,0.34,-10.42,16.33,0.662668609747731
2013-02-20,0.4,-4.21,-2.16,6.0,0.34,-5.21,3.2,0.21430463538226835
2013-02-21,-4.35,-8.81,-6.73,1.24,0.34,-10.12,4.03,0.15942505134148816
2013-02-22,1.66,-10.4,-4.2,0.01,0.35,-9.37,14.19,0.3883449254107005
2013-02-23,6.53,-7.48,-0.93,0.02,0.35,-10.51,16.15,0.6956226211937216
2013-02-24,1.5,-4.54,-2.4,2.15,0.35,-5.82,4.28,0.2851260878586258
2013-02-25,2.37,-6.22,-2.91,0.04,0.35,-10.18,17.36,0.4428888494206614
2013-02-26,0.87,-7.77,-3.09,0.6,0.35,-8.33,14.45,0.32470906153819157
2013-02-27,3.21,-5.3,-2.32,0.08,0.35,-9.45,17.81,0.4707145044086832
2013-02-28,5.69,-7.37,-0.95,0.0,0.35,-10.72,17.92,0.6454271405897823
2013-03-01,5.61,-3.19,0.44,0.0,0.36,-5.91,15.87,0.517213717111661
2013-03-02,14.5,-1.42,5.69,0.0,0.36,-4.05,17.34,1.1986662740126168
2013-03-03,16.97,0.75,8.01,0.0,0.35,-4.5,9.17,1.496607303474194
2013-03-04,3.94,-7.27,-1.0,1.21,0.35,-8.31,7.11,0.4834587595639659
2013-03-05,5.69,-7.77,-2.57,0.0,0.35,-13.69,18.25,0.7030449052062779
2013-03-06,12.99,-5.71,2.03,0.01,0.35,-9.51,18.89,1.1997817664480985
2013-03-07,19.47,-0.58,8.29,0.0,0.35,-5.22,17.99,1.848465809360055
2013-03-08,14.93,-1.79,5.8,0.01,0.35,-2.15,13.84,1.1760931018645822
2013-03-09,4.26,-2.95,0.66,8.18,0.35,-2.52,2.4,0.3208120235651437
2013-03-10,1.78,-6.51,-3.6,0.01,0.35,-12.25,13.05,0.4560240903373815
2013-03-11,10.37,-4.46,2.45,0.99,0.36,-4.59,15.43,0.824269367391011
2013-03-12,4.72,-5.79,-0.81,0.03,0.36,-6.49,18.29,0.4795669130159312
2013-03-13,17.03,-1.74,7.79,0.0,0.36,-3.56,19.54,1.471884029556994
2013-03-14,20.88,2.31,11.27,0.0,0.36,-3.08,20.52,1.9820227362778986
2013-03-15,23.97,6.28,14.46,0.0,0.36,-2.64,10.8,2.47560581109039
2013-03-16,10.12,2.22,6.12,0.01,0.36,-0.77,11.51,0.6604641300982595
2013-03-17,15.96,-1.23,5.68,0.01,0.36,-4.43,17.75,1.3738841709537521
2013-03-18,10.25,-4.61,3.06,0.0,0.35,-11.82,21.54,1.0016710279771153
2013-03-19,9.7,-5.41,2.51,0.0,0.35,-12.26,22.95,0.9651024835936778
2013-03-20,10.11,-7.39,1.27,0.11,0.35,-9.69,17.77,0.9442296810992512
2013-03-21,12.7,-2.48,4.35,4.38,0.35,-3.84,13.96,1.0088684620417583
2013-03-22,8.82,-3.99,1.28,7.57,0.36,-5.54,19.16,0.7299595425407792
2013-03-23,-3.0,-11.82,-6.46,12.09,0.36,-8.51,4.86,0.1683184832541142
2013-03-24,-2.15,-15.98,-9.72,0.01,0.36,-13.68,20.73,0.3092248608821981
2013-03-25,-0.35,-15.83,-8.14,0.01,0.36,-14.08,23.61,0.38991836962983206
2013-03-26,10.06,-10.6,-0.73,0.0,0.37,-8.96,19.77,0.9227450724330933
2013-03-27,13.43,-2.77,4.34,0.0,0.38,-3.96,22.17,1.084793655394761
2013-03-28,18.18,-0.66,7.98,0.0,0.38,-2.58,21.1,1.5822718522750607
2013-03-29,20.88,3.36,11.89,0.0,0.38,-1.24,20.89,1.9109040635416883
2013-03-30,19.28,2.12,9.9,0.24,0.37,-0.52,23.21,1.648004784830405
2013-03-31,20.82,-0.76,9.36,0.0,0.37,-4.05,22.02,2.007087675307214
2013-04-01,11.97,-2.3,4.2,0.0,0.37,-3.97,17.05,0.9445044463132803
2013-04-02,10.02,-3.0,3.23,0.17,0.37,-3.34,6.25,0.7522717072750745
2013-04-03,14.15,-2.36,5.18,0.09,0.36,-2.7,20.53,1.1135310342953264
2013-04-04,19.61,1.18,10.45,0.0,0.36,-1.23,24.85,1.7241834655889525
2013-04-05,22.2,3.75,13.76,0.0,0.36,-2.53,14.16,2.169258448397097
2013-04-06,17.77,4.22,11.33,0.09,0.36,-2.5,21.24,1.5261214627522868
2013-04-07,19.6,3.03,11.85,0.0,0.36,-1.93,23.03,1.7508567894470195
2013-04-08,22.37,6.88,14.06,3.08,0.36,0.14,16.28,2.0870964774278744
2013-04-09,7.6,-10.59,-5.75,3.34,0.36,-10.82,7.97,0.7762357023289783
2013-04-10,-2.6,-10.78,-6.79,0.02,0.36,-13.08,19.02,0.2814102587378352
2013-04-11,9.54,-6.79,1.4,0.1,0.36,-4.87,22.13,0.7652671317874733
2013-04-12,15.11,-2.57,4.64,0.56,0.36,-1.67,17.35,1.1770279521762377
2013-04-13,22.49,0.01,10.31,0.14,0.36,-2.36,20.65,2.2104124204408735
2013-04-14,12.72,0.93,6.57,0.02,0.36,-8.47,23.16,1.1482419074747634
2013-04-15,12.9,-2.33,4.19,0.61,0.36,-7.63,22.98,1.1438669046213241
2013-04-16,9.31,-4.93,1.78,0.16,0.36,-4.91,13.69,0.748262144271393
2013-04-17,5.6,-5.89,-0.92,5.16,0.36,-5.5,4.79,0.5040771962337876
2013-04-18,-0.54,-6.4,-3.77,0.27,0.36,-10.25,19.99,0.3071138005312524
2013-04-19,13.6,-4.55,5.08,0.0,0.36,-7.5,24.4,1.2099523109981607
2013-04-20,16.4,-1.82,7.63,0.03,0.36,-5.31,24.47,1.453902318967623
2013-04-21,18.19,1.96,10.14,0.35,0.36,-1.0,22.84,1.5210241526522827
2013-04-22,11.59,-5.09,3.48,5.67,0.36,-2.75,12.89,0.8662521353005619
2013-04-23,2.35,-6.84,-3.53,3.99,0.36,-9.32,8.21,0.4220165456827752
2013-04-24,12.06,-6.22,3.15,0.0,0.37,-8.03,22.01,1.0745363136447916
2013-04-25,20.39,-2.24,9.35,0.2,0.37,-3.47,23.94,1.9226200977374728
2013-04-26,21.01,4.39,12.01,0.02,0.37,-3.95,26.89,2.032560241250123
2013-04-27,24.08,4.96,15.18,0.0,0.37,-4.18,28.42,2.5501351348075563
2013-04-28,27.35,7.14,17.75,0.0,0.36,-3.12,28.88,3.1539495829888375
2013-04-29,28.39,6.92,17.76,0.0,0.36,0.57,26.73,3.2300110073585513
2013-04-30,19.98,4.9,12.73,0.0,0.36,1.16,23.29,1.6710570526509572
2013-05-01,4.88,-2.49,1.27,8.94,0.36,-3.5,8.11,0.3933812008736012
2013-05-02,8.24,-2.84,2.12,0.12,0.37,-7.75,24.82,0.749491323051021
2013-05-03,15.77,-2.89,6.52,0.0,0.37,-7.59,29.27,1.4465402325074006
2013-05-04,16.35,0.69,7.89,0.0,0.37,-7.66,29.96,1.516002777252773
2013-05-05,18.51,0.97,9.7,0.0,0.36,-5.94,24.37,1.739067260740101
2013-05-06,22.0,3.8,12.88,0.0,0.36,-0.6,25.97,2.0592933160117997
2013-05-07,20.83,5.24,14.25,0.46,0.36,4.54,23.98,1.6164595530231147
2013-05-08,21.82,6.42,13.41,12.53,0.37,5.51,18.39,1.7112051993382125
2013-05-09,14.49,7.31,10.78,3.73,0.39,5.17,15.54,0.7674353815704479
2013-05-10,18.79,4.16,12.86,2.0,0.39,3.04,20.57,1.4088490120650734
2013-05-11,19.32,4.96,12.81,1.78,0.38,2.98,28.13,1.4849552082534694
2013-05-12,25.89,9.36,17.77,0.0,0.38,3.36,26.51,2.562297130068018
2013-05-13,31.22,13.31,21.71,0.0,0.37,4.95,25.34,3.6798972414133724
2013-05-14,32.71,13.68,23.33,0.01,0.37,4.19,22.69,4.124698765772578
2013-05-15,29.55,13.16,21.39,0.23,0.36,6.18,21.87,3.1879419968966394
2013-05-16,29.79,12.47,21.19,0.37,0.36,6.55,24.96,3.2209044502138067
2013-05-17,31.36,11.02,21.38,0.21,0.36,4.13,29.17,3.7647602365775956
2013-05-18,28.26,12.19,19.76,1.86,0.36,2.14,20.59,3.1247893465299477
2013-05-19,18.8,8.38,14.2,4.52,0.36,4.17,23.56,1.3470812991117582
2013-05-20,18.46,7.92,12.06,0.81,0.36,3.3,20.36,1.3503948974858626
2013-05-21,20.9,5.8,12.99,0.0,0.36,-0.51,30.55,1.8832721651005428
2013-05-22,25.56,4.66,15.9,0.02,0.36,1.49,30.47,2.5946954042999852
2013-05-23,20.93,7.09,13.05,0.99,0.36,6.95,14.51,1.4779081312553215
2013-05-24,33.2,12.13,22.51,0.02,0.36,5.78,25.13,4.16589117228113
2013-05-25,33.24,11.68,22.88,0.0,0.35,1.76,28.67,4.404647512203132
2013-05-26,33.2,13.56,23.4,0.05,0.35,2.08,25.31,4.37716150250713
2013-05-27,30.39,12.35,21.93,0.13,0.35,6.39,21.51,3.3782483853577236
2013-05-28,29.12,12.95,20.95,0.21,0.35,6.05,27.98,3.0951884857052736
2013-05-29,25.42,10.03,16.31,3.31,0.35,2.51,20.96,2.5160818724299947
2013-05-30,24.61,9.77,16.86,0.01,0.35,-1.84,25.25,2.5612408229436756
2013-05-31,24.42,8.86,16.58,0.0,0.35,-3.68,30.47,2.5946495464786503
2013-06-01,20.95,8.71,14.2,0.0,0.35,0.09,22.88,1.864565188008632
2013-06-02,29.07,6.05,18.13,0.0,0.34,1.08,31.83,3.361399828580351
2013-06-03,36.0,14.92,25.61,0.0,0.34,2.36,26.08,5.216968183816387
2013-06-04,26.85,12.35,19.19,4.38,0.34,7.42,25.21,2.5029633852512014
2013-06-05,18.6,8.7,12.88,3.82,0.35,6.29,13.56,1.1891021695041446
2013-06-06,27.73,8.22,18.17,0.0,0.35,6.11,30.05,2.778656589434605
2013-06-07,25.74,10.93,19.13,2.06,0.35,8.58,26.94,2.1942307982231086
2013-06-08,26.32,14.32,19.98,0.0,0.35,6.73,26.96,2.442117668178806
2013-06-09,31.27,10.75,22.04,0.0,0.35,3.86,31.26,3.756830382877128
2013-06-10,39.17,17.41,28.86,0.15,0.35,3.34,30.48,6.279278055952794
2013-06-11,40.24,20.17,30.74,0.05,0.34,-1.02,30.69,6.903558699073238
2013-06-12,35.08,17.68,26.45,0.0,0.34,2.85,30.32,4.897853315338579
2013-06-13,37.02,14.33,24.46,1.55,0.34,9.44,19.95,5.099018228630691
2013-06-14,32.43,17.46,25.0,2.57,0.34,7.91,18.42,3.805326601759907
2013-06-15,31.55,15.15,23.24,1.5,0.34,12.07,30.33,3.226142194526897
2013-06-16,33.22,14.95,22.33,1.56,0.34,10.58,24.16,3.816041959296024
2013-06-17,29.11,12.84,21.49,2.22,0.35,9.78,24.5,2.8212349666003362
2013-06-18,30.33,14.27,22.35,7.4,0.35,12.04,27.65,2.917774495651866
2013-06-19,34.19,14.81,24.59,1.13,0.36,8.61,29.63,4.257630338561274
2013-06-20,34.46,14.42,24.45,0.0,0.35,2.93,31.49,4.703011711817544
2013-06-21,37.45,14.07,25.75,0.08,0.35,1.83,32.12,5.733153168348135
2013-06-22,33.32,14.55,23.56,0.65,0.35,6.06,26.96,4.182141115694476
2013-06-23,31.11,15.17,22.47,3.11,0.35,10.62,30.5,3.240881679261641
2013-06-24,32.64,14.88,23.62,2.05,0.35,5.43,26.08,4.030616722173378
2013-06-25,34.32,18.59,26.31,0.0,0.35,2.59,31.9,4.678772649170896
2013-06-26,36.84,16.83,27.72,0.0,0.35,5.19,30.11,5.3363889234952175
2013-06-27,36.7,20.34,28.2,0.0,0.34,8.71,31.27,5.04724387856916
2013-06-28,37.76,17.96,27.77,1.41,0.34,10.08,28.11,5.304705601438619
2013-06-29,33.16,18.23,25.55,0.63,0.34,9.65,28.69,3.8760102052981313
2013-06-30,28.1,16.26,21.97,4.79,0.34,9.66,19.58,2.6017312072507064
2013-07-01,23.58,14.19,18.93,4.19,0.35,9.41,22.2,1.72926783762834
2013-07-02,26.13,12.64,19.65,0.09,0.35,6.45,24.67,2.4227132573229566
2013-07-03,30.8,13.88,22.79,0.0,0.35,7.2,29.4,3.425990406762865
2013-07-04,34.25,15.14,25.24,0.0,0.35,6.84,29.1,4.402846903881644
2013-07-05,34.5,17.74,25.71,0.4,0.34,10.12,24.61,4.231273959860622
2013-07-06,35.96,17.39,25.84,0.08,0.34,11.77,26.37,4.546537898656309
2013-07-07,34.52,18.45,26.52,2.4,0.34,12.8,26.11,3.9969286294289375
2013-07-08,36.67,19.23,27.99,0.09,0.34,10.69,27.32,4.876995919889266
2013-07-09,37.85,19.5,29.17,0.01,0.34,5.8,28.2,5.648972900893873
2013-07-10,32.49,18.71,25.24,3.53,0.34,15.0,24.64,3.182679876564838
2013-07-11,35.61,18.21,27.26,0.05,0.34,13.32,30.19,4.285631885168645
2013-07-12,37.69,19.49,29.1,0.32,0.34,12.95,27.76,5.021633220659465
2013-07-13,33.64,19.54,26.58,7.82,0.34,16.55,28.52,3.3304058295026837
2013-07-14,25.62,18.28,21.82,7.04,0.35,17.76,15.85,1.2536183233143263
2013-07-15,27.77,16.41,21.52,0.78,0.36,10.52,28.15,2.4581911711716513
2013-07-16,28.92,13.79,21.09,0.0,0.36,11.21,24.8,2.656044791211852
2013-07-17,30.92,15.25,22.91,0.0,0.36,12.95,26.02,2.979292086621969
2013-07-18,35.13,16.26,25.89,0.01,0.35,12.5,30.24,4.213726208101765
2013-07-19,29.74,17.91,23.17,3.95,0.35,15.28,18.67,2.443865081852513
2013-07-20,31.81,16.35,23.92,2.5,0.36,14.42,28.7,3.061262046879089
2013-07-21,34.55,15.76,25.38,0.03,0.36,11.74,27.35,4.105635770315624
2013-07-22,35.07,19.34,26.65,0.0,0.35,6.77,27.42,4.658326163212131
2013-07-23,34.28,19.91,26.39,0.0,0.35,8.31,28.57,4.307120747035584
2013-07-24,26.91,18.48,22.09,1.76,0.35,13.36,22.87,2.0131497320014233
2013-07-25,29.25,16.05,22.47,0.05,0.35,11.9,21.76,2.670571785904275
2013-07-26,29.13,15.34,22.57,3.79,0.35,10.25,25.57,2.787182917359181
2013-07-27,29.3,14.66,21.19,4.59,0.35,12.27,26.42,2.6479184522065093
2013-07-28,23.16,12.66,17.79,2.13,0.36,12.76,8.63,1.3623226000635844
2013-07-29,28.28,14.57,21.56,3.15,0.36,13.94,18.62,2.2496033966497855
2013-07-30,32.38,16.03,24.58,0.01,0.36,11.67,26.6,3.4854996338973923
2013-07-31,34.05,18.48,25.72,6.78,0.36,11.78,27.8,3.95174015105843
2013-08-01,34.27,17.79,25.61,1.22,0.37,13.83,24.76,3.818695448706422
2013-08-02,32.69,18.64,25.32,0.01,0.36,11.18,27.39,3.6148354676310905
2013-08-03,28.46,18.52,22.44,7.58,0.37,16.64,8.6,1.9883982021253612
2013-08-04,33.11,16.17,24.5,0.26,0.37,11.33,24.52,3.7194789847520537
2013-08-05,33.86,17.9,25.9,0.92,0.36,12.12,22.47,3.864235657269403
2013-08-06,34.32,19.71,26.41,0.46,0.36,11.68,23.73,4.041528743029124
2013-08-07,24.62,16.62,20.67,8.12,0.37,14.38,6.27,1.4583241966386966
2013-08-08,19.17,11.98,16.13,9.83,0.39,13.44,14.08,0.6793784858746608
2013-08-09,26.71,11.52,19.28,0.07,0.39,9.86,25.94,2.288638883721373
2013-08-10,30.08,13.56,21.51,3.31,0.38,11.94,27.76,2.865549315180144
2013-08-11,27.77,15.51,21.6,1.25,0.38,13.38,18.6,2.194193883507526
2013-08-12,25.93,14.71,20.62,16.51,0.39,14.95,19.84,1.6476909708759409
2013-08-13,24.16,16.0,19.5,12.79,0.41,14.37,21.55,1.375298597207879
2013-08-14,27.23,15.17,20.44,4.21,0.42,12.79,24.54,2.13641277040316
2013-08-15,29.01,14.52,21.23,0.08,0.41,10.16,25.8,2.766802397856585
2013-08-16,31.18,14.62,22.81,0.02,0.4,11.82,23.83,3.1528327443329554
2013-08-17,32.4,15.67,23.42,0.01,0.39,13.58,20.75,3.3077597020291067
2013-08-18,32.91,15.95,24.0,1.65,0.38,14.09,21.23,3.396844531033455
2013-08-19,34.15,17.25,25.9,0.0,0.38,12.28,25.81,3.9351766300346
2013-08-20,35.65,18.33,27.1,0.01,0.37,9.91,25.95,4.607278635446638
2013-08-21,35.29,19.75,27.68,0.01,0.37,11.82,24.52,4.327429871297716
2013-08-22,29.79,18.44,23.82,2.67,0.37,14.88,22.5,2.5000078505348817
2013-08-23,32.77,18.82,25.24,0.03,0.37,13.21,23.48,3.447145684434833
2013-08-24,34.51,17.86,25.84,0.0,0.36,10.62,25.25,4.192258900875993
2013-08-25,34.63,19.05,26.83,0.02,0.36,11.9,24.65,4.115368849911992
2013-08-26,35.79,19.32,27.36,0.0,0.36,11.12,25.43,4.549664074686925
2013-08-27,36.11,19.69,27.59,0.0,0.35,11.49,25.46,4.620860042633329
2013-08-28,33.68,18.86,25.98,0.0,0.35,9.1,23.49,4.069375687787567
2013-08-29,36.89,19.6,27.61,0.0,0.35,9.28,25.72,5.067359012909022
2013-08-30,36.66,20.0,28.06,0.05,0.35,10.8,17.96,4.864175484691367
2013-08-31,34.6,19.55,27.19,1.85,0.35,12.67,20.67,4.033814689283919
2013-09-01,29.63,16.82,23.05,0.13,0.35,9.22,19.69,2.988608572202665
2013-09-02,33.03,16.33,24.44,0.01,0.34,10.86,24.32,3.7380706408191404
2013-09-03,35.35,17.29,26.31,0.0,0.34,10.6,23.85,4.454151144823852
2013-09-04,36.76,20.15,27.96,0.77,0.34,10.36,23.57,4.935350359299661
2013-09-05,37.02,19.53,28.0,0.05,0.34,8.47,22.59,5.174057286429753
2013-09-06,36.83,21.0,28.02,0.0,0.34,5.96,24.06,5.284422876057303
2013-09-07,36.74,18.41,27.68,0.0,0.34,9.52,23.87,4.99747750895387
2013-09-08,35.39,20.53,27.87,0.0,0.34,8.33,23.41,4.647900213967368
2013-09-09,33.06,17.86,25.22,0.46,0.34,11.22,21.83,3.7150667183933743
2013-09-10,26.64,15.85,21.56,1.99,0.34,12.74,18.54,2.018241648930996
2013-09-11,24.61,16.57,19.48,4.15,0.34,14.0,8.22,1.4963249876450795
2013-09-12,19.08,15.41,17.17,36.63,0.39,15.62,3.91,0.43376433818354765
2013-09-13,21.91,15.65,17.9,16.5,0.45,15.06,6.26,0.9175173486061334
2013-09-14,25.92,15.99,19.99,4.08,0.45,14.25,19.94,1.7208507868306486
2013-09-15,18.21,12.18,15.1,2.16,0.44,11.98,4.73,0.6906850220349907
2013-09-16,21.26,10.97,14.66,0.52,0.44,10.58,6.89,1.2504899170719466
2013-09-17,29.65,11.76,20.67,0.0,0.42,10.5,21.78,2.8889075800339445
2013-09-18,31.38,16.02,22.93,0.45,0.41,11.54,20.28,3.2301189340885834
2013-09-19,21.04,11.3,15.81,0.24,0.41,7.37,16.49,1.465523716576756
2013-09-20,23.62,9.52,15.77,0.0,0.4,6.68,20.42,1.9364762383070806
2013-09-21,28.99,10.6,19.55,0.0,0.39,6.83,21.67,3.013139907574612
2013-09-22,30.61,13.93,21.18,0.93,0.39,7.62,20.83,3.3484811666621095
2013-09-23,16.0,9.18,12.89,19.37,0.41,8.01,16.19,0.7447869994475107
2013-09-24,24.28,6.98,15.21,0.0,0.42,3.23,20.95,2.2642098163690787
2013-09-25,29.31,7.72,18.83,0.0,0.41,2.7,21.61,3.3362165466094176
2013-09-26,27.32,10.9,17.95,0.0,0.4,4.49,19.62,2.7910844230895235
2013-09-27,25.18,6.09,14.13,3.34,0.4,6.81,13.24,2.2130385995737374
2013-09-28,19.84,4.52,11.33,0.0,0.4,-1.41,20.56,1.7643289586289546
2013-09-29,24.39,5.96,15.02,0.0,0.39,-0.74,20.68,2.4758063409577558
2013-09-30,29.27,10.39,19.12,0.0,0.39,0.97,20.24,3.4133157979187256
2013-10-01,23.9,9.8,16.02,0.0,0.39,3.51,19.17,2.180418065635146
2013-10-02,26.51,10.04,17.0,0.0,0.38,5.92,18.99,2.534178819298097
2013-10-03,23.86,7.2,13.71,0.12,0.38,5.68,12.9,2.0443411377740293
2013-10-04,10.52,0.13,6.04,0.78,0.38,-0.75,16.71,0.6931584261047175
2013-10-05,13.88,-0.76,5.73,0.0,0.38,-6.85,18.77,1.220639286554284
2013-10-06,19.08,2.55,10.29,0.0,0.38,-1.95,19.3,1.6790192328597557
2013-10-07,25.38,6.8,14.62,0.0,0.38,-1.25,18.11,2.682772739610815
2013-10-08,27.81,9.6,17.12,0.0,0.37,0.56,16.07,3.102167734912409
2013-10-09,23.52,8.15,14.44,0.0,0.37,2.78,17.53,2.1530058415009012
2013-10-10,23.96,6.88,13.26,4.02,0.37,4.87,15.39,2.1123342344442526
2013-10-11,17.86,4.83,10.63,3.19,0.38,1.18,15.01,1.3806013054129194
2013-10-12,14.79,4.54,8.81,2.19,0.39,2.51,10.53,0.9506110089660488
2013-10-13,19.11,3.71,11.52,1.68,0.38,4.58,16.54,1.3654536079461006
2013-10-14,15.23,1.52,10.01,3.6,0.39,4.84,14.6,0.8681465826447651
2013-10-15,9.7,-1.12,3.03,0.0,0.39,-4.5,16.03,0.766052670172056
2013-10-16,12.04,-2.33,4.15,0.01,0.39,-3.85,15.6,0.9468511383088852
2013-10-17,10.75,0.16,4.62,3.27,0.39,-3.73,14.82,0.8274795615205153
2013-10-18,4.7,-2.98,0.9,5.32,0.39,-3.69,12.92,0.3892379149980143
2013-10-19,16.34,-1.58,6.81,0.0,0.4,-4.24,16.73,1.4120352362638227
2013-10-20,7.92,0.31,4.6,0.16,0.4,0.25,7.52,0.4449348732626045
2013-10-21,13.44,-1.56,5.54,0.0,0.4,-1.82,15.2,1.0069497380235777
2013-10-22,16.86,2.69,9.33,0.0,0.39,-0.1,15.15,1.314235264073044
2013-10-23,18.89,3.8,9.75,0.0,0.39,-0.15,16.04,1.578194539927543
2013-10-24,12.43,0.91,5.32,0.0,0.39,1.3,12.87,0.7717670014567483
2013-10-25,19.64,0.21,9.22,0.0,0.39,1.19,14.22,1.6209089636214082
2013-10-26,16.14,2.59,9.08,0.0,0.39,-0.7,15.51,1.2542348802120649
2013-10-27,21.55,4.36,12.53,0.0,0.38,-1.45,15.24,2.0230035643211015
2013-10-28,9.63,-0.23,3.76,0.0,0.38,-0.99,4.29,0.6296778351232852
2013-10-29,13.59,-0.76,3.76,0.11,0.38,-0.5,6.87,0.9676364720085819
2013-10-30,14.01,-0.09,6.08,0.39,0.38,-1.62,13.83,1.0572118703681335
2013-10-31,13.19,1.41,6.31,0.02,0.38,-3.98,14.71,1.0615432486602219
2013-11-01,10.03,1.8,4.89,0.0,0.38,-4.12,12.04,0.7802611792692293
2013-11-02,15.81,-2.32,5.71,0.0,0.38,-4.8,13.8,1.3687201906238764
2013-11-03,20.96,3.02,10.28,0.0,0.38,-3.79,11.11,2.019408079558234
2013-11-04,7.59,-2.55,2.62,0.01,0.38,-5.27,11.56,0.6305599086534206
2013-11-05,4.62,-6.53,-0.21,2.65,0.38,-4.17,5.37,0.40096256757711113
2013-11-06,10.1,-5.91,1.76,0.0,0.38,-8.19,13.5,0.9067675248538816
2013-11-07,13.52,-1.6,4.95,0.0,0.38,-5.14,13.35,1.1327652973559914
2013-11-08,20.43,3.46,10.0,0.0,0.38,-3.53,10.43,1.930661297952467
2013-11-09,16.28,1.88,7.8,0.0,0.38,-1.68,12.58,1.3110277621935151
2013-11-10,17.42,0.41,7.14,0.0,0.38,0.24,11.25,1.3683582952340616
2013-11-11,10.75,-3.8,3.76,0.0,0.38,-3.25,5.16,0.8104945359417113
2013-11-12,12.21,-4.48,2.76,0.0,0.38,-4.14,12.76,0.9726100422418171
2013-11-13,20.32,1.38,9.66,0.0,0.38,-5.54,12.73,1.980788221582578
2013-11-14,12.3,2.08,7.15,0.0,0.38,0.01,12.07,0.8193067389863837
2013-11-15,17.51,1.09,7.94,0.0,0.38,-2.55,12.39,1.4949281411690298
2013-11-16,15.6,1.43,7.45,0.0,0.37,-3.25,11.19,1.2917838131009727
2013-11-17,10.19,-1.12,3.47,0.0,0.37,-8.94,12.59,0.933033415792559
2013-11-18,15.58,-1.83,5.21,0.0,0.37,-6.18,12.39,1.3851784907865374
2013-11-19,13.1,0.62,6.71,0.0,0.37,-3.91,8.94,1.050248822868932
2013-11-20,14.47,3.09,8.3,0.33,0.37,-0.53,11.25,1.0603818419367912
2013-11-21,5.46,-8.92,-6.25,2.06,0.37,-10.92,2.76,0.635195834796441
2013-11-22,0.45,-8.64,-3.58,0.06,0.37,-14.06,5.57,0.4252598412050007
2013-11-23,1.98,-4.3,-2.41,0.0,0.37,-12.82,7.32,0.47682845991760126
2013-11-24,3.16,-5.27,-2.39,0.05,0.37,-7.32,6.72,0.4139021136376841
2013-11-25,4.28,-3.67,-0.78,0.0,0.37,-4.33,6.98,0.3863318946603063
2013-11-26,4.87,-3.14,-0.52,0.0,0.37,-7.08,11.38,0.5053047820839327
2013-11-27,13.35,-2.21,4.08,0.0,0.37,-6.34,11.21,1.1522087604339588
2013-11-28,6.52,-3.97,-0.44,0.0,0.37,-5.86,10.69,0.5748606439843453
2013-11-29,12.95,-3.78,3.4,0.0,0.37,-4.89,10.42,1.0681712202836113
2013-11-30,13.18,-0.88,5.14,0.0,0.37,-5.63,9.95,1.1140500206719846
2013-12-01,12.24,-1.29,4.32,0.0,0.37,-5.48,9.68,1.0188458156746163
2013-12-02,15.68,1.57,7.65,0.0,0.37,-4.7,9.95,1.3505833579321338
2013-12-03,15.33,-7.63,4.3,0.02,0.37,-5.78,7.23,1.3450436549568352
2013-12-04,-8.44,-14.52,-10.79,1.09,0.37,-16.76,6.17,0.1586685013527185
2013-12-05,-10.62,-17.19,-14.49,0.0,0.37,-20.18,6.75,0.14927740801662065
2013-12-06,-9.85,-15.82,-13.76,0.01,0.37,-19.19,6.59,0.155468246957667
2013-12-07,-9.08,-15.76,-12.96,0.04,0.37,-16.59,3.51,0.1404754691416511
2013-12-08,-8.85,-14.12,-11.91,0.3,0.37,-15.6,3.25,0.13166300511967735
2013-12-09,-4.8,-14.99,-10.37,0.08,0.37,-18.89,9.37,0.29046217305878685
2013-12-10,7.08,-10.59,-3.41,0.0,0.37,-13.86,9.08,0.7981293524091138
2013-12-11,2.99,-9.32,-4.49,0.0,0.37,-9.8,9.99,0.46695301647708115
2013-12-12,8.88,-3.43,0.93,0.0,0.37,-10.59,10.47,0.8661720086172402
2013-12-13,6.78,-5.61,-0.62,0.0,0.37,-8.13,9.05,0.6558296134907667
2013-12-14,4.65,-4.95,-0.74,0.0,0.37,-7.27,10.11,0.49734693328671253
2013-12-15,11.22,-1.36,2.76,0.0,0.37,-6.4,9.08,0.9535839436864118
2013-12-16,13.29,0.28,4.11,0.0,0.37,-5.65,10.12,1.1255861733111507
2013-12-17,12.97,-0.54,3.87,0.0,0.37,-6.75,9.89,1.1264443528318746
2013-12-18,17.33,1.38,7.33,0.0,0.37,-6.15,7.53,1.5928399093207575
2013-12-19,9.47,-8.72,0.48,0.0,0.37,-5.34,7.7,0.774600873209389
2013-12-20,-1.4,-9.77,-5.74,0.0,0.37,-10.03,4.29,0.26626701382337403
2013-12-21,-0.53,-6.53,-3.51,0.0,0.37,-9.33,8.33,0.28637926863133284
2013-12-22,2.61,-9.09,-3.27,0.48,0.37,-8.42,9.94,0.413467604227685
2013-12-23,3.71,-8.69,-2.98,0.33,0.37,-8.97,7.79,0.48689022043945496
2013-12-24,11.75,-3.89,2.2,0.03,0.37,-5.8,6.29,0.9833429504856482
2013-12-25,4.03,-3.84,-0.85,0.0,0.37,-9.5,10.3,0.5177355855933148
2013-12-26,8.39,-2.2,1.52,0.0,0.37,-10.32,10.1,0.8230588881726079
2013-12-27,11.99,-0.5,3.36,0.0,0.37,-7.45,10.25,1.052662064711593
2013-12-28,12.11,-5.12,2.37,0.31,0.37,-6.47,10.03,1.0363502660795465
2013-12-29,0.35,-7.8,-4.12,0.2,0.37,-12.85,9.92,0.3992861979638749
2013-12-30,6.22,-2.43,0.82,0.0,0.37,-8.96,10.31,0.6392845571048243
2013-12-31,11.32,-1.73,3.11,0.0,0.37,-6.35,9.63,0.9609913336826583
2014-01-01,2.08,-5.0,-1.61,1.32,0.37,-5.69,6.51,0.3100793837560248
2014-01-02,5.55,-5.83,-0.82,0.0,0.37,-9.04,10.38,0.598154931754205
2014-01-03,12.86,-0.84,4.38,0.0,0.37,-6.0,10.46,1.0938624295219301
2014-01-04,0.09,-9.41,-5.25,3.4,0.37,-10.24,1.47,0.3344946473788787
2014-01-05,-9.68,-16.96,-12.58,0.18,0.37,-16.93,4.4,0.1309807683995251
2014-01-06,-2.44,-17.13,-9.66,0.0,0.37,-16.99,10.08,0.3492325445512899
2014-01-07,8.35,-5.19,0.5,0.0,0.38,-8.45,4.06,0.7757905083728662
2014-01-08,3.97,-5.64,-1.8,0.0,0.38,-6.23,9.36,0.4281204827065724
2014-01-09,7.76,-5.69,-0.28,0.0,0.38,-6.63,9.07,0.6835469485994279
2014-01-10,4.18,-2.72,0.44,0.0,0.38,-8.77,6.98,0.5087958743002032
2014-01-11,11.76,-0.88,3.59,0.0,0.38,-5.51,10.67,0.9753801631417742
2014-01-12,8.41,-1.63,3.05,0.0,0.38,-7.09,6.33,0.7442513410263514
2014-01-13,9.31,-3.16,1.9,0.0,0.38,-8.59,8.28,0.8530249623292201
2014-01-14,2.22,-5.14,-2.03,0.2,0.38,-8.87,4.59,0.4044644438803093
2014-01-15,11.52,-4.06,2.63,0.0,0.38,-7.35,9.9,1.0070899698526845
2014-01-16,5.78,-5.27,0.04,0.31,0.38,-8.85,9.09,0.608106495059827
2014-01-17,8.69,-4.92,1.45,0.0,0.38,-8.85,10.93,0.8113823934717943
2014-01-18,8.16,-1.5,1.83,0.0,0.38,-8.09,11.31,0.7524861875602598
2014-01-19,14.75,-0.57,4.58,0.0,0.38,-8.12,12.21,1.346838464727783
2014-01-20,6.34,-3.62,0.5,0.0,0.37,-8.75,11.14,0.6420296793064593
2014-01-21,13.92,-3.51,2.81,0.0,0.37,-10.95,12.22,1.325436030618544
2014-01-22,6.49,-7.97,-0.56,0.79,0.37,-8.78,10.7,0.652730560150935
2014-01-23,-4.99,-11.27,-8.18,1.71,0.37,-13.91,8.69,0.21310778197288713
2014-01-24,9.81,-7.01,0.94,0.0,0.37,-11.48,10.86,0.9585472253252849
2014-01-25,11.36,-0.8,3.29,0.0,0.37,-6.85,12.19,0.9789002034462404
2014-01-26,13.94,-9.49,2.17,0.03,0.38,-6.75,11.84,1.2240012404493488
2014-01-27,-7.07,-9.95,-8.59,1.4,0.37,-15.08,4.79,0.1701976141307264
2014-01-28,-0.88,-13.68,-7.27,0.0,0.37,-16.92,11.31,0.41057022006402116
2014-01-29,9.42,-7.99,0.39,0.0,0.37,-11.29,11.99,0.9232731901226057
2014-01-30,7.2,-4.65,1.78,5.09,0.38,-3.91,6.11,0.5583529703847615
2014-01-31,-3.75,-8.77,-5.73,2.95,0.38,-9.03,3.82,0.1544215279118386
2014-02-01,-4.77,-10.0,-7.18,0.35,0.38,-10.51,3.76,0.1542318844231616
2014-02-02,0.44,-13.43,-7.5,0.0,0.38,-12.02,11.39,0.38757663698829575
2014-02-03,2.64,-10.38,-4.75,0.02,0.38,-10.41,9.17,0.4620702307024064
2014-02-04,-7.21,-17.69,-10.87,4.44,0.38,-13.22,3.43,0.13502871112878215
2014-02-05,-16.36,-21.07,-19.02,0.02,0.38,-22.11,11.34,0.06645030440202403
2014-02-06,-12.9,-21.29,-17.63,0.0,0.38,-19.95,8.27,0.10116482996261275
2014-02-07,2.86,-17.26,-7.36,0.0,0.38,-11.85,12.86,0.5038515169028037
2014-02-08,8.9,-6.27,-0.68,0.0,0.39,-6.59,12.82,0.7673683874544097
2014-02-09,-3.97,-10.25,-7.59,0.41,0.39,-10.29,2.94,0.17608179425464915
2014-02-10,-4.3,-11.26,-7.93,0.1,0.39,-9.78,4.05,0.15336566218414044
2014-02-11,8.22,-8.2,-0.9,0.0,0.39,-5.51,11.34,0.6838080992837019
2014-02-12,7.71,-4.2,0.66,0.0,0.39,-5.47,9.25,0.6453847288445991
2014-02-13,14.93,0.01,5.49,0.02,0.39,-2.19,14.53,1.1776373377276714
2014-02-14,8.54,-3.65,1.81,0.0,0.39,-7.33,14.85,0.7606286103014934
2014-02-15,9.03,-1.85,4.04,0.0,0.39,-0.48,13.4,0.5605997434318117
2014-02-16,18.73,-0.47,6.6,0.0,0.39,-1.76,11.63,1.6237977999976918
2014-02-17,15.19,-4.48,5.14,0.0,0.38,-10.99,14.5,1.4622766196914152
2014-02-18,14.47,-1.05,6.04,0.0,0.38,-8.03,16.64,1.3144337300509794
2014-02-19,16.89,-3.14,5.23,1.0,0.38,-5.22,14.01,1.5100712262761262
2014-02-20,2.03,-5.68,-1.86,0.5,0.38,-13.17,12.12,0.48575697341438673
2014-02-21,9.23,-3.42,1.86,0.0,0.38,-10.36,16.6,0.8883660973372642
2014-02-22,10.51,-3.74,2.0,0.26,0.38,-6.97,16.64,0.9083765881298267
2014-02-23,6.37,-6.23,-2.27,0.07,0.38,-6.99,7.55,0.5977062971691136
2014-02-24,16.06,-8.21,2.43,0.01,0.38,-7.41,16.42,1.4752052474324553
2014-02-25,4.42,-10.58,-5.01,0.51,0.38,-10.57,6.01,0.5645683732665114
2014-02-26,5.42,-9.56,-1.82,0.0,0.38,-12.66,17.26,0.6674331777776926
2014-02-27,15.54,-3.18,4.56,0.0,0.38,-5.02,15.99,1.345007883957801
2014-02-28,14.2,-6.59,3.58,0.02,0.38,-2.63,15.41,1.1161540836180603
2014-03-01,-6.5,-11.25,-8.79,0.35,0.38,-11.98,5.45,0.1317039577352047
2014-03-02,-8.33,-15.2,-11.36,0.04,0.38,-15.56,7.68,0.14406680248236262
2014-03-03,14.35,-8.74,2.86,0.0,0.38,-7.16,15.31,1.278371119783285
2014-03-04,13.56,-1.07,6.07,0.41,0.38,-3.45,12.32,1.0801062506252155
2014-03-05,10.46,-2.13,3.05,0.19,0.38,-3.78,17.32,0.8044908952574132
2014-03-06,20.31,-0.8,9.26,0.0,0.37,-5.34,14.92,1.973105839929611
2014-03-07,7.0,-2.73,2.54,3.26,0.38,-0.38,9.45,0.407745193717034
2014-03-08,9.14,-3.24,2.4,0.05,0.38,-4.43,16.83,0.7192017607423871
2014-03-09,22.27,-0.45,9.63,0.0,0.38,-7.53,20.81,2.340938632160075
2014-03-10,22.52,2.77,11.76,0.01,0.38,-6.44,20.23,2.351610367106722
2014-03-11,8.25,-4.53,2.52,0.43,0.38,-4.33,6.94,0.648075561205395
2014-03-12,10.56,-6.07,1.83,0.0,0.37,-11.56,21.87,1.0225695663591607
2014-03-13,17.1,-2.9,6.58,0.0,0.37,-9.92,21.29,1.6625141150307305
2014-03-14,16.1,-2.99,6.62,0.0,0.37,-6.37,21.8,1.4506088036558173
2014-03-15,8.88,-1.49,3.61,0.14,0.37,-4.24,17.39,0.6926697854165632
2014-03-16,13.67,-4.64,3.85,0.01,0.37,-5.39,20.38,1.155825931842212
2014-03-17,20.07,1.03,10.11,0.0,0.37,-6.78,16.26,1.9808941050812752
2014-03-18,1.94,-2.62,0.03,1.48,0.37,-6.89,9.9,0.3381848070278644
2014-03-19,11.27,-5.06,2.79,0.0,0.37,-9.34,22.51,1.0354391043859978
2014-03-20,19.01,-0.91,9.16,0.0,0.37,-8.89,21.79,1.8868904163859899
2014-03-21,8.2,-1.37,3.46,0.0,0.37,-7.57,18.68,0.7417273070546624
2014-03-22,3.58,-7.34,-2.24,0.87,0.37,-7.26,6.33,0.43537671800726946
2014-03-23,13.84,-7.7,2.52,0.01,0.37,-8.04,22.43,1.2487555857689419
2014-03-24,5.32,-5.44,-0.31,0.01,0.37,-8.21,19.83,0.5630551875085787
2014-03-25,13.43,-6.44,2.5,0.0,0.37,-7.5,22.66,1.1927977616674308
2014-03-26,22.21,-0.18,11.18,0.26,0.37,-4.77,21.56,2.24937242418081
2014-03-27,12.3,1.12,6.22,0.64,0.37,-1.51,18.92,0.883702558243161
2014-03-28,13.22,-1.65,5.49,0.09,0.37,-6.72,20.65,1.1502191547198337
2014-03-29,20.63,-2.12,9.31,0.0,0.36,-7.5,20.48,2.083415277753314
2014-03-30,21.23,4.99,13.55,0.0,0.36,-5.68,11.89,2.1224408830110577
2014-03-31,13.73,0.33,7.62,0.0,0.36,-7.41,24.85,1.2207478659862796
2014-04-01,16.9,-2.56,5.83,0.0,0.36,-6.15,22.2,1.5396978278096483
2014-04-02,16.0,-3.34,5.35,1.55,0.36,-3.11,22.15,1.3326663240370078
2014-04-03,4.86,-3.59,0.81,5.93,0.36,-4.39,6.22,0.42272958888648
2014-04-04,12.5,-5.62,3.87,0.0,0.37,-6.84,22.77,1.0836397160956655
2014-04-05,15.12,0.39,7.95,0.0,0.37,-3.66,20.78,1.2525439035665353
2014-04-06,14.38,-0.15,7.19,0.04,0.37,-3.3,17.4,1.159686100357849
2014-04-07,8.92,0.61,4.7,0.03,0.37,-4.02,19.99,0.688293996897636
2014-04-08,19.66,0.23,10.36,0.0,0.37,-2.97,25.05,1.7987939527624566
2014-04-09,25.84,5.46,15.89,0.0,0.37,-2.37,24.13,2.816637822035787
2014-04-10,20.66,5.53,12.48,0.0,0.36,0.4,24.2,1.8067261324494583
2014-04-11,25.34,5.35,15.55,0.0,0.36,-1.89,26.04,2.700781748762645
2014-04-12,25.58,9.01,16.49,1.45,0.36,-0.33,18.57,2.682594656971421
2014-04-13,7.68,-4.54,1.41,7.42,0.37,-4.11,4.42,0.599099905028488
2014-04-14,5.13,-5.97,-0.96,0.26,0.37,-11.37,22.09,0.6241372330018313
2014-04-15,18.37,-4.14,8.2,0.0,0.37,-8.19,21.96,1.7830502663034489
2014-04-16,13.15,2.94,7.77,0.07,0.37,-3.08,21.89,1.0258205036712058
2014-04-17,16.13,0.8,8.11,0.01,0.37,-0.73,18.13,1.2543380866809115
2014-04-18,26.13,1.87,14.93,0.0,0.37,0.06,26.3,2.773886146581674
2014-04-19,19.14,9.08,14.12,0.03,0.37,3.22,20.71,1.4469794808663157
2014-04-20,20.38,8.0,13.85,0.0,0.37,5.1,19.41,1.5154349704251417
2014-04-21,21.17,6.71,13.84,0.0,0.36,-1.38,26.63,1.9609825551260283
2014-04-22,27.59,6.62,17.55,0.01,0.36,3.5,25.63,2.905544765126926
2014-04-23,27.4,3.65,16.2,1.14,0.36,1.19,20.04,2.984099062328008
2014-04-24,18.84,3.01,10.85,0.02,0.36,-7.67,28.12,1.8324881079762185
2014-04-25,24.62,4.72,14.85,0.01,0.36,-4.72,26.71,2.666561955582597
2014-04-26,27.3,10.2,18.93,0.0,0.36,-0.82,19.94,3.053277415425651
2014-04-27,11.66,3.35,7.52,10.56,0.37,2.51,14.14,0.6396118261426312
2014-04-28,12.6,2.3,7.38,0.02,0.37,-4.39,19.36,1.0179349574189756
2014-04-29,9.26,0.62,5.11,0.36,0.37,-3.52,15.9,0.6974390271719373
2014-04-30,11.48,-1.16,4.95,0.02,0.37,-4.97,22.71,0.9330530137539232
2014-05-01,14.22,-0.3,6.64,0.0,0.37,-7.97,26.27,1.2864211197892619
2014-05-02,23.86,0.33,13.07,0.0,0.37,-1.94,27.79,2.4291781292224597
2014-05-03,28.12,7.93,18.24,0.0,0.37,-0.74,26.35,3.227743635730298
2014-05-04,29.81,10.67,20.72,0.0,0.36,-1.58,19.05,3.6530091445194977
2014-05-05,30.39,8.59,20.19,0.0,0.36,-1.2,24.97,3.7794367199390315
2014-05-06,28.34,9.9,19.54,0.0,0.36,-1.62,25.06,3.3129780399939617
2014-05-07,24.85,9.2,16.67,3.48,0.36,4.35,23.27,2.306069849627908
2014-05-08,15.2,1.44,7.76,3.53,0.36,0.75,23.72,1.0824739498688036
2014-05-09,21.58,3.4,12.64,0.03,0.36,-1.58,26.06,2.0329657761779485
2014-05-10,22.78,5.62,14.53,0.08,0.36,1.4,21.4,2.0963602345223036
2014-05-11,9.6,1.09,5.55,11.96,0.36,1.88,8.11,0.4958290315901738
2014-05-12,6.34,-0.9,2.11,2.96,0.38,-3.71,14.41,0.49307485949897667
2014-05-13,10.86,-2.49,4.54,0.0,0.38,-4.95,20.95,0.8777693423243642
2014-05-14,15.08,0.01,7.94,0.18,0.38,-3.6,24.82,1.2460240051937128
2014-05-15,16.07,4.36,10.35,0.29,0.38,-0.92,26.21,1.2553382858761903
2014-05-16,20.48,4.68,11.87,0.1,0.38,1.76,20.75,1.7150556669727053
2014-05-17,22.81,3.71,13.05,0.39,0.38,3.82,19.05,1.9742979225991586
2014-05-18,29.66,7.11,18.06,0.02,0.37,4.01,25.52,3.347182940827011
2014-05-19,28.97,11.36,20.43,0.0,0.37,2.5,30.35,3.2674443610686215
2014-05-20,26.51,10.04,18.45,2.86,0.37,8.33,27.59,2.367002014302802
2014-05-21,24.31,10.95,16.84,8.71,0.38,10.81,24.29,1.7436647474585996
2014-05-22,26.51,9.2,18.2,4.08,0.38,9.96,23.62,2.2394466495237983
2014-05-23,22.78,12.36,16.74,0.35,0.38,9.39,14.0,1.5936092641476405
2014-05-24,21.52,10.44,15.91,0.14,0.38,9.37,15.73,1.390485183594329
2014-05-25,26.05,10.59,17.75,0.03,0.38,6.0,24.98,2.4362785928516386
2014-05-26,26.77,9.39,18.35,1.59,0.38,6.46,25.52,2.5522023960798634
2014-05-27,29.66,11.63,20.98,0.0,0.37,6.05,31.15,3.2226653099438405
2014-05-28,32.61,13.9,23.8,0.0,0.37,5.51,30.73,4.017291651010743
2014-05-29,32.95,16.09,24.63,0.03,0.36,6.59,31.13,4.042057306859361
2014-05-30,27.26,16.16,20.67,10.1,0.37,12.77,21.0,2.144701679273104
2014-05-31,29.29,12.09,21.1,1.42,0.38,9.24,27.98,2.906492129568607
2014-06-01,30.29,13.64,21.44,5.86,0.38,8.93,26.8,3.1715129205213604
2014-06-02,30.42,12.47,21.31,0.44,0.38,8.41,30.99,3.2432628093692957
2014-06-03,36.58,14.97,25.41,0.0,0.37,6.5,26.5,5.164706999185453
2014-06-04,31.41,11.56,21.65,7.36,0.37,7.3,30.45,3.5758419018456316
2014-06-05,27.37,13.98,20.3,2.69,0.38,10.43,25.06,2.379670942738016
2014-06-06,25.28,14.64,19.94,3.75,0.38,13.15,23.94,1.7084660416023643
2014-06-07,21.89,10.71,15.86,0.51,0.38,10.29,12.9,1.3742258215715013
2014-06-08,18.32,6.83,12.85,22.17,0.39,10.11,9.78,0.8688417344978951
2014-06-09,18.8,7.22,12.0,2.27,0.42,4.93,17.95,1.3020670946088577
2014-06-10,28.92,6.79,19.19,0.0,0.41,4.95,28.91,3.117924884249142
2014-06-11,30.97,12.66,20.05,2.48,0.4,8.08,20.99,3.4062969603285893
2014-06-12,23.37,8.63,16.4,0.04,0.4,7.86,29.9,1.810345220057922
2014-06-13,33.18,11.73,22.43,0.0,0.39,5.84,30.98,4.1563562235027245
2014-06-14,29.14,10.13,20.27,4.09,0.39,6.84,30.01,3.047295329333902
2014-06-15,27.35,7.85,18.55,0.01,0.39,3.68,31.92,2.8440821834408556
2014-06-16,32.85,12.25,23.59,0.0,0.38,-0.19,30.96,4.385574143371053
2014-06-17,33.46,13.49,24.81,0.0,0.37,1.78,32.53,4.4667906069187655
2014-06-18,32.4,13.61,22.89,2.11,0.37,4.66,31.43,4.011487911149123
2014-06-19,29.51,10.68,20.18,0.0,0.37,6.04,31.98,3.1875575911059513
2014-06-20,32.75,17.21,24.32,1.03,0.36,8.63,27.39,3.84036076384851
2014-06-21,33.01,16.73,24.7,2.31,0.36,10.08,25.31,3.7984089227656117
2014-06-22,29.29,14.86,20.71,9.84,0.37,11.85,22.14,2.684548467546479
2014-06-23,25.71,13.59,19.27,9.43,0.39,12.77,27.86,1.8288584096470855
2014-06-24,28.9,13.95,21.04,3.63,0.39,13.61,23.15,2.4239945332753603
2014-06-25,30.5,15.5,22.94,7.76,0.4,12.92,28.0,2.8763284107349696
2014-06-26,33.65,14.72,24.2,3.82,0.39,10.99,30.3,3.904630935269976
2014-06-27,27.91,15.65,20.94,6.75,0.4,11.81,15.81,2.375079198012463
2014-06-28,28.84,13.69,21.34,0.11,0.4,7.01,27.36,2.966241995161339
2014-06-29,33.94,15.09,24.67,0.01,0.39,9.38,30.76,4.123648268876922
2014-06-30,31.56,15.44,23.28,0.2,0.38,6.25,28.1,3.6864036216097045
2014-07-01,26.53,13.26,19.59,0.21,0.38,5.47,25.82,2.5668562969864253
2014-07-02,25.69,12.55,19.27,0.13,0.37,9.26,23.51,2.1319482455815875
2014-07-03,31.76,14.35,23.18,0.52,0.37,13.33,29.8,3.160258441639803
2014-07-04,33.42,16.13,24.94,3.28,0.37,11.69,26.91,3.775719307700152
2014-07-05,35.17,16.89,26.37,0.0,0.37,8.76,28.63,4.546148938565417
2014-07-06,37.12,19.06,28.74,0.01,0.36,7.76,28.29,5.260585010648515
2014-07-07,38.65,17.91,28.2,7.23,0.36,9.39,28.95,5.682510685356579
2014-07-08,26.94,15.02,21.01,0.92,0.37,12.64,25.77,2.0899468152797445
2014-07-09,34.34,16.72,25.69,2.17,0.37,12.51,28.21,3.9703555493377607
2014-07-10,36.34,17.89,27.67,0.0,0.37,9.18,31.07,4.890629696370808
2014-07-11,35.72,21.17,27.51,6.88,0.36,13.69,29.48,4.28360513986616
2014-07-12,30.27,18.54,23.91,2.87,0.37,15.89,25.53,2.5036692603773343
2014-07-13,30.89,17.64,24.14,5.59,0.37,14.07,23.9,2.858653098998276
2014-07-14,28.81,16.32,22.55,1.89,0.38,12.36,28.71,2.525697490648665
2014-07-15,26.72,13.78,19.87,1.91,0.38,10.29,12.74,2.255159758918751
2014-07-16,26.73,14.25,19.9,3.2,0.38,13.33,13.54,1.9788421875936728
2014-07-17,25.64,13.96,19.27,0.6,0.38,11.3,14.49,1.9514429758122758
2014-07-18,33.92,12.65,23.7,0.69,0.38,10.45,25.31,4.030126264289468
2014-07-19,36.08,17.66,27.11,0.0,0.37,8.32,27.86,4.8707498141302565
2014-07-20,38.16,19.89,29.33,0.02,0.37,7.13,28.7,5.671450743285759
2014-07-21,36.58,21.07,27.72,0.0,0.36,9.96,19.94,4.908009078291258
2014-07-22,36.57,20.59,28.5,0.2,0.36,11.63,29.7,4.760625244707775
2014-07-23,37.19,20.31,28.79,0.02,0.36,13.1,24.03,4.832447352144525
2014-07-24,39.02,20.59,29.29,1.13,0.35,11.74,26.48,5.620280870313866
2014-07-25,35.26,21.04,27.95,0.47,0.35,12.61,26.27,4.244000510479014
2014-07-26,34.78,19.97,26.64,1.35,0.35,9.68,27.83,4.352793390407635
2014-07-27,31.07,18.31,24.61,0.34,0.35,9.25,27.65,3.342932409667999
2014-07-28,26.9,17.75,22.34,0.3,0.35,12.77,24.93,2.069091687962262
2014-07-29,23.72,15.71,19.74,10.79,0.36,14.83,18.19,1.2473643214578918
2014-07-30,22.32,15.08,17.88,7.4,0.38,12.08,10.2,1.285961371546547
2014-07-31,28.23,13.96,21.08,0.21,0.38,8.72,25.06,2.7043228758238795
2014-08-01,30.35,15.44,23.18,0.01,0.38,9.02,24.42,3.179380055756419
2014-08-02,31.47,17.46,24.4,0.0,0.37,8.75,27.55,3.485395437533402
2014-08-03,32.42,16.03,24.85,0.01,0.37,8.99,28.48,3.721508872668191
2014-08-04,31.46,17.33,24.94,0.09,0.36,11.39,26.23,3.264457741144552
2014-08-05,27.99,18.84,23.0,3.35,0.36,13.65,16.85,2.215074430147407
2014-08-06,32.08,16.83,24.31,0.23,0.36,10.89,27.55,3.473166131473236
2014-08-07,29.43,16.37,22.81,8.37,0.37,15.04,19.24,2.3965560495967706
2014-08-08,31.74,17.04,24.03,2.42,0.38,12.97,25.84,3.1905266302123696
2014-08-09,32.95,16.77,25.0,1.46,0.37,10.86,20.94,3.715509686311811
2014-08-10,27.34,15.48,21.56,3.09,0.38,11.69,26.47,2.262928555521405
2014-08-11,30.66,13.99,22.79,0.0,0.37,10.71,26.12,3.1187366861763723
2014-08-12,33.73,16.17,25.23,0.0,0.37,10.68,26.97,3.9547627088416153
2014-08-13,34.96,16.68,26.66,0.0,0.36,11.49,26.83,4.254174718836411
2014-08-14,32.97,19.3,25.29,9.37,0.37,13.84,21.1,3.4396076331207723
2014-08-15,32.5,18.13,24.78,0.25,0.38,11.93,26.96,3.4946758523657007
2014-08-16,34.47,18.31,26.26,0.0,0.37,9.79,26.57,4.2492615187525615
2014-08-17,36.14,18.73,27.19,0.05,0.37,8.34,24.9,4.888919774512261
2014-08-18,34.7,17.87,25.79,2.08,0.36,8.64,24.65,4.409681435687416
2014-08-19,34.2,18.31,25.49,1.04,0.36,10.6,24.46,4.100565306427937
2014-08-20,31.86,18.89,25.25,2.01,0.36,12.53,20.81,3.2649486762562336
2014-08-21,30.73,18.46,24.37,2.63,0.36,12.02,25.78,3.0195798752535037
2014-08-22,25.09,16.75,20.68,26.59,0.38,16.73,16.33,1.2799781815542126
2014-08-23,28.05,13.96,20.61,2.36,0.41,13.51,24.58,2.242473041058506
2014-08-24,27.95,13.11,20.49,3.61,0.41,9.19,25.96,2.6060598714154475
2014-08-25,26.99,13.96,20.29,4.16,0.41,13.25,24.15,2.040807924173045
2014-08-26,23.96,15.2,19.41,7.43,0.42,15.47,16.85,1.219123016307909
2014-08-27,25.53,16.08,20.29,11.39,0.42,15.73,18.79,1.4820056238941948
2014-08-28,24.5,12.88,18.13,1.45,0.43,10.33,22.46,1.8192665180073437
2014-08-29,28.28,12.65,20.43,0.0,0.42,9.02,25.35,2.6923819195454053
2014-08-30,30.75,14.29,22.43,0.66,0.41,10.02,24.88,3.1994350980008903
2014-08-31,30.09,14.6,21.44,0.13,0.4,10.61,16.62,2.9859492710982303
2014-09-01,27.33,10.27,18.87,0.0,0.4,8.54,23.29,2.522082828144523
2014-09-02,29.13,12.03,20.95,0.0,0.39,11.3,24.18,2.696747080138625
2014-09-03,35.4,15.52,25.63,0.0,0.38,8.53,24.24,4.63607351147762
2014-09-04,25.31,13.64,19.59,0.73,0.38,7.13,22.19,2.215907719600364
2014-09-05,20.73,10.4,14.49,3.03,0.38,7.94,12.25,1.3776642110395756
2014-09-06,24.27,9.38,16.75,0.0,0.38,8.34,23.78,1.9347528657113917
2014-09-07,30.92,11.83,21.09,0.01,0.38,9.73,23.27,3.2662500048624703
2014-09-08,30.23,14.49,22.63,0.23,0.38,8.08,18.09,3.220734917750634
2014-09-09,27.68,14.32,20.68,2.55,0.37,11.03,15.82,2.3947361173467354
2014-09-10,22.23,9.77,15.39,1.83,0.38,7.5,20.25,1.644443892395405
2014-09-11,11.24,1.59,8.04,4.34,0.38,5.48,7.06,0.4318293678120002
2014-09-12,12.21,0.35,5.33,1.13,0.39,-1.14,11.17,0.8601595326706237
2014-09-13,25.19,1.56,12.4,0.0,0.39,1.88,21.27,2.5042017497466045
2014-09-14,30.64,9.19,19.92,0.02,0.38,6.68,22.11,3.4212755650240174
2014-09-15,22.51,10.28,15.67,0.01,0.38,7.41,13.13,1.6968268656062426
2014-09-16,30.66,11.64,20.29,0.0,0.38,6.89,21.87,3.4120430016812753
2014-09-17,32.6,13.92,22.76,0.04,0.37,6.99,19.23,3.9172105765177374
2014-09-18,32.28,14.61,23.07,0.01,0.37,8.04,21.18,3.7548319531736665
2014-09-19,31.7,14.87,23.11,0.05,0.37,8.54,22.05,3.5618924079741117
2014-09-20,27.73,15.32,20.76,0.03,0.37,11.34,21.06,2.378233001950327
2014-09-21,24.28,13.38,17.66,0.02,0.36,4.33,17.35,2.2020897221585907
2014-09-22,25.36,12.93,18.15,10.56,0.37,9.95,10.03,2.0124900703606503
2014-09-23,28.42,13.46,20.73,0.81,0.38,9.63,17.57,2.6755112269870205
2014-09-24,28.7,13.82,20.75,0.0,0.38,7.54,20.99,2.8971341078507997
2014-09-25,29.95,13.47,21.25,0.0,0.38,8.15,20.94,3.147133812323091
2014-09-26,30.1,13.18,21.01,0.0,0.37,8.57,21.17,3.152329443374577
2014-09-27,28.87,11.94,20.22,0.0,0.37,8.69,20.64,2.851444790273876
2014-09-28,28.06,12.13,19.42,0.29,0.37,10.02,19.53,2.5635465196444494
2014-09-29,24.67,8.96,16.81,15.05,0.38,11.0,16.22,1.793327060543613
2014-09-30,21.94,7.5,15.04,0.0,0.4,3.42,19.81,1.8536243252454385
2014-10-01,21.46,5.34,13.72,3.86,0.39,4.34,17.89,1.7252203815491174
2014-10-02,17.0,4.32,10.27,0.22,0.4,0.56,18.55,1.3015829142645066
2014-10-03,14.17,0.79,6.79,0.02,0.39,-3.57,19.52,1.1471460010826489
2014-10-04,21.85,2.68,12.51,0.0,0.39,-1.81,19.58,2.0849810447937736
2014-10-05,22.13,7.07,13.69,0.01,0.39,2.27,18.05,1.9455602959797385
2014-10-06,24.31,7.21,15.69,0.0,0.38,1.87,18.41,2.340788142545865
2014-10-07,26.14,10.38,17.06,0.0,0.38,3.62,18.47,2.5975948585615263
2014-10-08,20.99,10.29,15.17,0.0,0.38,8.16,12.32,1.400962950934894
2014-10-09,16.1,9.52,12.42,7.39,0.38,9.31,5.59,0.6576071578196443
2014-10-10,13.17,5.03,8.44,5.61,0.4,5.29,8.97,0.6243803025280967
2014-10-11,20.38,4.14,11.41,0.0,0.4,3.98,17.64,1.5817368325575571
2014-10-12,17.77,6.32,11.18,2.35,0.4,2.94,6.91,1.2797832747653397
2014-10-13,14.22,2.91,7.57,0.0,0.4,-1.92,16.64,1.0910298118771995
2014-10-14,21.2,2.7,11.66,0.0,0.39,-1.25,17.5,1.960303887817681
2014-10-15,27.85,6.88,16.55,0.0,0.39,-0.23,16.92,3.1463908460135754
2014-10-16,21.93,8.25,14.87,0.0,0.39,0.84,15.49,1.9835067194120257
2014-10-17,18.85,4.66,10.89,0.0,0.38,0.77,15.09,1.5310256909726236
2014-10-18,18.46,4.54,10.87,0.0,0.38,4.06,14.9,1.3077456033240507
2014-10-19,23.22,6.99,13.84,0.0,0.38,4.71,16.35,1.9922299859601922
2014-10-20,23.48,8.64,14.93,0.0,0.38,3.3,16.36,2.117990696831824
2014-10-21,24.51,8.97,15.73,0.0,0.38,6.9,15.49,2.0814881470432978
2014-10-22,20.89,9.88,14.69,0.23,0.38,6.21,15.44,1.5214589267999747
2014-10-23,23.55,7.99,14.84,0.0,0.38,3.33,14.71,2.128567242352049
2014-10-24,26.93,10.71,17.47,0.0,0.37,0.61,14.87,2.912270440891721
2014-10-25,26.88,8.97,16.69,0.0,0.37,2.14,15.56,2.8275740034808745
2014-10-26,26.06,12.2,17.64,0.0,0.37,2.45,14.75,2.6446885753083156
2014-10-27,12.15,2.27,8.07,0.02,0.37,-1.97,7.69,0.8879146164480658
2014-10-28,14.39,1.62,7.09,0.0,0.37,-4.42,15.27,1.1994209297152902
2014-10-29,20.56,2.34,10.29,0.0,0.37,-5.12,13.56,2.003224577097877
2014-10-30,16.51,2.54,8.43,0.0,0.37,-2.3,14.17,1.3625575941768662
2014-10-31,12.64,-0.85,5.58,0.0,0.37,-1.97,14.32,0.9342801455856082
2014-11-01,23.82,1.42,12.18,0.0,0.37,2.59,12.27,2.2158330436295173
2014-11-02,21.57,10.44,14.82,0.01,0.37,3.96,7.79,1.7644496873888942
2014-11-03,8.95,0.08,4.98,2.32,0.37,0.5,9.03,0.5108013464194046
2014-11-04,14.3,-1.07,5.72,0.0,0.37,-4.44,14.16,1.1905640634217547
2014-11-05,17.25,1.89,8.19,0.0,0.37,-4.55,13.96,1.53285260428834
2014-11-06,18.01,1.14,8.59,0.0,0.37,-2.36,13.87,1.5517666001607706
2014-11-07,20.4,6.29,11.58,0.54,0.37,-0.69,9.58,1.8160101271324474
2014-11-08,16.8,1.02,8.0,0.0,0.37,0.0,13.08,1.302505694509122
2014-11-09,22.26,5.14,12.78,0.0,0.37,-3.22,11.98,2.204478489480896
2014-11-10,15.32,-9.68,2.93,0.04,0.37,-6.96,9.81,1.3783305944605433
2014-11-11,-5.11,-10.96,-8.59,0.09,0.37,-15.28,7.77,0.23158621331517779
2014-11-12,-11.27,-15.07,-13.06,0.41,0.37,-20.62,5.78,0.14011258144107114
2014-11-13,-8.41,-17.15,-12.8,0.01,0.37,-20.56,11.78,0.20514010085412715
2014-11-14,2.1,-13.55,-5.66,0.0,0.37,-10.39,9.91,0.4337144097538637
2014-11-15,-4.23,-12.24,-8.23,0.69,0.37,-11.91,10.56,0.20122451306195327
2014-11-16,0.78,-12.22,-6.68,0.04,0.37,-16.33,11.33,0.47589704537101873
2014-11-17,2.41,-10.13,-4.64,0.0,0.37,-14.26,12.37,0.524141487166216
2014-11-18,9.39,-7.35,0.08,0.0,0.37,-11.03,11.61,0.9154626734496911
2014-11-19,8.57,-2.44,1.58,0.0,0.37,-8.1,11.67,0.7833635316238335
2014-11-20,9.57,-2.22,1.58,0.0,0.37,-7.06,11.74,0.8333469251669771
2014-11-21,11.85,-0.64,4.1,0.0,0.37,-4.9,11.57,0.9643654834190765
2014-11-22,16.59,0.2,6.22,0.0,0.37,-6.48,10.71,1.5118215655042693
2014-11-23,5.76,-3.21,1.1,0.05,0.37,-7.84,9.02,0.5811248601013317
2014-11-24,5.0,-3.69,-0.34,0.0,0.37,-8.78,8.57,0.5577315934197014
2014-11-25,7.36,-4.28,0.42,1.18,0.37,-7.56,6.26,0.6808847741191915
2014-11-26,-1.09,-4.74,-3.2,0.23,0.37,-5.78,7.1,0.16713955232749222
2014-11-27,14.84,-2.8,4.98,0.0,0.37,-4.0,9.28,1.2335985628504285
2014-11-28,20.66,4.27,11.14,0.0,0.37,-4.74,8.23,2.0059716242300922
2014-11-29,19.92,3.37,9.18,0.0,0.37,-6.64,9.0,1.9552006365242247
2014-11-30,7.64,-9.71,-1.28,0.01,0.37,-10.62,4.43,0.7747848119212963
2014-12-01,-0.59,-8.13,-4.82,0.01,0.37,-11.97,10.62,0.3410210262243992
2014-12-02,13.87,-2.61,3.51,0.0,0.37,-4.93,10.23,1.1617476907238105
2014-12-03,3.79,-3.36,-0.92,0.0,0.37,-8.6,8.69,0.4822675684811051
2014-12-04,8.88,-1.33,3.14,0.0,0.37,-2.47,6.27,0.6294447818334103
2014-12-05,11.76,-0.38,3.95,0.0,0.37,-0.54,10.33,0.7933125758120982
2014-12-06,8.02,-1.01,2.48,0.0,0.37,-1.18,6.36,0.513935959299844
2014-12-07,15.0,0.18,5.72,0.0,0.37,-3.03,10.27,1.2168152242721406
2014-12-08,11.33,-1.82,3.37,0.0,0.37,-3.75,7.53,0.8789058433005656
2014-12-09,10.09,-3.53,1.89,0.0,0.37,-3.57,6.68,0.766207802351935
2014-12-10,14.09,-0.75,5.23,0.0,0.37,-6.34,10.07,1.2277655760919237
2014-12-11,14.73,0.07,5.03,0.0,0.37,-7.01,10.13,1.3148571548732946
2014-12-12,14.53,-0.28,4.75,0.0,0.37,-5.46,10.35,1.2477348404824478
2014-12-13,10.64,-0.39,3.96,0.0,0.37,-1.2,7.3,0.7221576427836848
2014-12-14,1.12,-2.83,-0.59,8.45,0.37,-1.42,1.29,0.11193078354863206
2014-12-15,-0.51,-7.99,-4.27,0.55,0.37,-6.68,4.78,0.21811504582734592
2014-12-16,1.45,-8.04,-4.63,0.04,0.37,-8.04,4.14,0.3450183304075668
2014-12-17,-1.54,-7.18,-4.17,0.05,0.37,-7.52,2.27,0.19855389504424176
2014-12-18,5.88,-3.76,0.32,0.0,0.38,-3.53,7.38,0.4567790836238837
2014-12-19,5.87,-2.27,0.44,0.0,0.38,-4.16,9.81,0.4779097762553881
2014-12-20,9.29,-2.21,2.89,0.01,0.38,-7.34,8.49,0.818780754359143
2014-12-21,10.07,0.26,3.57,2.79,0.38,-3.02,7.09,0.7448386225266396
2014-12-22,4.62,-1.97,0.37,0.24,0.39,-4.65,8.98,0.4169367977810514
2014-12-23,-0.57,-5.33,-2.39,1.49,0.39,-7.68,4.45,0.24312197012355846
2014-12-24,7.31,-5.5,-0.32,0.0,0.39,-9.33,8.92,0.7221266139263449
2014-12-25,5.68,-5.41,0.36,0.11,0.39,-5.0,9.34,0.49341743101096286
2014-12-26,-5.5,-8.99,-6.63,2.45,0.39,-10.84,2.99,0.1382219274430146
2014-12-27,-0.77,-11.84,-7.16,0.0,0.39,-12.96,9.37,0.35218480657827816
2014-12-28,2.22,-9.29,-4.47,0.02,0.38,-12.65,4.22,0.48585632707888027
2014-12-29,-5.55,-15.93,-10.26,5.55,0.38,-13.37,2.57,0.18609206494729078
2014-12-30,-15.7,-18.95,-17.44,0.53,0.38,-20.78,3.78,0.06325363112249154
2014-12-31,-1.21,-19.61,-10.87,0.0,0.38,-17.95,8.29,0.4104218845384523
2015-01-01,-0.7,-11.78,-7.3,0.01,0.38,-15.6,4.97,0.3991827936777915
2015-01-02,2.18,-11.6,-5.32,0.0,0.38,-9.06,9.68,0.40704921160621077
2015-01-03,-0.23,-15.22,-6.34,0.92,0.39,-10.1,4.49,0.3171986706929807
2015-01-04,-0.97,-17.37,-9.59,0.0,0.38,-13.66,8.01,0.3562968348779195
2015-01-05,10.0,-10.59,-0.77,0.0,0.39,-5.26,3.77,0.8150299776127468
2015-01-06,10.13,-6.62,1.29,0.0,0.39,-1.81,9.11,0.7038272063236698
2015-01-07,-6.1,-12.85,-9.45,0.0,0.39,-13.69,8.01,0.17508373495639004
2015-01-08,6.83,-7.01,0.46,0.02,0.39,-5.23,9.57,0.5763469245321726
2015-01-09,-0.67,-10.46,-6.74,0.0,0.39,-10.75,8.99,0.3124947471692113
2015-01-10,10.47,-8.49,-0.03,0.0,0.39,-4.31,8.37,0.823410659548417
2015-01-11,8.29,-5.07,0.73,0.18,0.39,-3.67,9.27,0.6284701335235909
2015-01-12,-2.65,-8.77,-5.65,0.17,0.39,-9.54,6.48,0.20626199726760136
2015-01-13,1.86,-9.37,-4.77,0.01,0.39,-8.53,7.58,0.37779744889405953
2015-01-14,4.37,-8.12,-2.66,0.0,0.39,-6.6,10.66,0.4620128308327893
2015-01-15,9.4,-5.41,0.76,0.0,0.39,-9.52,10.94,0.8826797442894176
2015-01-16,12.28,-0.25,4.47,0.0,0.39,-7.26,9.87,1.0745159983937167
2015-01-17,9.67,-0.38,3.4,0.0,0.39,-8.6,11.86,0.8820196727155896
2015-01-18,15.04,-1.13,5.48,0.0,0.38,-7.46,10.02,1.3610362281249553
2015-01-19,13.18,0.93,4.98,0.39,0.38,-2.27,10.87,0.9985354174668571
2015-01-20,5.25,-4.21,-0.17,1.69,0.38,-4.7,10.14,0.45678171503849374
2015-01-21,-1.28,-5.26,-2.93,0.19,0.38,-8.59,5.55,0.23688873751833833
2015-01-22,3.04,-5.54,-2.57,0.0,0.38,-11.6,11.35,0.5084897250324385
2015-01-23,6.57,-5.1,-0.13,0.0,0.38,-6.76,10.83,0.6045529826849496
2015-01-24,10.91,-1.16,3.51,0.0,0.38,-4.64,7.82,0.8720496226314287
2015-01-25,11.53,-1.25,3.85,0.0,0.38,-2.38,11.39,0.8469246186740347
2015-01-26,18.06,2.04,8.68,0.0,0.38,-2.84,12.06,1.5762828422048096
2015-01-27,22.66,4.56,10.47,0.0,0.38,-2.95,12.31,2.2607214946179663
2015-01-28,15.64,0.13,7.36,0.0,0.38,-1.22,12.31,1.2182453961514192
2015-01-29,8.78,-2.01,1.76,0.0,0.38,-6.56,11.99,0.7572872175355216
2015-01-30,7.13,-1.65,1.54,0.02,0.38,-3.52,6.35,0.5398938618394253
2015-01-31,5.43,-3.78,0.41,0.73,0.38,-2.22,3.4,0.37996015236827885
2015-02-01,-3.36,-8.23,-5.72,0.18,0.38,-11.6,9.39,0.22519282847659017
2015-02-02,10.0,-6.55,2.03,0.0,0.38,-7.4,11.14,0.8776295229463755
2015-02-03,14.79,0.48,6.77,0.0,0.38,-4.49,12.74,1.2446541827865316
2015-02-04,1.38,-6.52,-4.3,1.03,0.38,-8.63,5.26,0.3566364146833747
2015-02-05,15.14,-6.14,4.57,0.0,0.38,-5.2,13.4,1.3059556382518376
2015-02-06,20.48,2.87,9.96,0.0,0.38,-5.97,12.83,2.017523951892537
2015-02-07,21.9,4.85,11.61,0.0,0.38,-4.45,14.45,2.1887609716793084
2015-02-08,17.78,2.45,9.08,0.0,0.38,-2.63,14.65,1.532293374383444
2015-02-09,18.4,0.65,8.15,0.0,0.38,-3.25,14.43,1.6359111477950372
2015-02-10,14.22,1.96,7.34,0.0,0.37,-2.36,14.29,1.1080503800021748
2015-02-11,8.2,-0.81,2.84,0.01,0.37,-4.87,15.02,0.6621165799618824
2015-02-12,15.65,-2.89,5.24,0.0,0.37,-6.61,12.53,1.4056482695917152
2015-02-13,16.16,-0.38,7.7,0.0,0.37,-4.24,14.12,1.3908356500407133
2015-02-14,19.93,2.17,9.0,0.0,0.37,-3.85,13.31,1.8687518144430935
2015-02-15,1.8,-3.13,-0.39,1.2,0.37,-4.54,4.94,0.25948528459919373
2015-02-16,-0.47,-5.67,-2.9,0.4,0.37,-6.46,8.01,0.21351169277336757
2015-02-17,1.05,-6.23,-3.32,0.0,0.37,-11.75,14.3,0.4106700160731195
2015-02-18,7.49,-5.98,-1.11,0.0,0.37,-10.55,13.31,0.7625857736579356
2015-02-19,14.86,-3.3,5.35,0.0,0.37,-6.21,16.56,1.3060220679036298
2015-02-20,8.64,-2.12,1.77,0.44,0.37,-3.08,14.42,0.6337264844848747
2015-02-21,0.79,-7.85,-2.14,6.11,0.37,-4.54,6.46,0.2107031850247596
2015-02-22,-8.29,-11.17,-9.92,4.68,0.37,-13.94,3.04,0.11900895643491
2015-02-23,-8.03,-14.76,-10.78,0.9,0.37,-14.71,15.76,0.13849436198945464
2015-02-24,4.82,-10.94,-2.75,0.0,0.38,-9.8,18.18,0.5711353812302928
2015-02-25,4.98,-7.29,-0.45,0.57,0.39,-5.62,14.49,0.4693395168933724
2015-02-26,-5.64,-11.26,-8.8,1.17,0.39,-14.22,11.49,0.1979980108347131
2015-02-27,-7.0,-13.07,-10.65,0.59,0.39,-15.37,11.42,0.17665236840606097
2015-02-28,-3.12,-13.15,-7.83,0.02,0.39,-12.02,9.63,0.24219610778402983
2015-03-01,0.33,-8.16,-4.29,0.02,0.39,-8.9,14.04,0.31399667615523497
2015-03-02,5.67,-6.46,-0.99,0.0,0.39,-4.26,6.83,0.4685151238421451
2015-03-03,0.8,-8.08,-3.36,0.68,0.39,-7.7,9.14,0.30502322327666803
2015-03-04,-4.17,-10.6,-7.82,0.68,0.39,-14.06,14.42,0.2426428256903965
2015-03-05,6.93,-11.03,-1.88,0.0,0.39,-12.08,17.89,0.7551666427128048
2015-03-06,12.29,-2.08,4.88,0.0,0.39,-8.38,19.61,1.1050175762472763
2015-03-07,14.46,-1.02,5.37,0.0,0.39,-6.35,19.73,1.2670469836281844
2015-03-08,11.76,-2.08,3.21,0.0,0.39,-4.76,19.21,0.9516059150692647
2015-03-09,15.88,-1.22,6.74,0.0,0.39,-3.88,19.59,1.3460155681907613
2015-03-10,16.2,-0.98,7.29,0.0,0.38,-6.27,20.51,1.4593957208697248
2015-03-11,18.94,0.26,8.77,0.0,0.38,-6.39,20.68,1.8104396412783532
2015-03-12,17.84,1.74,8.72,0.0,0.38,-3.58,16.97,1.574487786190624
2015-03-13,15.75,3.9,8.9,0.0,0.38,-0.51,16.3,1.2009561464845466
2015-03-14,18.2,1.11,9.0,0.0,0.38,-3.72,21.47,1.6261608116116992
2015-03-15,25.44,4.16,13.79,0.0,0.38,-5.69,21.39,2.852143743111312
2015-03-16,27.2,5.77,15.22,0.0,0.37,-2.06,21.81,3.082316017115633
2015-03-17,10.71,0.23,4.77,0.0,0.37,-3.98,19.27,0.8326778399258403
2015-03-18,18.27,-1.68,7.69,0.31,0.37,-3.52,18.04,1.6283473106996873
2015-03-19,10.96,1.63,6.05,5.0,0.38,0.44,9.93,0.6785897454930736
2015-03-20,18.82,-0.1,9.16,0.0,0.38,-3.61,22.86,1.705064053071398
2015-03-21,19.61,2.93,10.83,0.0,0.38,-4.38,22.86,1.8409959821610649
2015-03-22,21.62,5.14,12.65,0.0,0.37,-2.29,22.67,2.0671136547772155
2015-03-23,15.84,3.6,8.7,0.0,0.37,-1.55,18.93,1.25454870474602
2015-03-24,16.83,3.1,9.65,0.55,0.37,-4.67,22.54,1.4851021675259675
2015-03-25,5.08,-1.54,2.78,2.09,0.38,-2.42,7.95,0.365956664472179
2015-03-26,14.47,-2.71,6.43,0.01,0.38,-4.16,18.53,1.1992031870686448
2015-03-27,19.22,1.75,10.75,0.0,0.37,1.03,20.11,1.5696021490012528
2015-03-28,25.43,6.03,15.54,0.0,0.37,-0.19,22.77,2.6474205353103315
2015-03-29,17.11,4.89,10.71,0.0,0.37,-4.01,24.86,1.4973601463126778
2015-03-30,23.29,3.47,12.66,0.0,0.37,-4.62,24.3,2.425607515815789
2015-03-31,25.48,4.23,15.13,0.0,0.37,-4.11,23.57,2.808974119455075
2015-04-01,25.54,5.79,15.32,1.65,0.36,-0.59,18.85,2.68604473803485
2015-04-02,14.85,-0.71,6.33,4.93,0.37,-0.37,10.59,1.0943999521876626
2015-04-03,8.97,-3.44,2.77,0.22,0.37,-6.97,23.49,0.7835478510845537
2015-04-04,17.65,-2.01,7.43,0.0,0.37,-6.62,25.95,1.6469038737904613
2015-04-05,23.52,3.15,13.44,0.0,0.37,-5.02,25.76,2.478484657504716
2015-04-06,25.43,6.63,15.46,0.0,0.37,-6.22,23.04,2.866106676326558
2015-04-07,21.79,3.38,11.32,0.19,0.37,0.07,20.13,1.9963592213210783
2015-04-08,24.53,2.85,11.69,2.41,0.37,-1.35,21.32,2.526836536319675
2015-04-09,11.15,2.3,5.41,1.09,0.37,-2.27,15.33,0.8088980405633525
2015-04-10,16.89,0.85,9.14,0.0,0.37,-3.19,24.63,1.441537688958746
2015-04-11,23.29,3.18,13.44,0.0,0.37,-3.24,22.26,2.3781719236439054
2015-04-12,23.17,3.71,12.71,0.0,0.37,-3.18,21.84,2.355368958449112
2015-04-13,18.74,0.25,9.12,0.0,0.36,-5.43,25.18,1.7543821458717574
2015-04-14,21.71,3.62,12.02,0.0,0.36,-6.47,27.2,2.2211370215806685
2015-04-15,23.63,3.81,12.62,0.02,0.36,-5.1,22.43,2.5002999482264943
2015-04-16,13.04,3.19,7.07,16.38,0.36,2.93,6.24,0.7476843929639891
2015-04-17,16.11,3.34,9.14,3.61,0.4,2.5,14.64,1.0998075781977026
2015-04-18,11.94,2.12,7.21,3.18,0.4,0.38,13.26,0.7691246153313691
2015-04-19,11.14,-0.01,5.62,10.29,0.42,-4.16,22.12,0.8761635595631745
2015-04-20,12.94,-0.62,5.97,0.13,0.41,-4.35,22.45,1.049474591884033
2015-04-21,19.66,1.53,10.96,0.0,0.41,-1.26,25.55,1.7325093212164726
2015-04-22,19.85,0.38,10.27,0.0,0.4,-0.26,26.68,1.7173186409293646
2015-04-23,24.19,5.49,14.46,1.23,0.39,3.34,19.88,2.24186910295031
2015-04-24,20.88,6.78,13.72,0.31,0.39,1.87,16.89,1.7696293993360124
2015-04-25,22.47,6.93,14.8,1.51,0.39,2.29,25.63,2.0002055759805195
2015-04-26,8.86,5.05,7.15,5.25,0.39,4.76,5.87,0.2794428853769473
2015-04-27,14.14,2.79,7.55,2.63,0.4,0.5,22.6,0.9797994794156848
2015-04-28,17.3,1.56,9.58,0.0,0.4,-1.22,24.37,1.4162271102152977
2015-04-29,23.92,3.32,14.01,0.0,0.39,-0.09,28.83,2.3628085092135382
2015-04-30,28.13,7.5,18.36,0.89,0.39,3.16,26.17,3.0422221211537006
2015-05-01,20.13,9.36,14.01,2.54,0.39,7.93,22.9,1.2894995260125695
2015-05-02,27.52,9.68,18.04,0.28,0.39,5.42,24.38,2.7773455275383974
2015-05-03,25.68,10.53,18.18,0.8,0.38,4.15,24.37,2.47648792133666
2015-05-04,17.26,8.82,12.29,5.76,0.39,7.56,16.02,0.928846405648704
2015-05-05,14.18,8.41,10.89,17.21,0.41,9.01,7.62,0.46853773480225547
2015-05-06,18.89,6.52,12.73,4.36,0.43,8.06,14.85,1.10519826005155
2015-05-07,17.43,6.42,11.62,3.0,0.43,5.95,21.61,1.059289447769733
2015-05-08,14.74,5.6,9.99,4.53,0.43,7.28,9.68,0.6557245227327237
2015-05-09,16.36,0.71,11.15,24.74,0.45,8.48,10.86,0.7521726466124508
2015-05-10,6.82,-1.75,1.89,2.79,0.47,-3.68,23.19,0.5242199936994494
2015-05-11,14.28,-2.09,6.23,0.02,0.46,-3.96,30.59,1.172254505449365
2015-05-12,23.59,2.09,13.48,0.0,0.45,4.29,27.83,2.081258485194149
2015-05-13,15.78,8.77,12.6,4.65,0.44,9.2,10.62,0.6292280861566715
2015-05-14,24.23,7.07,16.29,0.16,0.44,5.39,23.11,2.1290141142778163
2015-05-15,23.95,9.02,16.75,0.17,0.43,5.81,25.13,2.052094153683873
2015-05-16,21.02,7.26,13.74,3.2,0.42,3.36,25.26,1.7127155595603543
2015-05-17,19.73,6.44,13.58,0.06,0.42,2.73,29.06,1.5561161600250317
2015-05-18,17.87,5.85,11.48,4.34,0.42,4.75,20.55,1.18997373716637
2015-05-19,8.9,1.11,5.68,27.77,0.46,2.37,6.27,0.4157814162706832
2015-05-20,13.5,0.56,6.45,0.18,0.46,1.34,14.15,0.8744686372943974
2015-05-21,14.25,3.75,8.48,3.21,0.45,3.93,16.42,0.8154622429462945
2015-05-22,18.46,6.04,10.95,16.89,0.47,7.21,13.13,1.1080503445735668
2015-05-23,17.56,9.05,12.19,12.78,0.49,10.05,18.78,0.7754913258420866
2015-05-24,19.24,7.32,12.64,7.94,0.49,7.73,21.45,1.177310253564411
2015-05-25,18.28,6.09,11.96,0.43,0.49,5.9,25.99,1.1719526597967556
2015-05-26,21.08,6.55,14.46,0.85,0.48,7.29,25.81,1.4772682366674212
2015-05-27,25.11,9.16,17.16,1.78,0.46,10.03,25.74,1.9581595853689375
2015-05-28,25.33,10.44,16.97,5.32,0.46,10.33,19.77,1.975199005886665
2015-05-29,18.85,8.39,13.61,1.31,0.46,8.23,26.7,1.0872242768258147
2015-05-30,22.26,6.63,14.29,0.02,0.45,5.82,24.74,1.762601673243714
2015-05-31,28.81,8.81,19.07,2.28,0.44,10.19,26.46,2.718220089414592
2015-06-01,29.89,14.35,21.76,2.04,0.43,11.96,30.01,2.8174986048140394
2015-06-02,31.37,13.68,22.53,0.68,0.43,10.19,29.55,3.344412160918556
2015-06-03,24.27,13.86,18.86,0.47,0.42,12.96,18.58,1.5387615716465493
2015-06-04,29.07,13.86,21.0,3.38,0.42,13.07,24.19,2.5172671977871692
2015-06-05,25.26,15.95,19.45,22.36,0.44,15.65,15.82,1.439135900711193
2015-06-06,27.99,14.96,20.67,10.0,0.47,12.87,22.81,2.292648390182801
2015-06-07,24.5,12.08,18.74,2.51,0.46,11.31,28.1,1.7346386428441978
2015-06-08,27.58,11.98,20.24,1.97,0.45,10.61,31.38,2.409402299395668
2015-06-09,31.22,15.02,23.61,0.01,0.44,12.17,29.75,3.1308044955913816
2015-06-10,26.3,15.13,21.43,2.06,0.43,15.42,19.53,1.6695057067694388
2015-06-11,25.13,13.11,18.94,16.38,0.43,13.14,20.82,1.6808477349190942
2015-06-12,20.78,11.87,16.04,12.26,0.48,11.27,9.68,1.1171348290062422
2015-06-13,28.92,11.34,20.51,0.06,0.47,11.02,28.41,2.6727356398850435
2015-06-14,25.14,12.97,19.25,4.98,0.46,12.96,18.47,1.7004341038258661
2015-06-15,24.37,12.47,18.57,2.73,0.46,13.4,20.44,1.5134165741146854
2015-06-16,25.69,14.84,20.12,4.57,0.45,14.87,25.91,1.6092046496618182
2015-06-17,28.49,14.53,21.19,0.34,0.45,13.83,30.39,2.3080686548107865
2015-06-18,27.76,16.35,22.21,0.0,0.44,14.69,24.98,2.0558218098706886
2015-06-19,33.62,15.88,24.48,0.0,0.43,13.42,30.1,3.668323260024777
2015-06-20,30.75,17.26,23.58,0.0,0.42,13.14,31.1,2.917501795176751
2015-06-21,34.35,16.46,25.61,0.0,0.41,15.0,26.57,3.718454083554546
2015-06-22,28.2,16.91,22.53,0.0,0.4,9.62,30.12,2.6271303090915734
2015-06-23,31.61,14.03,22.62,3.13,0.4,13.38,28.09,3.1155748865809105
2015-06-24,28.91,18.03,23.24,0.03,0.4,12.46,23.23,2.5392133036018785
2015-06-25,28.91,17.48,22.45,4.3,0.4,13.96,24.71,2.390431003880873
2015-06-26,26.88,14.64,20.31,0.74,0.4,12.35,28.66,2.1050533905966864
2015-06-27,31.25,13.57,22.68,0.0,0.4,10.52,29.98,3.2855182955435676
2015-06-28,32.82,16.83,25.03,0.81,0.39,11.1,30.9,3.6581174722141188
2015-06-29,30.24,16.36,23.38,1.0,0.39,12.59,26.54,2.8437542483922496
2015-06-30,35.27,17.49,26.88,0.0,0.39,12.23,29.86,4.283156335383928
2015-07-01,32.7,19.07,26.0,2.11,0.38,13.87,28.04,3.36095031028122
2015-07-02,27.56,17.78,22.35,5.55,0.39,15.32,26.25,1.9433656879300818
2015-07-03,27.79,15.28,22.04,1.2,0.39,13.79,26.99,2.1570075573887006
2015-07-04,35.53,15.42,26.06,0.0,0.39,12.95,29.79,4.296616523007093
2015-07-05,36.12,19.48,27.03,0.64,0.39,13.83,27.04,4.399171028931019
2015-07-06,23.35,14.27,18.47,2.68,0.39,11.72,10.89,1.4925870486892185
2015-07-07,23.23,12.63,18.36,0.03,0.39,8.96,24.69,1.7037970001162874
2015-07-08,23.1,14.29,17.6,2.42,0.39,10.06,17.66,1.593566673823191
2015-07-09,27.39,11.66,20.29,2.79,0.39,11.37,21.17,2.3023826135387404
2015-07-10,30.88,17.39,23.6,2.57,0.4,12.9,28.52,2.9739895651611628
2015-07-11,32.82,16.25,24.71,0.02,0.39,11.43,28.14,3.628873129071337
2015-07-12,34.95,17.85,26.64,0.02,0.39,9.78,27.0,4.397184813902368
2015-07-13,33.35,19.53,26.17,0.0,0.38,9.7,22.31,3.9262516377978214
2015-07-14,29.51,17.6,23.74,5.02,0.38,15.02,25.04,2.4177164310513524
2015-07-15,28.34,15.34,22.32,2.46,0.39,13.41,27.11,2.3169921722953526
2015-07-16,33.03,15.25,24.67,0.03,0.39,9.47,30.53,3.8535925572624254
2015-07-17,35.72,18.57,27.26,0.03,0.38,8.62,27.75,4.731413826162812
2015-07-18,32.9,15.77,24.13,7.76,0.38,10.39,28.11,3.74157609303545
2015-07-19,28.19,16.48,22.02,4.82,0.39,16.39,20.64,1.9578704886559914
2015-07-20,30.21,15.68,23.27,0.37,0.4,10.0,29.68,3.066479140638884
2015-07-21,23.46,16.48,19.82,9.16,0.4,13.32,17.34,1.3591472388389896
2015-07-22,31.35,15.78,23.89,0.02,0.4,13.21,28.62,3.0644197428420945
2015-07-23,34.95,17.47,26.54,0.67,0.4,12.27,25.93,4.1794306196356565
2015-07-24,31.9,19.48,25.55,1.49,0.39,12.72,25.72,3.2574149656924143
2015-07-25,34.0,19.5,26.37,0.01,0.39,13.03,25.7,3.818547534349574
2015-07-26,33.52,18.65,25.43,13.73,0.39,15.49,21.4,3.418842028027006
2015-07-27,34.03,18.6,26.37,0.16,0.41,14.61,27.08,3.665155721580324
2015-07-28,29.36,15.79,22.1,0.0,0.4,4.86,29.95,3.2259475683014287
2015-07-29,28.7,14.4,21.44,0.0,0.39,6.8,24.78,2.9485709172270926
2015-07-30,30.04,15.72,23.3,1.15,0.39,12.42,26.48,2.810926676859874
2015-07-31,30.99,16.43,23.79,5.54,0.39,14.11,28.2,2.879983149800249
2015-08-01,32.17,16.95,24.94,0.02,0.39,12.86,28.44,3.316533810439957
2015-08-02,34.12,18.5,25.81,0.56,0.39,12.14,27.06,3.93933954783974
2015-08-03,31.96,19.09,24.58,1.54,0.38,12.56,16.43,3.28883567875095
2015-08-04,31.64,15.99,23.51,0.26,0.38,11.17,26.59,3.331276366087373
2015-08-05,35.19,16.02,25.91,0.0,0.38,10.62,28.58,4.402075244830904
2015-08-06,34.34,18.97,26.28,0.0,0.37,11.16,24.12,4.09404801808065
2015-08-07,30.28,18.5,24.26,3.18,0.38,15.95,24.24,2.4991993005481916
2015-08-08,27.69,17.13,21.52,1.47,0.38,13.92,22.53,2.121911754266038
2015-08-09,28.56,19.39,23.44,1.41,0.38,13.64,22.62,2.3433047014429227
2015-08-10,27.95,17.79,21.5,5.68,0.39,14.0,22.91,2.170334963027323
2015-08-11,23.47,17.17,20.34,0.22,0.39,15.44,18.86,1.1360423674578757
2015-08-12,30.71,17.72,24.0,0.01,0.39,16.62,24.21,2.527394204509069
2015-08-13,34.46,19.57,26.99,0.22,0.38,15.13,25.04,3.7373501205368482
2015-08-14,34.64,19.51,27.05,0.01,0.38,13.34,26.61,3.9803554760190947
2015-08-15,35.56,20.34,26.98,4.93,0.38,15.45,25.95,4.043680551864167
2015-08-16,32.87,18.94,25.29,2.56,0.39,16.0,18.83,3.175297612865237
2015-08-17,30.02,19.28,23.14,11.14,0.39,17.46,19.36,2.2529922359785486
2015-08-18,22.07,11.36,16.58,1.61,0.4,7.51,25.14,1.6177437072423222
2015-08-19,20.9,8.43,14.62,5.31,0.41,5.54,23.82,1.5660261757268585
2015-08-20,30.17,11.99,20.66,0.0,0.4,8.03,24.69,3.209651525702788
2015-08-21,32.54,15.09,23.61,0.23,0.4,9.65,21.9,3.702345994719839
2015-08-22,31.89,13.1,22.12,0.0,0.39,6.87,21.57,3.732349136795161
2015-08-23,26.2,8.9,17.06,0.0,0.39,2.65,24.56,2.662238077039187
2015-08-24,32.0,10.89,21.46,0.0,0.38,8.42,24.87,3.6509307126190005
2015-08-25,34.96,15.66,25.43,0.1,0.38,11.91,24.09,4.216000426531961
2015-08-26,35.6,18.64,26.97,0.02,0.38,9.77,22.89,4.602680793253042
2015-08-27,29.31,19.46,23.59,0.66,0.37,13.23,20.06,2.557545346494841
2015-08-28,30.3,15.96,22.41,0.0,0.37,10.05,23.49,3.084542387926872
2015-08-29,32.08,13.99,22.84,0.0,0.37,6.19,21.59,3.828831229717152
2015-08-30,34.57,15.75,24.75,0.0,0.37,8.29,21.98,4.396277075589817
2015-08-31,32.14,17.44,23.72,3.86,0.37,11.35,22.47,3.4489525455905685
2015-09-01,32.28,16.84,24.26,0.05,0.37,11.63,23.18,3.4618177363897242
2015-09-02,33.47,18.1,26.03,0.0,0.37,11.27,23.03,3.8278245140716454
2015-09-03,32.98,17.79,25.38,0.07,0.37,11.6,17.45,3.6585117142059014
2015-09-04,33.45,15.4,24.38,0.2,0.37,10.33,21.64,3.903131930726391
2015-09-05,31.61,19.07,25.09,0.03,0.36,10.81,18.58,3.3547581054707285
2015-09-06,30.92,17.73,23.55,0.0,0.36,7.87,23.06,3.4088637936352786
2015-09-07,30.74,14.56,22.31,1.14,0.36,9.23,20.11,3.2604976371801033
2015-09-08,28.14,14.95,20.53,0.17,0.36,6.3,23.45,2.8561425605871635
2015-09-09,31.82,15.56,22.87,0.02,0.36,10.2,22.1,3.4621076168803286
2015-09-10,31.3,13.44,21.45,0.0,0.36,5.72,23.58,3.6527579191525046
2015-09-11,24.34,10.5,17.71,0.0,0.36,7.48,17.9,2.009993905559357
2015-09-12,29.18,12.83,20.53,0.0,0.36,7.38,23.2,3.019231557035824
2015-09-13,34.34,14.93,24.28,0.0,0.36,3.36,20.18,4.643442169671462
2015-09-14,34.14,15.08,24.91,0.0,0.36,3.22,21.63,4.591184840230033
2015-09-15,32.98,17.23,24.54,0.0,0.35,6.36,19.75,4.06583443255343
2015-09-16,32.5,14.99,23.73,0.0,0.35,5.44,22.9,3.991310225765025
2015-09-17,27.62,14.05,20.48,0.0,0.35,5.91,22.48,2.7677986214161474
2015-09-18,22.77,10.69,15.81,0.01,0.35,3.34,19.09,1.9943436955208136
2015-09-19,24.72,6.73,15.92,0.0,0.35,2.87,22.33,2.364523839772329
2015-09-20,29.22,10.61,19.4,0.0,0.35,1.42,22.23,3.3800040343105358
2015-09-21,32.06,13.04,22.68,0.0,0.35,7.27,21.6,3.750335277352577
2015-09-22,29.64,17.68,21.72,3.37,0.35,10.61,16.13,2.877164964642821
2015-09-23,27.76,15.6,20.02,0.56,0.36,12.72,15.75,2.256871535329985
2015-09-24,28.45,12.5,19.57,0.0,0.36,7.49,21.15,2.8440362812538886
2015-09-25,27.33,10.52,18.11,0.0,0.36,8.04,16.86,2.5592557236302147
2015-09-26,26.54,10.95,17.76,0.73,0.36,9.41,15.74,2.2899966350212253
2015-09-27,32.68,12.74,21.95,0.0,0.36,7.64,19.2,3.893812393363805
2015-09-28,29.01,15.16,20.85,0.25,0.35,8.77,17.66,2.877649422095536
2015-09-29,19.78,12.28,15.22,1.71,0.36,11.5,9.05,0.9496402939511173
2015-09-30,27.31,11.95,17.91,0.02,0.36,10.84,11.16,2.3318804649547227
2015-10-01,26.77,12.51,18.27,0.05,0.36,11.79,9.77,2.1342532891959527
2015-10-02,20.28,8.28,13.68,0.26,0.36,7.37,5.41,1.3515199037923378
2015-10-03,19.23,7.65,11.48,0.17,0.36,6.73,9.7,1.2456872325785469
2015-10-04,20.49,7.67,13.33,0.08,0.36,7.89,6.75,1.3453963112738365
2015-10-05,24.04,9.2,15.14,0.0,0.36,8.92,10.61,1.8492184484689078
2015-10-06,20.91,9.9,14.91,3.81,0.36,10.4,15.22,1.2120223072002458
2015-10-07,23.04,11.2,16.96,0.27,0.37,8.87,15.32,1.6782250470124949
2015-10-08,25.55,10.43,16.94,0.61,0.37,5.87,16.89,2.3463247564406795
2015-10-09,22.43,8.69,14.76,0.28,0.37,7.73,15.61,1.660824191006704
2015-10-10,29.15,11.09,19.29,0.0,0.37,4.47,17.61,3.1999715020082173
2015-10-11,30.07,13.19,20.66,0.0,0.36,3.68,17.95,3.465005908583791
2015-10-12,24.67,6.95,15.03,0.0,0.36,-0.93,17.89,2.5353657862996624
2015-10-13,25.7,9.75,16.56,0.0,0.36,-1.08,17.29,2.7378593727714975
2015-10-14,27.52,10.28,17.43,0.0,0.36,1.68,17.27,2.985919790252317
2015-10-15,19.22,7.05,12.74,0.01,0.36,0.5,16.5,1.5943474726978062
2015-10-16,19.44,4.3,10.86,0.61,0.36,-1.22,17.1,1.699791727429905
2015-10-17,21.68,5.56,12.83,0.0,0.36,3.65,16.49,1.7993565929939428
2015-10-18,25.98,9.46,16.91,0.0,0.36,4.9,14.51,2.4912271843641935
2015-10-19,25.96,10.05,17.47,0.01,0.36,5.47,14.41,2.452152506518825
2015-10-20,22.92,10.17,16.01,1.02,0.36,8.0,12.7,1.7231033529398274
2015-10-21,13.13,6.93,9.45,7.04,0.37,6.88,3.1,0.5169221885119983
2015-10-22,10.39,4.59,6.97,19.23,0.4,4.93,4.88,0.3923676411712276
2015-10-23,15.5,2.68,8.0,0.02,0.41,1.52,11.84,1.0792567786396177
2015-10-24,17.86,1.73,8.65,0.0,0.41,-1.05,15.85,1.4802185710735274
2015-10-25,20.91,4.09,11.27,0.01,0.4,2.06,14.93,1.7646127325973153
2015-10-26,17.19,6.64,10.27,0.0,0.4,2.46,12.56,1.231972495650457
2015-10-27,18.67,3.54,9.83,0.65,0.4,1.28,12.24,1.4824612073016634
2015-10-28,16.07,-0.15,7.26,0.0,0.39,-2.87,15.09,1.3320337281017518
2015-10-29,13.29,-1.38,5.21,0.03,0.39,-5.01,13.4,1.1055645066544622
2015-10-30,8.56,1.39,5.12,3.36,0.4,0.85,4.55,0.46474380458554443
2015-10-31,17.69,1.51,9.26,0.0,0.39,-2.26,14.62,1.5067540956531476
2015-11-01,22.32,6.41,13.06,0.0,0.39,-0.39,14.29,2.1022615483795213
2015-11-02,22.7,6.38,12.62,0.0,0.39,-0.44,14.6,2.167345956592748
2015-11-03,23.85,7.4,14.48,0.0,0.39,-3.08,14.48,2.4704475611452343
2015-11-04,20.75,4.53,12.51,2.51,0.39,1.01,13.33,1.7918867177794027
2015-11-05,6.56,-0.06,3.27,0.44,0.39,-0.38,7.94,0.37787561399949643
2015-11-06,7.47,-3.21,2.22,0.55,0.39,-3.42,8.46,0.5601686864190389
2015-11-07,10.32,-4.28,2.34,0.69,0.39,-3.81,13.07,0.7937436697575664
2015-11-08,16.42,-2.12,5.55,0.0,0.39,-2.96,13.7,1.3765522549714213
2015-11-09,15.98,-2.46,5.12,0.0,0.39,-3.27,13.38,1.336120085286471
2015-11-10,19.36,1.8,9.26,0.11,0.39,-5.18,13.12,1.8317788882250026
2015-11-11,6.75,-1.53,1.27,8.74,0.39,-4.17,5.75,0.5363108983044279
2015-11-12,8.79,-3.79,1.27,0.0,0.39,-7.04,13.08,0.7716404351352955
2015-11-13,13.34,-3.37,3.54,0.0,0.4,-5.95,12.89,1.1396650259914252
2015-11-14,17.76,-1.43,5.93,0.0,0.4,-5.37,13.09,1.6235596603782645
2015-11-15,17.49,-1.59,6.69,0.0,0.39,-5.32,12.12,1.587674202308611
2015-11-16,16.9,0.69,6.7,4.38,0.39,-1.36,10.46,1.372558678578925
2015-11-17,0.58,-4.44,-1.72,7.26,0.4,-5.87,1.63,0.24291820134919806
2015-11-18,10.39,-4.25,2.17,0.0,0.4,-6.23,9.15,0.877000399272799
2015-11-19,7.42,-6.21,-0.69,0.0,0.4,-6.87,11.72,0.6661260564677044
2015-11-20,8.88,-4.6,0.23,0.01,0.4,-5.28,10.01,0.726482185892811
2015-11-21,6.73,-8.2,-2.18,0.01,0.4,-10.54,11.48,0.709731623210544
2015-11-22,12.76,-2.55,4.67,0.0,0.4,-8.8,11.6,1.1603324146863727
2015-11-23,12.98,1.13,6.54,0.0,0.4,-7.21,11.64,1.140284403319105
2015-11-24,16.23,0.7,6.76,0.0,0.4,-6.32,11.23,1.4643870471839995
2015-11-25,5.75,-3.62,1.47,0.0,0.4,-5.2,8.54,0.5042252035318429
2015-11-26,-4.0,-7.37,-5.44,1.05,0.39,-9.08,2.38,0.14700998691474343
2015-11-27,-4.36,-8.31,-6.5,1.13,0.39,-11.06,4.6,0.1795270225146367
2015-11-28,-1.92,-7.66,-5.68,0.08,0.39,-8.79,4.43,0.21620871132032848
2015-11-29,-1.1,-7.73,-5.27,1.44,0.39,-8.72,4.87,0.24753471486874862
2015-11-30,-0.86,-7.61,-5.3,1.07,0.39,-9.88,8.5,0.285170162705983
2015-12-01,4.24,-7.98,-2.04,0.0,0.39,-10.9,6.72,0.5611518863800851
2015-12-02,7.6,-5.1,-0.05,0.0,0.39,-10.05,10.74,0.759311609252411
2015-12-03,7.97,-1.98,1.12,0.0,0.39,-7.24,9.99,0.715875544459676
2015-12-04,8.5,-2.02,1.68,0.0,0.4,-5.01,10.07,0.688996148137009
2015-12-05,4.13,-2.74,0.81,0.0,0.4,-4.06,6.5,0.36852039562244815
2015-12-06,8.66,-3.01,1.49,0.0,0.4,-7.83,10.5,0.7831317128666615
2015-12-07,13.66,0.5,4.49,0.0,0.39,-7.81,6.37,1.2243210280782935
2015-12-08,14.45,2.77,7.02,0.0,0.39,-3.47,9.71,1.1731786314545058
2015-12-09,19.27,2.62,9.25,0.0,0.39,-2.12,9.16,1.7119373289195738
2015-12-10,15.95,1.85,9.56,0.0,0.39,-3.33,7.34,1.3347926910761068
2015-12-11,9.58,0.52,5.09,0.0,0.39,-4.71,7.61,0.7632836426783436
2015-12-12,0.4,-3.43,-1.44,1.48,0.39,-4.0,2.7,0.1745512425796335
2015-12-13,3.43,-4.43,-2.11,0.1,0.39,-7.22,2.31,0.4259524547348053
2015-12-14,11.01,-4.98,0.6,0.12,0.39,-5.89,10.13,0.9200393327732193
2015-12-15,-3.73,-7.36,-5.38,4.74,0.39,-8.32,4.48,0.1374593409613865
2015-12-16,0.94,-6.89,-3.76,0.02,0.39,-10.98,9.42,0.38961747259654195
2015-12-17,-3.92,-13.05,-7.21,0.54,0.39,-11.0,4.59,0.19317276391534055
2015-12-18,7.63,-11.64,-1.77,0.0,0.39,-9.29,9.97,0.7438227802037921
2015-12-19,9.59,-1.99,3.15,0.0,0.39,-4.35,8.23,0.7522020623951428
2015-12-20,9.78,-2.36,3.58,0.0,0.4,-3.29,8.41,0.7308490783856937
2015-12-21,7.6,-2.81,1.06,0.0,0.4,-6.41,9.53,0.6657314100123346
2015-12-22,8.78,-2.66,1.63,0.08,0.4,-3.83,6.21,0.6710010868198655
2015-12-23,4.04,-6.06,-0.74,2.17,0.4,-6.96,8.61,0.4530857285903936
2015-12-24,2.16,-6.13,-3.1,0.0,0.39,-13.97,9.42,0.5063982404510419
2015-12-25,5.14,-5.81,-1.65,0.1,0.39,-5.87,8.51,0.48672213957062127
2015-12-26,-4.84,-9.81,-6.97,0.07,0.39,-10.73,6.29,0.15673531757842113
2015-12-27,-2.22,-12.06,-7.97,0.0,0.39,-12.48,9.7,0.28470238787389024
2015-12-28,-1.37,-10.19,-6.73,0.0,0.39,-13.64,7.31,0.33946279962595993
2015-12-29,-2.5,-12.52,-7.99,0.0,0.39,-12.47,6.5,0.27383671627145023
2015-12-30,-2.51,-11.08,-7.11,0.0,0.39,-11.68,8.89,0.25801286613222646
2015-12-31,-2.05,-9.74,-6.68,0.05,0.39,-12.33,8.7,0.2884168896371734
2016-01-01,2.82,-10.46,-5.24,0.0,0.39,-13.07,10.64,0.5249267220252413
2016-01-02,5.02,-8.09,-2.53,0.0,0.39,-13.03,10.55,0.6495870454312354
2016-01-03,7.08,-5.01,-0.93,0.0,0.39,-11.65,10.66,0.7569543501852651
2016-01-04,4.62,-4.68,-1.41,0.0,0.39,-8.74,9.83,0.5338728645314835
2016-01-05,5.53,-4.08,-0.41,0.0,0.39,-6.63,9.66,0.5333023679955822
2016-01-06,7.11,-3.45,0.64,0.0,0.39,-3.47,8.01,0.5367393464418289
2016-01-07,4.1,-1.57,0.15,0.77,0.39,-1.97,4.39,0.2904206609041621
2016-01-08,-1.77,-8.18,-4.62,0.21,0.39,-7.35,3.48,0.1847632024037722
2016-01-09,-1.89,-9.94,-7.28,0.0,0.39,-9.75,7.0,0.24029281792954638
2016-01-10,2.0,-10.32,-5.04,0.0,0.39,-11.31,10.86,0.44828367634400756
2016-01-11,4.54,-8.84,-3.11,0.0,0.39,-13.3,9.94,0.6256304707879022
2016-01-12,8.14,-7.32,-0.37,0.01,0.39,-11.13,11.26,0.8219417839925398
2016-01-13,10.45,-3.68,2.08,0.01,0.39,-7.52,10.25,0.9183991921671508
2016-01-14,8.47,-2.34,1.98,0.0,0.39,-9.29,9.57,0.8053859834477651
2016-01-15,1.69,-4.11,-1.82,0.22,0.39,-9.77,9.23,0.3991730921671097
2016-01-16,1.39,-6.36,-2.83,0.37,0.39,-10.27,11.19,0.3957740778612646
2016-01-17,2.02,-9.51,-4.16,0.07,0.39,-9.05,5.77,0.39867584260266536
2016-01-18,9.46,-4.76,1.57,0.0,0.39,-6.51,4.96,0.8089657778705537
2016-01-19,5.12,-2.35,0.63,0.23,0.39,-4.29,7.98,0.4352082264415538
2016-01-20,5.68,-2.74,0.81,0.04,0.39,-5.35,5.18,0.5044813995961244
2016-01-21,2.97,-3.95,-1.04,0.01,0.39,-5.18,7.44,0.34070062043921634
2016-01-22,9.77,-5.14,0.54,0.0,0.39,-7.94,11.86,0.8732302653124424
2016-01-23,13.16,-1.73,3.85,0.0,0.39,-5.86,9.69,1.11906695073872
2016-01-24,9.46,-1.35,2.15,0.36,0.39,-4.6,8.44,0.7500842179216037
2016-01-25,2.29,-4.55,-1.25,0.06,0.39,-5.75,8.0,0.32263704792045794
2016-01-26,4.97,-5.06,-0.59,0.0,0.39,-10.43,12.59,0.5943735639486516
2016-01-27,9.19,-2.48,2.25,0.0,0.39,-6.28,12.12,0.7809239361572718
2016-01-28,13.49,-1.32,4.04,0.0,0.39,-5.14,12.74,1.1297397640709919
2016-01-29,11.85,1.49,5.83,0.0,0.39,-6.3,11.46,1.0073815095116343
2016-01-30,18.41,-3.01,6.37,0.87,0.39,-4.03,5.14,1.664566655880979
2016-01-31,4.18,-3.82,-0.64,0.36,0.39,-7.22,10.16,0.4683691864800938
2016-02-01,0.39,-5.32,-2.48,13.65,0.39,-4.71,3.32,0.19781206432033888
2016-02-02,-5.45,-10.81,-6.61,5.43,0.39,-8.33,1.76,0.08113462260741894
2016-02-03,-3.35,-14.6,-9.47,0.0,0.39,-13.39,10.0,0.2595215147141383
2016-02-04,1.41,-14.88,-6.07,0.23,0.39,-12.92,12.03,0.45043863086204317
2016-02-05,0.43,-9.0,-4.01,0.32,0.4,-7.73,13.77,0.28871088278102597
2016-02-06,6.77,-8.74,-0.8,0.0,0.4,-7.04,10.89,0.6259112898757766
2016-02-07,1.91,-7.41,-1.67,0.0,0.41,-6.65,13.74,0.3298694694412746
2016-02-08,4.95,-7.58,-1.81,0.0,0.41,-7.46,13.69,0.5205644609464013
2016-02-09,10.07,-0.97,2.82,0.0,0.41,-4.43,14.78,0.7939724412547047
2016-02-10,17.78,-1.08,6.44,0.0,0.41,-5.93,14.92,1.6432660941861206
2016-02-11,17.32,-1.26,5.74,0.0,0.41,-3.88,13.89,1.5189943586514312
2016-02-12,14.53,-2.36,3.92,0.0,0.4,-1.71,11.18,1.115584404214172
2016-02-13,17.07,-3.11,4.43,0.0,0.4,-2.93,9.47,1.4541508701873094
2016-02-14,12.44,-3.42,3.57,0.07,0.4,-3.59,7.96,0.9753024727598695
2016-02-15,15.54,-3.79,6.16,0.12,0.4,-3.0,13.27,1.2759186136231708
2016-02-16,13.46,-2.17,4.24,0.08,0.4,-2.34,14.94,1.029155192649358
2016-02-17,17.79,-0.34,8.2,0.0,0.4,-3.73,13.03,1.5733145115077418
2016-02-18,22.54,6.39,14.03,0.0,0.39,-2.88,14.83,2.2381840813031313
2016-02-19,15.87,-0.46,7.57,0.0,0.39,-6.29,15.09,1.4215804748639058
2016-02-20,15.49,1.05,7.39,0.0,0.39,-3.96,16.58,1.3042638009575327
2016-02-21,6.39,-3.54,1.87,0.0,0.39,-6.52,14.02,0.5856859614348316
2016-02-22,10.57,-3.22,3.2,0.0,0.39,-3.98,14.52,0.820716262712839
2016-02-23,5.55,-4.16,0.13,0.0,0.39,-10.54,17.56,0.6326700839444483
2016-02-24,8.19,-5.53,0.41,0.0,0.39,-11.58,17.63,0.8348949064158167
2016-02-25,5.7,-5.96,-0.94,0.0,0.39,-11.63,17.93,0.6650401081343771
2016-02-26,13.97,-1.77,5.11,0.0,0.38,-7.39,18.33,1.2448904865293997
2016-02-27,20.97,0.27,10.49,0.0,0.38,-5.65,17.72,2.081591121725184
2016-02-28,14.28,3.13,7.99,0.0,0.38,-4.05,18.59,1.1753317602531193
2016-02-29,16.63,1.33,8.12,0.0,0.38,-5.13,14.13,1.4757215394174972
2016-03-01,10.57,-3.93,3.38,0.0,0.38,-8.54,18.17,0.9551068571976205
2016-03-02,16.62,2.11,8.1,0.0,0.38,-4.28,9.43,1.4467831023813678
2016-03-03,16.1,-2.53,6.46,0.0,0.38,-5.37,17.67,1.4204450895012772
2016-03-04,14.63,3.07,7.89,0.0,0.38,-3.44,15.27,1.1913695753542348
2016-03-05,17.32,1.13,8.88,0.0,0.38,-2.63,16.52,1.4740580967358201
2016-03-06,21.46,4.95,12.81,0.0,0.38,-2.36,18.2,2.0446293028617024
2016-03-07,16.87,1.38,8.86,0.26,0.37,-2.33,20.08,1.4071574547572705
2016-03-08,11.46,-1.2,4.68,0.01,0.37,-4.02,19.68,0.899819820030745
2016-03-09,14.89,0.36,7.47,0.1,0.37,-5.35,18.76,1.283194092472382
2016-03-10,18.23,0.74,8.49,0.0,0.37,-5.04,20.98,1.674128614376262
2016-03-11,21.27,3.15,10.83,0.0,0.37,-4.61,21.03,2.0947355748392944
2016-03-12,21.15,1.26,10.19,0.0,0.37,-1.61,20.89,1.9671812772077715
2016-03-13,19.11,5.84,11.76,0.0,0.37,-2.95,19.41,1.7210612942315056
2016-03-14,20.54,3.62,11.21,0.0,0.37,-3.82,18.29,1.9571422144708461
2016-03-15,8.96,0.32,4.72,0.04,0.37,-10.32,18.34,0.8664217386371299
2016-03-16,9.17,-0.4,3.57,0.39,0.37,-10.68,18.01,0.8906475689460247
2016-03-17,9.33,-3.84,2.21,2.71,0.37,-7.27,17.51,0.8200267326158438
2016-03-18,1.1,-6.77,-2.8,1.77,0.37,-8.93,9.41,0.3505680205920541
2016-03-19,3.37,-7.05,-3.05,0.01,0.37,-12.65,19.49,0.5469243580680312
2016-03-20,11.3,-6.62,1.94,0.0,0.37,-12.47,23.23,1.104751453522248
2016-03-21,23.38,0.99,12.34,0.0,0.37,-4.98,18.95,2.4528445232493032
2016-03-22,23.79,6.83,14.61,0.0,0.37,-4.13,16.19,2.496679414866185
2016-03-23,5.47,-5.98,0.01,14.26,0.38,-2.93,3.99,0.4091561737581238
2016-03-24,9.38,-7.49,1.54,0.01,0.39,-6.22,22.04,0.7941480616645686
2016-03-25,10.55,-2.31,4.03,0.23,0.39,-4.21,21.27,0.8268325131571441
2016-03-26,1.94,-4.83,-1.26,0.04,0.39,-7.2,12.0,0.346813753390077
2016-03-27,12.59,-4.75,3.56,0.0,0.39,-10.49,24.67,1.1832749545750472
2016-03-28,17.51,-1.24,8.58,0.0,0.39,-6.56,20.32,1.6274281227020333
2016-03-29,22.21,4.21,12.28,0.36,0.39,-1.2,16.86,2.1184910002777713
2016-03-30,12.74,-1.81,4.52,0.45,0.39,-3.53,20.41,1.001896868950884
2016-03-31,8.16,-2.16,2.04,0.09,0.39,-7.68,19.51,0.7417151487097355
2016-04-01,8.31,-3.29,2.15,0.01,0.38,-7.26,21.71,0.7414757158051664
2016-04-02,17.96,0.08,9.05,0.0,0.38,-4.38,24.68,1.617377272843783
2016-04-03,20.81,3.1,11.49,0.0,0.38,-3.12,25.25,1.9728704277798212
2016-04-04,22.47,5.12,13.53,0.0,0.38,-1.71,21.81,2.181787499029346
2016-04-05,18.25,4.59,10.15,0.24,0.38,-1.6,16.33,1.553425780363481
2016-04-06,20.24,1.93,11.14,0.0,0.37,-4.75,25.52,1.9440062977761332
2016-04-07,16.91,3.28,10.13,0.0,0.37,-0.04,23.71,1.317680922097873
2016-04-08,19.92,2.11,11.23,0.0,0.37,-2.61,24.94,1.822659721726522
2016-04-09,24.54,1.83,13.86,0.0,0.37,1.24,22.2,2.4138394959445417
2016-04-10,20.66,1.86,12.3,3.49,0.37,2.64,19.72,1.6969149776596923
2016-04-11,14.99,1.58,7.66,0.73,0.38,1.02,11.82,1.0465909978335377
2016-04-12,21.34,2.34,11.55,1.29,0.37,1.74,26.14,1.8468023354066863
2016-04-13,22.56,6.12,14.4,0.0,0.37,1.94,26.08,2.0329156262980526
2016-04-14,26.04,6.39,16.79,0.0,0.37,1.51,26.17,2.6881199113988563
2016-04-15,15.67,3.93,10.3,22.31,0.38,2.19,8.87,1.0650184177604936
2016-04-16,3.03,-1.02,1.48,30.99,0.43,0.0,4.0,0.14858123606121054
2016-04-17,5.04,-3.3,0.07,1.19,0.45,-2.49,11.94,0.36616428604541384
2016-04-18,9.13,-3.11,2.74,0.31,0.46,-2.56,17.14,0.6522368082241313
2016-04-19,10.49,0.39,5.04,1.36,0.46,-0.56,10.62,0.6825190684770548
2016-04-20,12.58,-0.19,6.88,0.42,0.45,-0.66,18.74,0.8750373813725155
2016-04-21,18.64,1.99,10.32,0.0,0.44,0.77,26.96,1.502635345355554
2016-04-22,24.7,3.54,14.53,0.11,0.43,2.71,26.76,2.3692987337773204
2016-04-23,26.52,9.79,18.72,0.15,0.42,3.67,17.45,2.671598030804164
2016-04-24,20.88,4.85,12.85,0.0,0.41,-1.11,26.57,1.9055482312135155
2016-04-25,21.39,4.59,13.39,0.07,0.41,1.89,26.59,1.847104544436149
2016-04-26,16.75,2.99,10.61,1.01,0.4,-0.8,20.61,1.331101918842347
2016-04-27,12.6,-0.85,5.67,0.71,0.4,-2.87,27.35,0.9646294964303832
2016-04-28,11.58,-1.24,4.5,3.92,0.4,-1.29,13.36,0.808408825730219
2016-04-29,1.53,-1.92,0.11,29.51,0.42,-1.2,4.49,0.12278430219843417
2016-04-30,3.62,-2.03,0.65,2.37,0.44,-1.59,12.11,0.24813201612479296
2016-05-01,8.7,-0.64,3.28,0.28,0.46,-1.13,17.82,0.5626418683625375
2016-05-02,15.2,-3.24,6.7,0.0,0.45,-3.3,28.9,1.2486598313939141
2016-05-03,18.89,3.77,11.02,0.0,0.44,-0.7,29.58,1.6019835328545557
2016-05-04,23.8,5.15,14.74,0.0,0.43,1.97,28.88,2.2441564261065725
2016-05-05,26.23,6.59,16.86,0.0,0.42,4.84,26.67,2.544797958955708
2016-05-06,28.66,8.44,18.83,0.0,0.41,5.53,25.37,3.0225274371373883
2016-05-07,24.87,8.23,15.98,2.25,0.41,3.69,19.53,2.347644403512696
2016-05-08,20.86,3.6,12.44,0.83,0.41,1.17,23.6,1.8008889809416504
2016-05-09,19.79,5.19,12.84,0.19,0.4,2.84,24.97,1.558852182821742
2016-05-10,19.28,5.36,12.2,4.2,0.4,4.31,21.01,1.4048951994466603
2016-05-11,17.2,3.56,10.14,1.93,0.41,1.79,23.44,1.2673190430041656
2016-05-12,22.47,2.95,13.34,0.0,0.41,1.43,29.72,2.04325702123397
2016-05-13,19.64,7.01,13.49,0.0,0.4,2.21,28.94,1.5703605398983036
2016-05-14,16.41,3.64,9.39,0.05,0.4,1.85,16.38,1.1683518056698483
2016-05-15,14.86,3.88,8.73,0.8,0.4,3.88,10.62,0.8836183069910343
2016-05-16,10.46,2.84,6.32,6.41,0.4,3.5,5.26,0.4812501272104788
2016-05-17,12.32,3.71,6.87,3.28,0.41,2.67,11.67,0.6922331329328751
2016-05-18,18.25,2.47,10.68,0.01,0.41,3.5,21.85,1.3115763166328407
2016-05-19,21.95,4.82,13.38,0.0,0.41,4.87,28.36,1.7714576172160172
2016-05-20,25.77,6.62,16.45,0.01,0.4,6.1,26.07,2.374403910676237
2016-05-21,29.75,9.16,20.18,0.08,0.4,4.63,27.63,3.332563795354309
2016-05-22,29.78,10.02,19.61,0.0,0.39,3.32,30.86,3.4146666054727532
2016-05-23,23.58,8.17,15.92,0.85,0.39,5.33,30.2,2.016906878169927
2016-05-24,26.64,9.54,18.08,1.14,0.39,8.88,25.18,2.351941843248587
2016-05-25,25.12,10.44,17.7,3.72,0.39,7.06,25.67,2.184497616968203
2016-05-26,23.9,7.0,14.71,18.46,0.4,9.05,22.88,1.8141100621023585
2016-05-27,15.58,7.32,11.64,10.6,0.44,6.87,14.65,0.7771271573754579
2016-05-28,23.0,5.54,15.28,0.28,0.43,4.86,30.67,1.9456147920640614
2016-05-29,27.2,8.53,18.52,0.54,0.42,6.02,29.41,2.6709833220437766
2016-05-30,28.4,9.85,19.35,1.75,0.41,6.26,26.2,2.9167879732697743
2016-05-31,22.16,8.29,15.24,3.49,0.41,7.87,27.08,1.6065180735881726
2016-06-01,21.48,9.44,15.6,3.19,0.41,9.49,26.12,1.3746613466429938
2016-06-02,27.48,10.31,19.13,0.1,0.41,9.07,29.71,2.513480140432222
2016-06-03,26.8,13.75,20.02,0.0,0.4,9.3,28.92,2.3521832540037186
2016-06-04,26.37,11.09,19.03,0.0,0.4,5.15,31.64,2.5541790722861535
2016-06-05,29.13,10.19,20.58,0.0,0.39,7.4,30.53,3.0061581255016803
2016-06-06,30.84,14.31,23.06,0.73,0.39,9.66,28.99,3.2515670688185905
2016-06-07,27.74,13.34,21.36,0.02,0.38,12.09,29.55,2.3121735732064215
2016-06-08,34.28,15.72,24.98,0.64,0.38,9.14,29.98,4.243787026291746
2016-06-09,33.13,15.67,25.43,0.7,0.38,10.46,29.11,3.8006122595415146
2016-06-10,36.19,17.55,27.24,0.0,0.37,9.06,28.35,4.850489149463402
2016-06-11,35.05,18.01,27.2,0.0,0.37,11.09,29.37,4.317650276290688
2016-06-12,30.07,19.3,24.42,5.97,0.37,14.54,23.78,2.60463774707053
2016-06-13,28.48,16.48,22.58,8.77,0.38,15.59,27.27,2.115655118516262
2016-06-14,29.1,12.25,21.2,0.51,0.39,6.91,31.69,3.03320061771334
2016-06-15,34.83,14.29,24.66,0.0,0.38,4.36,32.41,4.735965594112774
2016-06-16,37.06,15.64,26.16,0.0,0.38,0.65,33.47,5.65504499843949
2016-06-17,33.87,16.47,25.27,0.24,0.37,8.29,28.69,4.186736348366569
2016-06-18,34.82,16.74,25.53,0.78,0.37,12.58,30.44,4.109869068804069
2016-06-19,37.86,18.28,28.21,0.0,0.37,13.0,30.76,5.077000193369678
2016-06-20,35.83,19.83,27.91,0.02,0.36,13.16,29.37,4.372288162681814
2016-06-21,39.22,20.77,29.82,0.0,0.36,11.37,29.71,5.7291109961732065
2016-06-22,29.72,20.09,24.93,0.0,0.36,6.71,23.89,3.1933123773256655
2016-06-23,32.98,19.32,26.27,1.12,0.36,11.2,27.53,3.6942394721768568
2016-06-24,36.37,18.92,27.86,1.45,0.36,13.73,29.36,4.491861251328001
2016-06-25,30.71,19.18,24.45,0.22,0.36,9.62,23.06,3.2219078983020215
2016-06-26,33.24,17.3,25.61,0.48,0.36,11.97,30.47,3.698468798183105
2016-06-27,34.2,17.52,26.0,3.07,0.36,13.45,19.56,3.8363478835159333
2016-06-28,32.54,18.6,25.19,9.37,0.37,14.89,30.47,3.2084970670904482
2016-06-29,32.43,17.47,23.52,8.94,0.38,15.58,29.53,3.101459952623555
2016-06-30,25.63,16.43,19.81,8.08,0.39,15.76,18.27,1.4980155421816412
2016-07-01,22.76,15.24,18.9,16.83,0.42,15.87,12.97,0.9656694469679792
2016-07-02,25.25,16.28,20.72,0.61,0.43,14.82,14.04,1.5295736219959406
2016-07-03,29.18,16.15,21.69,0.34,0.42,11.72,18.93,2.6706567450810974
2016-07-04,33.01,16.38,25.05,0.01,0.41,9.08,30.81,3.878690093391432
2016-07-05,33.21,18.81,25.41,0.06,0.4,11.94,28.22,3.6926784694821606
2016-07-06,35.47,16.09,25.45,0.77,0.39,11.25,28.37,4.435709567716736
2016-07-07,31.96,16.28,24.8,0.63,0.38,8.78,29.89,3.6129295619372526
2016-07-08,32.1,17.62,23.67,1.85,0.38,14.3,23.77,3.151716229437727
2016-07-09,37.05,16.56,27.36,0.05,0.38,10.74,28.14,5.001725378950093
2016-07-10,38.75,19.28,29.48,0.01,0.37,7.92,30.37,5.831245590002497
2016-07-11,31.75,17.56,24.05,1.93,0.37,6.32,30.75,3.731984889229851
2016-07-12,32.27,13.37,23.34,0.27,0.37,3.72,29.25,4.030431159633323
2016-07-13,33.16,17.33,25.28,0.83,0.37,6.66,30.39,4.0967602914417505
2016-07-14,30.53,17.5,23.53,3.94,0.37,13.84,23.83,2.7916882026978636
2016-07-15,33.86,17.06,24.57,0.53,0.37,9.45,22.33,4.094504460616136
2016-07-16,37.88,16.69,26.64,0.0,0.36,9.83,26.06,5.3678481471790285
2016-07-17,33.33,18.66,25.16,1.83,0.36,11.16,28.58,3.797267546374038
2016-07-18,33.78,18.19,25.71,4.61,0.37,16.1,28.02,3.424514675027276
2016-07-19,37.38,20.21,28.8,1.03,0.37,11.81,28.58,5.020770965618255
2016-07-20,37.64,20.23,28.71,1.88,0.37,12.83,28.68,5.015684248925064
2016-07-21,36.16,19.57,28.34,0.77,0.36,13.08,29.17,4.487723917321558
2016-07-22,37.52,21.93,29.85,1.11,0.36,12.34,26.58,5.020412606017124
2016-07-23,36.98,21.34,29.33,0.75,0.36,11.78,28.73,4.885636285064266
2016-07-24,33.14,20.37,25.65,13.52,0.36,12.6,27.91,3.6107553700482717
2016-07-25,31.61,19.23,24.65,0.79,0.39,16.27,28.51,2.8011023996812274
2016-07-26,35.48,18.15,25.68,0.53,0.38,15.1,26.26,4.057220947819774
2016-07-27,33.92,19.54,26.36,0.88,0.38,13.53,26.82,3.7451178009995534
2016-07-28,33.52,17.99,24.89,1.6,0.38,13.64,26.99,3.6170969803576156
2016-07-29,28.33,16.64,22.02,4.07,0.38,15.04,22.98,2.14342734191973
2016-07-30,34.33,16.86,25.36,0.03,0.38,13.11,28.47,3.9091967342465157
2016-07-31,37.14,19.98,28.05,0.51,0.37,10.02,27.47,5.093212413391064
2016-08-01,34.66,19.82,26.86,0.37,0.37,10.66,27.69,4.234537329712023
2016-08-02,32.76,17.99,25.84,3.78,0.37,13.4,26.63,3.425412591570024
2016-08-03,35.51,19.82,27.29,0.56,0.37,14.1,28.0,4.174115375286815
2016-08-04,29.21,18.59,23.65,0.01,0.37,9.16,27.67,2.894018039787231
2016-08-05,25.83,16.42,20.74,0.1,0.37,9.05,14.75,2.175863018635546
2016-08-06,27.75,15.41,21.05,6.25,0.36,15.01,9.25,2.018810908431459
2016-08-07,26.68,17.92,21.64,0.84,0.38,16.69,21.12,1.598962967749457
2016-08-08,29.03,17.82,22.83,0.35,0.38,15.75,20.53,2.2231733778551677
2016-08-09,35.61,16.94,26.55,0.0,0.37,13.07,28.12,4.3104013095890785
2016-08-10,36.83,18.58,27.6,1.58,0.37,12.08,24.57,4.806966080680776
2016-08-11,31.62,18.48,24.33,3.3,0.37,12.39,21.13,3.214578643458542
2016-08-12,29.06,16.42,21.92,0.05,0.37,8.77,27.33,2.889244081176596
2016-08-13,31.68,15.01,23.42,1.31,0.37,7.7,21.38,3.6184218194550537
2016-08-14,30.91,16.41,23.42,0.27,0.37,9.91,25.19,3.249047874683673
2016-08-15,34.08,15.52,24.33,1.02,0.36,7.03,25.94,4.3390755636647205
2016-08-16,32.74,15.93,24.37,0.87,0.36,10.27,26.31,3.7068943217463572
2016-08-17,31.94,17.61,24.7,0.55,0.36,8.77,22.37,3.6083342533120035
2016-08-18,33.14,17.18,24.98,0.09,0.36,8.42,26.23,3.9659388852709623
2016-08-19,25.4,12.26,18.06,1.96,0.36,11.14,19.97,1.9190618651834994
2016-08-20,24.96,8.68,16.18,0.0,0.36,3.35,26.99,2.383441100211874
2016-08-21,30.82,11.09,21.1,0.0,0.36,9.08,26.14,3.2924786748124975
2016-08-22,31.85,15.6,22.81,0.06,0.36,11.1,19.73,3.393154838271115
2016-08-23,32.36,17.64,23.88,0.0,0.35,2.98,25.45,4.095670261648102
2016-08-24,23.74,15.47,19.17,0.17,0.35,6.21,16.18,1.9888749385948843
2016-08-25,25.73,12.96,18.63,0.03,0.35,5.21,24.02,2.422979497462853
2016-08-26,22.04,10.56,15.86,0.53,0.35,9.92,13.58,1.4289889141850116
2016-08-27,29.88,12.32,21.24,0.59,0.35,8.96,18.12,3.0689857380779832
2016-08-28,30.28,15.7,22.25,2.04,0.35,12.41,24.4,2.8707513936120526
2016-08-29,23.85,15.69,19.55,0.38,0.36,12.99,13.54,1.4603661695048258
2016-08-30,25.82,13.71,19.11,6.01,0.36,12.01,16.1,1.9223489485570366
2016-08-31,25.12,14.51,19.25,3.97,0.37,13.83,14.47,1.6094369946913203
2016-09-01,27.64,15.23,20.15,0.48,0.37,13.35,14.7,2.1690087424724656
2016-09-02,26.51,14.81,20.31,5.44,0.37,14.65,12.53,1.796824921695671
2016-09-03,31.55,15.21,23.0,2.49,0.38,13.37,19.46,3.1007841510088445
2016-09-04,33.58,15.21,24.07,0.4,0.38,10.11,21.61,3.959079909404644
2016-09-05,33.6,12.7,23.89,0.24,0.38,5.49,24.11,4.299328976534784
2016-09-06,29.5,14.92,21.71,0.11,0.37,12.99,18.0,2.626094031970774
2016-09-07,30.99,15.48,22.64,0.01,0.37,9.45,21.53,3.3066033745257353
2016-09-08,30.81,14.22,22.22,0.05,0.37,12.28,14.51,3.015553772149058
2016-09-09,25.28,9.51,17.62,0.0,0.36,4.27,23.84,2.3921503075882122
2016-09-10,25.93,6.59,16.25,0.0,0.36,1.77,24.32,2.6534447950191757
2016-09-11,33.54,11.37,22.59,0.0,0.36,-1.17,23.56,4.623819156233207
2016-09-12,23.94,10.9,18.04,0.02,0.36,4.83,22.19,2.1111748330108826
2016-09-13,20.65,8.31,13.4,0.04,0.36,6.06,10.9,1.4950371218173961
2016-09-14,23.29,9.43,15.78,0.01,0.36,10.12,9.88,1.6212232791045895
2016-09-15,27.06,10.62,17.66,6.12,0.36,7.76,18.73,2.522550353203293
2016-09-16,23.18,8.79,15.79,0.17,0.37,3.56,22.25,2.0517535817435872
2016-09-17,25.8,11.31,17.52,2.41,0.37,4.96,17.77,2.4520242200577016
2016-09-18,30.7,11.36,20.83,0.0,0.37,2.86,21.54,3.666158916447284
2016-09-19,33.1,13.44,22.75,0.0,0.36,2.99,22.31,4.301202793342135
2016-09-20,33.92,15.62,23.85,0.0,0.36,4.56,18.67,4.449733477208121
2016-09-21,29.38,18.06,22.79,0.0,0.36,6.43,13.06,3.1311716805265624
2016-09-22,30.68,14.12,21.96,1.14,0.36,11.76,15.84,3.030870343726936
2016-09-23,30.36,14.65,23.03,2.66,0.36,9.97,20.24,3.1059735389931555
2016-09-24,22.65,8.3,15.06,0.0,0.36,0.69,20.9,2.108348331409471
2016-09-25,20.25,7.44,12.88,0.0,0.36,0.58,21.38,1.7376450002409647
2016-09-26,24.94,6.25,15.18,0.0,0.36,0.87,20.87,2.5059004201234076
2016-09-27,28.48,9.38,19.1,0.0,0.36,1.74,21.29,3.194248371199794
2016-09-28,27.89,10.35,18.52,0.0,0.36,2.63,20.45,3.017690938459753
2016-09-29,27.5,9.35,17.54,0.0,0.35,4.73,20.01,2.815263911378499
2016-09-30,22.81,9.91,15.81,0.0,0.35,6.5,13.83,1.8093359517443939
2016-10-01,26.02,10.52,17.63,0.0,0.35,8.49,19.22,2.256315726934835
2016-10-02,27.4,11.93,19.28,0.54,0.35,8.43,18.35,2.545273519289876
2016-10-03,27.96,13.09,19.3,0.35,0.35,3.83,15.66,2.9675543301555156
2016-10-04,18.83,7.58,12.72,0.0,0.35,-3.88,18.32,1.715815116438167
2016-10-05,20.34,5.67,12.62,0.01,0.35,-2.16,18.24,1.8667537493717081
2016-10-06,12.17,1.22,7.02,2.57,0.36,0.53,7.79,0.7835984362199953
2016-10-07,19.35,0.81,9.61,0.0,0.36,-2.99,18.67,1.7558429383483227
2016-10-08,23.59,4.24,13.2,0.0,0.35,-3.32,17.9,2.4332167937534668
2016-10-09,24.94,9.33,16.45,0.0,0.35,5.28,15.31,2.266965821286553
2016-10-10,25.7,9.94,17.34,0.0,0.35,1.4,17.96,2.626376350355131
2016-10-11,26.07,7.95,17.08,0.47,0.35,3.26,14.92,2.6035109954604794
2016-10-12,13.81,0.73,6.51,0.76,0.35,-0.65,12.06,0.9964974252686355
2016-10-13,25.22,4.93,13.4,0.0,0.35,0.7,16.81,2.5669008851473576
2016-10-14,29.54,10.51,19.15,0.0,0.35,0.26,14.21,3.509934919381997
2016-10-15,28.25,13.77,19.56,0.0,0.35,1.7,16.7,3.144668213870333
2016-10-16,27.89,11.75,18.56,0.0,0.35,0.46,11.45,3.124234654752419
2016-10-17,26.0,7.63,14.35,0.0,0.35,0.3,14.08,2.7371747217319844
2016-10-18,18.11,4.3,10.62,0.0,0.35,-3.55,16.49,1.6084232607264566
2016-10-19,15.72,3.74,9.25,0.0,0.35,-1.62,13.78,1.2435904998960852
2016-10-20,14.99,0.6,7.28,0.0,0.35,-4.27,17.06,1.2591405234361375
2016-10-21,24.23,3.47,12.63,0.0,0.35,-5.71,15.77,2.6263575466211115
2016-10-22,26.65,6.1,15.32,0.0,0.35,-3.31,16.16,3.014371708416728
2016-10-23,21.53,5.18,11.95,0.0,0.35,-1.3,15.41,2.0137587651175495
2016-10-24,22.99,5.18,13.17,0.0,0.35,2.04,14.11,2.100074828492473
2016-10-25,23.4,10.25,15.63,0.0,0.35,4.38,10.71,2.042859331455215
2016-10-26,22.51,8.3,14.3,0.0,0.35,1.6,15.17,2.0415478716944184
2016-10-27,26.76,7.75,16.11,0.0,0.34,-1.16,15.17,2.9543272034829724
2016-10-28,28.01,11.7,18.68,0.0,0.34,1.92,11.54,3.0805201589845708
2016-10-29,23.7,7.95,16.25,0.0,0.34,4.76,14.5,2.0728028194630532
2016-10-30,22.16,6.7,13.27,0.0,0.34,4.61,12.32,1.8209790938713608
2016-10-31,27.26,9.3,17.74,0.0,0.34,1.9,13.79,2.919479266388502
2016-11-01,18.78,7.53,11.7,0.0,0.34,-3.37,9.7,1.691147822684051
2016-11-02,16.81,4.1,9.85,0.0,0.34,1.26,13.75,1.2453864261192589
2016-11-03,21.19,4.52,11.66,0.01,0.34,0.55,13.96,1.8804930070365709
2016-11-04,17.86,6.91,11.34,0.0,0.34,-1.12,11.44,1.483119397566304
2016-11-05,19.28,6.91,11.84,0.0,0.34,2.37,9.95,1.5115263833311323
2016-11-06,16.19,8.77,11.72,0.01,0.34,8.22,5.61,0.7515217667653646
2016-11-07,16.89,6.11,10.05,0.0,0.34,-1.73,10.29,1.3862186219799797
2016-11-08,16.76,4.26,8.84,0.0,0.34,-2.57,13.05,1.4028843848191386
2016-11-09,19.32,2.89,9.15,0.0,0.34,-5.87,13.77,1.8474962099894587
2016-11-10,20.02,4.59,10.5,0.0,0.34,-2.65,13.03,1.8386090947620664
2016-11-11,14.52,1.29,6.5,0.0,0.34,-3.81,11.74,1.1925548365125387
2016-11-12,18.42,0.62,8.05,0.0,0.34,-3.05,13.01,1.631327572684553
2016-11-13,18.45,5.54,10.19,0.0,0.34,-1.51,12.17,1.5762680905817668
2016-11-14,19.59,3.52,11.09,0.0,0.34,-0.42,11.65,1.6872093440927656
2016-11-15,23.33,6.79,13.54,0.0,0.34,-3.06,12.37,2.378566602414971
2016-11-16,23.13,10.0,15.46,0.0,0.34,-4.29,6.26,2.3871673101906308
2016-11-17,8.17,-2.43,3.39,3.43,0.34,-2.15,5.75,0.5636702175925237
2016-11-18,2.22,-6.02,-2.71,0.03,0.35,-9.61,12.23,0.4221568351900703
2016-11-19,6.34,-6.96,-1.72,0.0,0.35,-9.58,10.66,0.6619787989699462
2016-11-20,19.0,0.16,8.51,0.0,0.35,-4.71,10.91,1.7668499052079498
2016-11-21,16.14,4.93,9.29,0.0,0.35,-0.09,5.78,1.2277992785782395
2016-11-22,7.29,-0.5,2.68,2.2,0.35,-1.1,4.3,0.45838605279945843
2016-11-23,8.84,-3.48,1.5,0.0,0.35,-4.51,11.32,0.6985995505607445
2016-11-24,7.81,-3.65,1.61,0.0,0.35,-4.88,11.33,0.6339352331646544
2016-11-25,13.23,-3.45,3.31,0.0,0.35,-7.41,11.66,1.1703928916390582
2016-11-26,14.26,-1.61,4.06,0.0,0.35,-11.75,10.58,1.3773651533148763
2016-11-27,11.05,1.96,6.02,0.07,0.35,-6.09,8.43,0.9295186138407728
2016-11-28,8.47,-1.1,2.59,0.0,0.35,-9.76,9.77,0.8164000818710981
2016-11-29,2.48,-3.72,-0.56,0.0,0.35,-10.02,7.18,0.4449941747477732
2016-11-30,4.61,-5.08,-1.12,0.0,0.35,-13.38,11.02,0.6312098222685155
2016-12-01,4.81,-4.89,-1.27,0.0,0.35,-12.88,10.67,0.6341146194015175
2016-12-02,2.48,-4.18,-1.3,0.0,0.35,-10.06,5.37,0.44589814246799114
2016-12-03,4.85,-4.65,-1.22,0.0,0.35,-9.02,9.62,0.554515558710249
2016-12-04,8.88,-3.43,0.87,0.0,0.35,-11.5,10.91,0.8853261472901849
2016-12-05,12.54,-7.01,3.19,0.0,0.35,-9.21,7.21,1.1491717170542743
2016-12-06,-0.52,-7.75,-5.18,0.35,0.35,-14.14,10.08,0.38358233222910976
2016-12-07,-6.09,-14.45,-8.84,0.23,0.35,-14.57,4.34,0.19020205959171013
2016-12-08,-5.94,-16.34,-11.7,0.0,0.35,-17.5,7.92,0.23760988279843787
2016-12-09,10.57,-11.92,-2.93,0.0,0.35,-10.47,9.56,1.0004267671615195
2016-12-10,9.63,-3.11,2.9,0.0,0.35,-4.75,6.83,0.7686060125847889
2016-12-11,2.23,-3.72,-0.83,0.84,0.35,-4.96,8.14,0.29488350010161307
2016-12-12,4.95,-4.86,-1.58,0.0,0.35,-8.39,9.51,0.5449317657033205
2016-12-13,3.64,-8.3,-2.99,0.0,0.35,-10.89,8.34,0.5267207711094308
2016-12-14,-3.7,-11.47,-7.62,0.08,0.35,-13.36,7.08,0.24663172466492758
2016-12-15,8.14,-10.61,-1.53,0.05,0.35,-8.91,5.86,0.7716562249870507
2016-12-16,4.12,-15.95,-4.76,0.56,0.35,-9.17,8.03,0.5150743934329062
2016-12-17,-14.94,-17.47,-16.34,1.72,0.35,-21.52,1.64,0.08229574493148689
2016-12-18,-2.33,-16.3,-9.75,0.0,0.35,-18.84,8.05,0.3769206851503956
2016-12-19,5.65,-11.6,-2.83,0.0,0.35,-14.01,9.79,0.7060075121725309
2016-12-20,11.09,-0.23,3.93,0.0,0.36,-7.69,7.65,0.978054339498089
2016-12-21,4.29,-2.54,1.45,0.0,0.36,-8.68,7.83,0.5129544414309096
2016-12-22,1.27,-2.57,-0.91,0.38,0.36,-6.84,3.62,0.3037746056488822
2016-12-23,8.22,-1.7,1.64,0.38,0.36,-5.72,9.93,0.6902519147809221
2016-12-24,10.35,-0.97,2.68,0.09,0.36,-2.82,10.12,0.7608163978150737
2016-12-25,7.1,-4.47,1.91,3.53,0.36,-3.15,7.6,0.5245878492124203
2016-12-26,4.94,-4.15,-0.96,0.0,0.36,-11.06,9.88,0.6060973131739207
2016-12-27,10.18,-2.84,1.54,0.0,0.36,-9.68,10.0,0.9498073972375298
2016-12-28,6.66,-5.03,1.23,0.0,0.36,-8.13,8.69,0.6477131266507669
2016-12-29,5.48,-5.6,-1.32,0.0,0.36,-11.5,10.4,0.6485136505488803
2016-12-30,13.28,-2.05,3.83,0.0,0.36,-8.26,8.47,1.1977734694441733
2016-12-31,3.23,-5.46,-2.12,0.04,0.36,-7.98,10.34,0.43533621540199874
2017-01-01,7.14,-3.71,0.29,0.12,0.36,-7.13,9.92,0.6537945405149974
2017-01-02,9.86,-7.12,0.14,0.15,0.36,-7.6,7.92,0.8715524044526096
2017-01-03,-1.79,-9.5,-6.54,0.09,0.36,-12.18,9.47,0.295725615136453
2017-01-04,-5.58,-14.59,-9.99,0.55,0.36,-13.71,6.42,0.19114649235841943
2017-01-05,-12.64,-15.14,-13.89,2.32,0.36,-19.56,3.95,0.1017001508652565
2017-01-06,-2.85,-15.77,-9.95,0.0,0.36,-20.51,9.53,0.37592555605236
2017-01-07,1.35,-12.08,-7.13,0.0,0.36,-15.63,9.17,0.49274332053980474
2017-01-08,10.7,-9.94,0.45,0.0,0.36,-6.54,5.64,0.912367340219007
2017-01-09,14.42,1.4,5.37,0.01,0.36,-0.41,6.59,1.0498869628999754
2017-01-10,11.17,-0.46,4.33,0.05,0.36,-6.25,10.79,0.9447851181629476
2017-01-11,13.81,-6.07,2.6,0.0,0.36,-5.45,9.49,1.1720014437337554
2017-01-12,4.2,-6.15,-1.58,0.0,0.36,-7.31,3.95,0.4719951492454971
2017-01-13,1.55,-5.75,-2.32,0.0,0.36,-8.79,5.17,0.3689045596727869
2017-01-14,4.91,-2.56,-0.29,0.02,0.36,-6.17,6.38,0.4816515342573053
2017-01-15,3.13,-2.67,-0.64,5.69,0.36,-3.04,2.21,0.2766198852005754
2017-01-16,0.22,-4.35,-2.24,4.21,0.36,-6.01,2.65,0.23070080138927113
2017-01-17,6.46,-5.14,-0.86,0.0,0.37,-6.47,11.63,0.5888914096688659
2017-01-18,6.38,-3.44,0.46,0.0,0.37,-5.34,9.13,0.5495724027807234
2017-01-19,8.41,-2.48,1.18,0.0,0.37,-6.17,11.87,0.7179013017390337
2017-01-20,2.99,-2.31,0.55,0.49,0.37,-3.93,5.47,0.30056870177855416
2017-01-21,5.52,-5.16,-0.28,0.0,0.37,-3.91,9.84,0.4471380358990328
2017-01-22,6.37,-2.37,0.95,0.0,0.37,-7.98,11.85,0.6244461615695017
2017-01-23,11.38,-2.55,2.52,0.0,0.37,-5.82,11.91,0.9505817512907441
2017-01-24,0.04,-7.3,-2.97,0.02,0.37,-7.26,6.28,0.25842595061883283
2017-01-25,-1.99,-8.66,-6.17,0.0,0.37,-11.97,9.48,0.28375588819519204
2017-01-26,-1.45,-10.12,-6.03,0.0,0.37,-14.47,11.85,0.3502729626702835
2017-01-27,1.81,-9.78,-4.27,0.0,0.37,-13.13,13.26,0.4739794841912698
2017-01-28,6.49,-6.39,-0.35,0.0,0.37,-10.22,8.44,0.6865463086247878
2017-01-29,12.38,-0.04,3.84,0.0,0.37,-7.81,12.82,1.098745318586451
2017-01-30,14.21,0.62,5.36,0.0,0.37,-7.68,12.3,1.277720860696887
2017-01-31,17.16,-2.93,5.43,0.0,0.37,-7.12,11.94,1.599451742283485
2017-02-01,4.26,-8.17,-3.8,0.22,0.36,-8.02,5.0,0.4944179513008125
2017-02-02,-2.7,-8.42,-5.96,0.15,0.36,-11.55,4.02,0.24825775268911432
2017-02-03,-1.5,-10.06,-6.07,0.0,0.36,-10.36,10.16,0.269596973423049
2017-02-04,14.05,-4.92,3.51,0.0,0.36,-4.46,14.27,1.1650331581839786
2017-02-05,13.79,-1.45,4.32,0.0,0.36,-3.97,12.71,1.1216619517555777
2017-02-06,16.19,1.22,6.4,0.0,0.36,-5.15,11.17,1.42406819646461
2017-02-07,16.43,0.41,7.13,0.0,0.36,-5.17,10.82,1.4530621147510518
2017-02-08,13.48,-0.52,5.21,0.0,0.36,-5.93,12.46,1.1531073829545753
2017-02-09,20.66,0.02,9.16,0.0,0.36,-3.81,12.59,1.974737446891048
2017-02-10,24.68,6.67,14.14,0.0,0.36,-0.59,11.34,2.5228308135334983
2017-02-11,12.91,1.07,7.63,0.81,0.36,-0.14,11.51,0.8843712884943019
2017-02-12,5.92,-3.5,0.72,0.31,0.36,-8.5,10.72,0.6083832369829238
2017-02-13,6.02,-2.37,1.3,0.33,0.36,-9.3,9.27,0.6344326588894169
2017-02-14,7.62,-4.17,0.69,0.0,0.36,-8.68,13.77,0.7282621683545443
2017-02-15,15.7,-3.32,5.08,0.0,0.36,-6.66,15.98,1.412781816249332
2017-02-16,20.72,0.55,9.24,0.0,0.36,-9.17,16.75,2.139470638471723
2017-02-17,18.62,1.91,8.59,0.0,0.36,-5.78,15.86,1.7489638423220766
2017-02-18,17.64,0.91,8.66,0.0,0.36,-3.29,11.71,1.5386025010561917
2017-02-19,15.69,4.76,9.93,0.0,0.36,-0.42,8.71,1.1902137103868933
2017-02-20,14.87,4.21,8.52,0.0,0.36,-7.25,17.65,1.336696829668971
2017-02-21,22.95,2.12,12.16,0.0,0.35,-5.17,17.28,2.3851825609293344
2017-02-22,17.3,1.06,8.81,0.0,0.35,-2.92,16.89,1.482318479005904
2017-02-23,8.51,-7.29,-0.57,1.36,0.35,-5.66,3.99,0.7100768765219092
2017-02-24,-2.54,-7.72,-5.54,0.09,0.36,-12.1,8.98,0.26520248341814245
2017-02-25,3.73,-6.02,-2.03,0.01,0.35,-13.22,17.13,0.5774356084906178
2017-02-26,5.69,-5.91,-1.53,0.0,0.35,-14.27,18.6,0.7129206073183971
2017-02-27,14.07,-4.57,3.76,0.0,0.35,-10.83,17.86,1.3384391863329832
2017-02-28,3.2,-4.91,-1.34,0.17,0.35,-7.09,8.77,0.409745549861652
2017-03-01,6.89,-4.56,0.0,0.0,0.35,-14.44,19.41,0.7948237601392744
2017-03-02,9.81,-3.57,1.87,0.0,0.35,-11.3,19.06,0.9548511348840687
2017-03-03,17.6,-2.43,6.46,0.0,0.35,-11.36,16.58,1.7563195123197366
2017-03-04,20.44,-0.18,10.13,0.0,0.35,-9.37,18.87,2.1024231843783703
2017-03-05,21.79,3.08,12.83,0.0,0.35,-5.36,14.52,2.2004776613981716
2017-03-06,10.52,-3.17,5.27,0.0,0.35,-11.42,15.89,1.0163177023103835
2017-03-07,10.4,-4.43,2.46,0.08,0.35,-13.79,20.73,1.0508162695834702
2017-03-08,18.3,-3.09,7.52,0.0,0.35,-8.09,19.54,1.771216045443436
2017-03-09,20.75,-0.3,10.83,0.0,0.35,-5.17,18.66,2.033300020834963
2017-03-10,11.07,-4.25,2.38,0.0,0.35,-6.53,12.08,0.9441489385624551
2017-03-11,11.92,-2.49,3.58,0.15,0.35,-3.17,15.95,0.9117347860904632
2017-03-12,16.28,-0.49,6.35,0.0,0.35,-3.66,8.68,1.385039876667655
2017-03-13,13.42,-3.48,4.31,0.0,0.35,-5.16,14.92,1.1233336214506646
2017-03-14,18.9,2.86,9.17,0.0,0.35,-3.1,18.1,1.6977384955827164
2017-03-15,24.11,3.94,14.27,0.0,0.34,-5.16,19.3,2.587589162238306
2017-03-16,25.45,6.95,15.67,0.0,0.34,-4.58,16.9,2.818884937467957
2017-03-17,20.94,6.66,13.05,0.0,0.34,1.68,19.78,1.7882103506660327
2017-03-18,26.05,4.55,14.85,0.0,0.34,0.45,21.57,2.740292450586991
2017-03-19,27.53,10.13,17.98,0.0,0.34,-1.47,20.7,3.1292489188687407
2017-03-20,25.92,10.13,17.2,0.0,0.34,-2.09,18.97,2.8216691003668934
2017-03-21,19.49,3.06,10.55,0.0,0.34,-1.71,19.54,1.7266323989219798
2017-03-22,22.6,0.85,10.48,0.0,0.34,-0.32,19.42,2.1454596718959076
2017-03-23,26.28,7.23,16.49,3.12,0.34,0.02,21.14,2.8057911568195255
2017-03-24,4.9,-2.15,1.28,36.44,0.38,-0.1,4.03,0.2598714940318978
2017-03-25,12.85,-1.99,5.55,0.0,0.41,-2.2,21.98,0.9634845999997512
2017-03-26,11.33,2.64,6.16,0.11,0.41,1.55,11.41,0.6585513179107673
2017-03-27,16.91,0.06,9.09,0.0,0.4,0.92,21.22,1.2737777450268943
2017-03-28,10.86,1.55,6.09,6.97,0.4,3.28,4.01,0.527590448637335
2017-03-29,10.22,0.67,4.3,1.71,0.41,0.14,7.68,0.6291319328628592
2017-03-30,19.41,-0.4,9.46,0.0,0.41,0.03,20.38,1.6420976211822507
2017-03-31,8.61,1.08,4.03,2.18,0.4,0.36,4.83,0.49117176144774677
2017-04-01,5.85,0.27,2.28,7.46,0.4,-0.35,3.97,0.3300270296158402
2017-04-02,17.06,-1.48,7.65,0.07,0.41,-0.16,24.52,1.3413853507611968
2017-04-03,15.19,1.52,7.67,0.33,0.4,-2.59,22.63,1.2215013190434865
2017-04-04,5.12,0.04,2.49,1.03,0.4,-2.04,9.45,0.3537944428490051
2017-04-05,11.86,-3.43,4.52,0.0,0.4,-8.0,26.29,1.0553011230929092
2017-04-06,18.87,-0.02,9.56,0.0,0.39,-4.85,25.55,1.7536362903031981
2017-04-07,26.83,3.01,15.08,0.0,0.39,-0.45,22.1,2.9388518477111836
2017-04-08,26.61,9.96,18.37,0.0,0.38,-0.05,12.08,2.8759917551988186
2017-04-09,21.78,3.2,12.17,0.43,0.38,-5.66,22.25,2.2081556738368446
2017-04-10,15.46,-0.18,7.29,0.0,0.38,-7.93,27.43,1.4203147872539423
2017-04-11,20.31,0.38,11.24,0.0,0.37,-4.64,23.62,1.950698982081253
2017-04-12,23.37,7.35,14.86,0.0,0.37,-1.2,23.74,2.3134561202381927
2017-04-13,23.85,4.98,14.13,0.0,0.37,5.6,25.1,2.0476301441637212
2017-04-14,28.11,7.71,17.78,0.0,0.37,-0.25,26.57,3.2044318909400515
2017-04-15,22.02,7.55,14.77,0.0,0.36,1.07,26.46,1.9871218496648937
2017-04-16,20.38,6.64,12.72,1.24,0.36,2.42,22.45,1.6667188348083595
2017-04-17,23.61,8.22,15.2,0.01,0.36,6.64,13.02,1.9374166970400006
2017-04-18,23.3,7.84,15.39,0.0,0.36,1.65,24.29,2.172660313457582
2017-04-19,23.14,7.87,15.33,0.5,0.36,2.34,23.35,2.1103184780487125
2017-04-20,18.53,3.59,10.56,5.5,0.36,-0.13,24.39,1.5287369721586894
2017-04-21,6.82,2.52,4.97,12.19,0.38,1.69,5.62,0.29940368361504377
2017-04-22,14.31,1.84,7.21,0.06,0.39,-2.95,21.18,1.139592389516753
2017-04-23,22.53,1.08,12.28,0.0,0.39,-2.11,24.14,2.20742506100974
2017-04-24,21.68,7.41,13.74,0.82,0.38,3.12,23.68,1.8285555846526105
2017-04-25,16.65,1.98,9.5,5.17,0.38,2.32,17.55,1.1731996216726548
2017-04-26,14.45,-2.15,6.68,0.25,0.39,-3.42,28.34,1.1714041277231042
2017-04-27,12.88,2.24,6.83,8.75,0.39,0.77,14.89,0.8401660100579785
2017-04-28,13.05,-1.06,5.3,1.79,0.4,-1.77,17.13,0.9662198368262113
2017-04-29,2.33,-1.37,-0.02,1.8,0.4,-5.64,7.97,0.3213398793029221
2017-04-30,9.89,-1.69,3.05,0.8,0.4,-7.33,15.16,0.8667012551835749
2017-05-01,17.02,0.64,9.33,0.0,0.39,-0.18,24.24,1.3373418879542385
2017-05-02,15.6,2.7,9.01,1.16,0.39,1.56,16.77,1.0886193679389236
2017-05-03,12.98,2.79,6.98,1.71,0.39,-0.87,18.21,0.9226206534876782
2017-05-04,20.94,-0.37,10.97,0.0,0.39,-2.26,29.75,1.960508376720739
2017-05-05,26.06,5.58,16.14,0.0,0.39,1.55,29.43,2.6901435651238352
2017-05-06,28.77,9.0,19.13,0.0,0.38,3.23,29.37,3.182517666187075
2017-05-07,30.36,13.43,20.93,1.15,0.38,6.22,21.68,3.3820217411964517
2017-05-08,29.0,11.82,19.86,7.99,0.38,7.59,21.97,2.9624992430766297
2017-05-09,18.89,11.98,14.98,19.56,0.42,11.51,16.59,0.824474364339546
2017-05-10,17.94,8.42,13.25,7.94,0.43,9.8,17.08,0.8446134352973287
2017-05-11,17.53,6.55,11.48,2.18,0.43,4.82,13.44,1.1423664363059025
2017-05-12,23.84,4.37,13.88,0.0,0.42,4.47,29.13,2.1148209524144073
2017-05-13,29.43,6.4,19.07,0.0,0.41,3.71,27.66,3.309488927561087
2017-05-14,26.04,10.26,18.71,0.0,0.4,5.35,29.27,2.47554245533913
2017-05-15,29.39,10.99,20.81,0.0,0.39,2.4,26.19,3.3707484134357104
2017-05-16,25.1,10.08,17.69,1.01,0.39,4.89,23.45,2.3210602037266126
2017-05-17,23.05,7.75,14.32,2.52,0.39,4.18,25.24,1.9943229721117004
2017-05-18,11.71,5.6,8.09,6.09,0.39,5.13,6.15,0.49570902363524616
2017-05-19,6.69,1.85,4.52,12.71,0.41,1.99,6.5,0.2755945940047482
2017-05-20,15.75,0.88,7.35,1.45,0.42,0.02,20.09,1.1777644089512032
2017-05-21,20.01,3.57,12.47,2.5,0.41,1.96,26.69,1.6361051269252265
2017-05-22,20.35,5.41,11.17,4.03,0.42,2.88,25.41,1.638087941765123
2017-05-23,15.33,2.6,9.53,0.0,0.41,0.4,21.83,1.1131052244912283
2017-05-24,28.29,2.89,16.96,0.0,0.41,3.34,31.24,3.067980023573932
2017-05-25,29.6,10.47,18.28,3.23,0.4,6.52,21.91,3.1773689073857274
2017-05-26,24.84,8.09,15.57,11.15,0.4,7.13,27.31,2.1268756609986337
2017-05-27,18.16,6.88,11.99,4.83,0.42,5.21,17.87,1.1996640348311518
2017-05-28,22.54,6.28,14.65,0.0,0.42,2.9,29.62,1.9798090501066148
2017-05-29,19.78,8.3,14.21,3.65,0.41,5.9,24.41,1.3779708902731604
2017-05-30,25.76,8.18,17.4,0.04,0.41,6.64,28.15,2.336683306734446
2017-05-31,26.88,11.03,19.1,1.69,0.4,10.09,27.22,2.304928712377513
2017-06-01,27.25,10.89,20.24,0.18,0.4,8.91,24.72,2.4768686612698874
2017-06-02,26.42,14.32,20.01,15.23,0.4,12.61,25.84,1.9858193362715764
2017-06-03,22.81,12.72,17.85,2.47,0.42,11.82,24.17,1.391309867856113
2017-06-04,26.45,10.81,19.21,0.0,0.41,10.12,30.27,2.214029406025535
2017-06-05,29.31,12.63,21.59,0.01,0.41,10.75,29.99,2.7869415937525344
2017-06-06,22.29,14.94,18.85,1.05,0.4,11.8,27.08,1.3068537737888153
2017-06-07,23.99,14.76,19.44,11.64,0.41,13.9,28.07,1.393866591213324
2017-06-08,27.64,13.75,20.59,0.47,0.41,13.14,30.35,2.1898747258014133
2017-06-09,33.05,14.83,23.97,0.0,0.4,8.16,29.44,3.959757210442194
2017-06-10,31.66,17.03,25.27,0.0,0.39,6.74,31.97,3.6800683489938852
2017-06-11,29.16,17.93,23.34,0.06,0.39,10.15,25.08,2.802504356024097
2017-06-12,33.23,14.81,24.33,0.0,0.38,10.02,30.78,3.865797305279443
2017-06-13,31.26,12.71,22.06,0.0,0.38,-2.04,30.37,4.033670618011635
2017-06-14,30.95,11.83,21.72,0.0,0.37,2.1,32.44,3.7691122798499093
2017-06-15,31.99,13.14,23.21,0.0,0.37,4.54,29.76,3.9073948420161724
2017-06-16,35.0,14.78,25.58,0.0,0.36,5.38,25.08,4.726959208505587
2017-06-17,34.53,14.89,22.77,0.01,0.36,8.63,25.13,4.358576750324628
2017-06-18,30.79,13.24,22.19,0.0,0.36,5.62,29.01,3.528367500637583
2017-06-19,30.56,14.81,22.91,0.0,0.36,5.99,31.14,3.44680978254436
2017-06-20,36.98,15.88,26.81,0.39,0.36,9.88,30.61,5.04985964707141
2017-06-21,37.56,19.93,28.88,0.0,0.35,7.5,31.33,5.431975524760922
2017-06-22,33.54,17.15,26.32,2.0,0.35,8.39,25.4,4.08292716052312
2017-06-23,22.78,12.36,17.26,2.5,0.36,7.48,19.65,1.736907454321376
2017-06-24,26.66,13.29,19.5,1.51,0.36,8.47,18.19,2.387241162131871
2017-06-25,24.6,13.73,18.66,2.88,0.36,12.49,19.63,1.6445518882101604
2017-06-26,31.48,12.3,22.21,0.01,0.36,10.44,29.41,3.3521869053855715
2017-06-27,37.01,15.03,25.85,1.05,0.36,8.89,23.21,5.1386766271341555
2017-06-28,33.56,16.15,24.03,3.13,0.36,9.44,28.56,4.007686460059086
2017-06-29,30.45,14.76,22.14,3.74,0.36,8.14,24.08,3.2707787557435726
2017-06-30,24.67,13.93,18.84,0.81,0.37,7.27,21.69,2.0854560764018095
2017-07-01,31.75,13.61,23.0,0.33,0.37,9.35,30.52,3.512524482082117
2017-07-02,35.54,16.23,26.33,1.13,0.37,8.88,27.05,4.653897300771047
2017-07-03,33.68,16.58,24.69,2.72,0.36,7.76,23.79,4.169855841568439
2017-07-04,33.79,15.94,25.14,0.38,0.36,8.82,31.3,4.123204490326568
2017-07-05,35.41,16.99,26.81,0.09,0.36,10.1,30.56,4.515139871460217
2017-07-06,37.78,19.68,28.08,3.42,0.36,10.49,26.49,5.2774845033886955
2017-07-07,34.06,17.58,25.7,3.0,0.36,11.73,29.11,3.959268730403859
2017-07-08,33.3,17.82,25.95,1.99,0.37,12.7,26.64,3.6467828534494977
2017-07-09,35.77,19.11,27.84,0.02,0.36,10.02,31.05,4.636825283273886
2017-07-10,37.68,19.66,28.82,0.07,0.36,9.98,29.68,5.284664864550723
2017-07-11,35.32,21.37,28.55,0.59,0.36,11.53,28.49,4.363209976923069
2017-07-12,32.01,17.44,24.35,6.14,0.36,13.51,24.36,3.2089871764245745
2017-07-13,27.8,16.42,21.85,8.64,0.38,14.36,24.2,2.099798710754742
2017-07-14,29.27,17.77,23.44,0.24,0.38,15.56,28.26,2.3007945234777396
2017-07-15,22.15,18.42,20.27,6.4,0.38,17.67,14.94,0.6466507647874882
2017-07-16,26.27,17.84,21.41,2.67,0.39,16.3,21.67,1.5620427321800672
2017-07-17,34.08,16.15,25.37,0.09,0.39,12.68,30.1,3.876294111030341
2017-07-18,34.56,19.99,27.21,3.52,0.38,13.29,28.37,3.960954745902633
2017-07-19,36.27,19.58,28.18,2.04,0.38,13.14,29.25,4.518032448401051
2017-07-20,35.6,19.95,27.64,0.02,0.38,12.56,29.33,4.356642574161883
2017-07-21,36.41,19.8,27.9,5.07,0.37,12.12,29.17,4.662252277037146
2017-07-22,25.7,18.43,22.15,2.0,0.38,15.86,18.84,1.5001956837590091
2017-07-23,33.51,16.89,25.54,0.0,0.38,8.84,29.38,4.040132915209607
2017-07-24,34.86,18.27,26.73,0.02,0.37,12.34,29.71,4.144999325459228
2017-07-25,36.57,19.9,28.15,0.09,0.37,13.28,27.98,4.603908981996744
2017-07-26,30.03,19.25,24.53,3.06,0.37,15.49,22.78,2.4904777668177855
2017-07-27,30.04,17.34,23.28,1.48,0.37,13.5,21.31,2.7053424398212904
2017-07-28,27.8,19.61,23.1,11.39,0.38,17.58,24.13,1.726025909923921
2017-07-29,28.59,18.5,22.65,3.67,0.39,16.42,24.32,2.0440984339439954
2017-07-30,25.1,16.73,20.35,24.0,0.42,16.34,20.56,1.3285436584678856
2017-07-31,27.31,15.38,21.54,1.61,0.43,14.64,25.45,1.9644776687511243
2017-08-01,29.54,14.97,22.37,0.01,0.42,10.81,28.89,2.836162872038413
2017-08-02,28.92,15.19,21.82,4.34,0.41,14.44,23.8,2.3423696816652093
2017-08-03,22.78,12.02,17.02,1.7,0.41,11.57,20.83,1.4089828870454078
2017-08-04,28.26,12.5,20.16,1.24,0.4,13.14,25.14,2.32598948261089
2017-08-05,28.44,16.74,21.8,0.96,0.4,12.83,19.74,2.3966601171968147
2017-08-06,24.84,14.4,19.25,14.84,0.41,14.67,20.24,1.4682617235045645
2017-08-07,18.79,13.02,16.05,9.68,0.43,13.48,13.36,0.6233172748417282
2017-08-08,21.77,12.17,17.04,3.03,0.43,12.71,10.58,1.1374987113023698
2017-08-09,25.88,13.59,19.79,0.39,0.43,13.1,25.71,1.8300719930469973
2017-08-10,25.76,13.18,18.56,5.48,0.42,13.93,20.28,1.7226863798718994
2017-08-11,24.17,11.88,18.13,1.44,0.42,13.21,16.27,1.496030459130865
2017-08-12,28.1,15.45,20.88,7.0,0.42,16.01,22.14,1.9825467682033473
2017-08-13,29.53,15.8,22.21,1.83,0.42,13.12,25.88,2.620443371366397
2017-08-14,31.84,16.08,23.5,4.4,0.41,13.02,25.56,3.2122223176605704
2017-08-15,30.2,15.33,22.31,5.66,0.42,14.32,23.62,2.659877405453046
2017-08-16,24.56,13.89,18.12,0.24,0.42,9.99,24.07,1.8585568856276409
2017-08-17,29.49,12.52,21.24,0.56,0.41,10.07,25.12,2.8867778511476487
2017-08-18,30.54,13.39,21.79,0.69,0.4,8.56,26.17,3.261891554604758
2017-08-19,34.22,16.3,24.8,0.33,0.4,11.21,24.48,4.05361379347147
2017-08-20,31.89,16.6,24.34,0.0,0.39,8.08,23.74,3.6466714919059315
2017-08-21,31.14,17.73,23.53,0.0,0.39,10.39,23.05,3.268098598622916
2017-08-22,27.72,13.04,20.61,0.02,0.38,9.43,23.62,2.5369012136744455
2017-08-23,31.05,15.86,23.11,0.03,0.38,13.08,23.99,2.9997695639502413
2017-08-24,27.46,17.71,21.93,3.64,0.38,13.19,16.75,2.1462081586838373
2017-08-25,31.47,16.03,23.54,0.13,0.38,11.88,24.83,3.2227056430882124
2017-08-26,34.01,17.25,25.12,0.07,0.38,9.83,23.96,4.108178801640909
2017-08-27,29.68,16.91,22.54,0.0,0.37,9.49,24.86,2.9791826629674354
2017-08-28,29.73,14.06,21.83,0.0,0.37,11.04,24.67,2.861586659813812
2017-08-29,32.17,15.6,23.66,0.0,0.37,8.86,24.53,3.6633958296029125
2017-08-30,31.6,15.9,23.25,0.75,0.37,7.98,23.37,3.5770412501181186
2017-08-31,29.61,13.83,21.89,0.38,0.37,7.87,21.05,3.085760335507123
2017-09-01,29.91,15.56,22.32,0.3,0.37,11.17,19.37,2.893588697967766
2017-09-02,31.6,15.55,22.95,0.0,0.36,8.65,21.82,3.527153788035023
2017-09-03,36.2,17.43,26.51,0.0,0.36,6.69,22.9,5.025770201222143
2017-09-04,29.28,14.6,21.09,0.0,0.36,5.84,20.49,3.14615005027744
2017-09-05,22.61,11.52,16.08,0.0,0.36,3.99,12.38,1.931155818555439
2017-09-06,26.7,9.25,18.14,0.0,0.36,4.92,22.78,2.6356168446515422
2017-09-07,29.65,13.23,21.02,0.0,0.36,8.65,17.96,3.0374285797605296
2017-09-08,30.58,14.73,22.64,0.0,0.36,8.94,19.35,3.2428641879756306
2017-09-09,33.73,17.84,24.88,0.17,0.36,8.22,20.07,4.150864564666408
2017-09-10,32.87,19.11,25.55,0.44,0.36,11.32,21.92,3.652685119020042
2017-09-11,32.41,18.33,24.83,0.75,0.36,11.5,21.39,3.5090661491401267
2017-09-12,31.56,19.59,24.87,0.19,0.35,9.82,21.74,3.424592418097358
2017-09-13,34.17,17.97,25.37,0.7,0.35,7.52,19.54,4.331617590759585
2017-09-14,31.43,16.15,23.14,0.25,0.35,6.94,20.84,3.606010981828295
2017-09-15,30.3,15.7,22.12,0.01,0.35,4.05,22.71,3.500497801834531
2017-09-16,22.25,11.27,15.62,0.23,0.35,7.2,18.55,1.6687875684898992
2017-09-17,23.63,9.09,15.98,0.64,0.35,6.75,18.15,1.9334991901846568
2017-09-18,28.49,11.93,19.78,0.0,0.35,3.52,21.59,3.1029313037602653
2017-09-19,31.67,9.0,20.69,0.0,0.35,-0.68,16.89,4.085597798002422
2017-09-20,24.73,6.64,15.37,0.0,0.35,1.23,21.56,2.4494974705879797
2017-09-21,32.2,11.74,21.81,0.0,0.35,-0.5,22.11,4.219849208237119
2017-09-22,30.51,13.38,22.03,0.01,0.35,2.93,15.57,3.614764997201085
2017-09-23,17.45,7.01,12.44,21.46,0.36,8.6,5.26,0.8762797708445116
2017-09-24,14.22,4.91,9.29,11.42,0.41,5.84,4.82,0.6967695780845801
2017-09-25,14.73,5.53,9.18,1.73,0.41,5.33,5.62,0.7833171971469642
2017-09-26,18.52,5.61,11.11,0.03,0.41,4.59,18.93,1.2847882519619342
2017-09-27,17.03,7.9,12.31,0.19,0.4,5.42,14.27,1.0431980727661714
2017-09-28,14.9,7.12,10.6,5.68,0.41,6.27,7.35,0.7416643613057966
2017-09-29,18.14,6.9,11.73,1.63,0.41,8.17,5.83,0.9969749395074909
2017-09-30,23.98,9.84,15.9,0.12,0.41,9.53,13.34,1.790517901128377
2017-10-01,24.88,7.15,15.06,1.22,0.4,5.99,16.81,2.2107431872307464
2017-10-02,20.15,4.8,11.63,0.12,0.4,3.92,13.52,1.5513883593167828
2017-10-03,16.95,2.57,9.32,0.0,0.4,-0.07,16.3,1.3239026345670806
2017-10-04,21.75,6.66,13.83,0.96,0.4,10.25,5.75,1.3552240236858222
2017-10-05,22.08,10.07,15.3,0.3,0.39,9.84,6.9,1.441992101248476
2017-10-06,21.0,7.51,13.69,7.07,0.4,8.21,6.59,1.398796276717474
2017-10-07,23.94,6.2,14.28,0.0,0.4,0.41,18.15,2.343920617061138
2017-10-08,18.36,5.88,11.76,0.26,0.4,1.6,18.88,1.4254791293088813
2017-10-09,5.51,-0.43,2.34,2.66,0.4,-1.8,2.6,0.3685882003194829
2017-10-10,15.45,-2.06,5.99,0.0,0.4,-4.47,17.93,1.3169499062869183
2017-10-11,22.59,1.31,11.14,0.0,0.4,-0.75,18.37,2.162263012507932
2017-10-12,27.52,8.17,16.3,0.0,0.39,0.9,18.01,3.023578869048361
2017-10-13,19.72,3.22,10.54,0.0,0.39,1.34,16.09,1.6250595474791316
2017-10-14,14.75,0.15,7.65,0.0,0.39,-3.34,15.59,1.2007537063887463
2017-10-15,18.62,-1.58,7.45,0.0,0.39,-5.95,16.69,1.7540925876435116
2017-10-16,25.2,4.32,14.07,0.0,0.39,-5.44,16.0,2.798402744739885
2017-10-17,24.95,4.46,13.41,0.0,0.38,-4.87,17.33,2.7330025971449925
2017-10-18,24.99,8.8,15.24,0.0,0.38,-1.49,15.97,2.618235749707978
2017-10-19,23.55,6.32,14.23,0.0,0.38,4.2,15.33,2.079484803784714
2017-10-20,25.33,8.88,16.54,0.0,0.38,3.01,14.97,2.4722772438374245
2017-10-21,13.65,1.63,8.3,0.1,0.38,-5.28,15.51,1.1503511292983715
2017-10-22,19.91,1.14,10.38,0.0,0.37,-4.94,14.62,1.9021862840595691
2017-10-23,12.23,2.67,7.69,0.0,0.37,-3.33,13.41,0.9462823774964941
2017-10-24,14.32,-0.6,6.29,0.0,0.37,-6.18,15.81,1.2472066640001773
2017-10-25,25.75,5.88,14.17,0.0,0.37,-2.34,15.71,2.797798001182824
2017-10-26,10.74,-3.21,5.08,0.0,0.37,-5.04,8.94,0.870299741496461
2017-10-27,5.76,-6.54,-0.67,0.0,0.37,-12.52,15.6,0.6862628926652731
2017-10-28,13.45,-1.64,5.62,0.0,0.37,-4.35,8.42,1.100005381273188
2017-10-29,22.02,3.49,10.63,0.0,0.37,-1.31,14.14,2.092192428326598
2017-10-30,4.85,-2.15,1.25,0.03,0.37,-7.15,8.34,0.5060365161443265
2017-10-31,9.81,-2.92,2.72,0.28,0.37,-5.13,13.46,0.7953789751323801
2017-11-01,22.06,3.38,11.94,0.0,0.37,-4.12,13.55,2.2034435489284196
2017-11-02,7.38,-0.94,2.89,0.0,0.37,-2.32,5.64,0.5132546393967525
2017-11-03,16.37,0.05,5.65,0.0,0.37,-0.21,5.55,1.2601782716463295
2017-11-04,22.95,3.42,11.85,0.0,0.37,-0.36,8.23,2.2059711786464904
2017-11-05,9.27,-1.57,2.87,0.0,0.37,-2.22,8.21,0.6502867540221037
2017-11-06,7.1,-2.88,1.35,0.01,0.37,-2.14,5.87,0.4867890515830836
2017-11-07,5.32,-4.09,-0.88,0.12,0.37,-5.05,4.63,0.4724092235933174
2017-11-08,11.57,-3.92,2.12,0.08,0.37,-3.51,13.21,0.8919910706162564
2017-11-09,5.6,-4.85,-1.11,0.0,0.37,-6.97,11.71,0.5473394994309093
2017-11-10,12.36,-4.41,1.98,0.0,0.37,-3.83,6.25,0.9760995969210302
2017-11-11,13.93,-2.41,4.28,0.0,0.37,-2.03,9.89,1.0651175183768111
2017-11-12,13.87,-2.99,4.48,0.0,0.37,-2.6,12.29,1.080726398997394
2017-11-13,21.71,2.14,10.21,0.0,0.37,-2.83,11.9,2.101681027556005
2017-11-14,20.31,4.15,10.06,0.0,0.37,-2.83,9.63,1.8876555215127548
2017-11-15,10.09,-2.98,3.53,0.0,0.37,-4.17,11.67,0.7869095131734302
2017-11-16,22.04,-0.5,10.47,0.0,0.37,-3.8,12.02,2.189237512358677
2017-11-17,21.8,2.19,11.85,1.86,0.37,2.06,11.31,1.9031947385465222
2017-11-18,6.34,-2.59,2.03,0.05,0.37,-7.94,12.47,0.6214161576556365
2017-11-19,14.59,-2.58,4.52,0.02,0.37,-9.24,8.63,1.3574456359422176
2017-11-20,18.9,-0.36,7.64,0.0,0.37,-10.38,9.55,1.9065083096850701
2017-11-21,8.91,0.4,4.44,0.04,0.37,-4.02,11.08,0.6875223277176112
2017-11-22,19.06,0.5,9.32,0.0,0.37,0.99,9.49,1.549396724346379
2017-11-23,21.1,5.67,11.82,0.0,0.37,2.41,10.14,1.7757061604349782
2017-11-24,21.81,3.86,12.05,0.0,0.37,-0.21,6.21,2.011938908278671
2017-11-25,15.82,2.51,7.4,0.0,0.37,0.48,11.08,1.1650169559616108
2017-11-26,22.35,3.83,11.18,0.0,0.37,-3.4,10.28,2.2256650085414442
2017-11-27,25.22,7.22,13.55,0.0,0.37,-2.4,10.93,2.6975297468864707
2017-11-28,7.98,-0.09,3.5,0.0,0.37,-6.19,8.29,0.6867046548322968
2017-11-29,12.49,-1.48,3.47,0.0,0.37,-6.82,6.08,1.0821230705633247
2017-11-30,10.27,-3.2,2.56,0.0,0.37,-8.26,10.34,0.9227055369495716
2017-12-01,14.62,-0.09,5.49,0.0,0.37,-4.89,10.75,1.2393623363440829
2017-12-02,17.54,-0.49,6.4,0.0,0.37,-3.01,10.34,1.515781329359836
2017-12-03,16.83,3.29,9.28,0.0,0.37,-2.23,6.38,1.39845348163283
2017-12-04,7.1,-7.26,-0.23,0.0,0.37,-10.23,9.34,0.7282180886351868
2017-12-05,7.12,-6.94,-1.04,0.0,0.37,-12.89,10.27,0.7836336645508342
2017-12-06,2.62,-7.63,-2.48,0.0,0.37,-11.13,9.99,0.47647269729595004
2017-12-07,0.73,-7.96,-2.82,0.0,0.37,-9.97,9.74,0.3576310629950348
2017-12-08,7.85,-0.61,2.79,0.0,0.37,-8.77,9.54,0.747032113640598
2017-12-09,11.61,-1.74,2.58,0.0,0.37,-10.88,10.71,1.1005243641267777
2017-12-10,14.7,-1.01,4.38,0.0,0.37,-12.04,10.68,1.4300171721516728
2017-12-11,11.86,-3.19,3.13,0.0,0.37,-10.61,10.11,1.1174882245309092
2017-12-12,16.25,-3.16,6.03,0.0,0.37,-6.95,10.0,1.484777750846802
2017-12-13,9.22,-0.29,3.32,0.03,0.37,-8.43,9.4,0.8419091209596669
2017-12-14,1.73,-5.58,-1.54,0.1,0.37,-6.47,4.9,0.31570294889831374
2017-12-15,12.77,-4.69,3.12,0.0,0.37,-11.09,10.15,1.213448080647441
2017-12-16,8.74,-1.5,2.53,0.0,0.37,-7.77,8.81,0.7876410632088767
2017-12-17,1.72,-3.76,-1.96,0.0,0.37,-5.03,4.32,0.2714081233754303
2017-12-18,11.6,-3.42,3.42,0.0,0.37,-7.09,10.1,1.0071515124467252
2017-12-19,9.22,-1.15,2.7,0.0,0.37,-4.52,9.99,0.7284551281453409
2017-12-20,14.41,-1.86,4.17,0.0,0.37,-5.71,7.9,1.2426359099557032
2017-12-21,1.11,-8.46,-5.83,0.04,0.37,-10.05,2.85,0.37736090121152716
2017-12-22,4.36,-8.14,-2.72,0.0,0.37,-12.27,9.96,0.5959010503834122
2017-12-23,2.66,-9.24,-3.52,1.19,0.37,-9.71,6.34,0.44732394340448106
2017-12-24,-1.94,-14.35,-8.46,0.06,0.37,-15.71,8.38,0.3502195311727354
2017-12-25,-7.28,-14.06,-10.18,0.01,0.37,-13.83,6.56,0.14384450691984732
2017-12-26,-12.11,-14.06,-13.34,0.01,0.37,-16.18,4.5,0.06868414530760417
2017-12-27,5.47,-13.74,-3.37,0.0,0.37,-11.08,5.58,0.639200460675101
2017-12-28,2.06,-3.64,-0.69,0.0,0.37,-6.75,9.89,0.3402873270446742
2017-12-29,13.52,-8.97,1.59,0.0,0.37,-7.62,7.83,1.2050827645796107
2017-12-30,1.63,-11.19,-5.45,0.0,0.37,-11.07,5.88,0.4248168207721964
2017-12-31,-3.45,-13.42,-9.86,0.0,0.37,-14.43,7.42,0.2737635777798408
2018-01-01,-4.84,-14.22,-10.75,0.0,0.37,-14.83,10.21,0.2331578225878197
2018-01-02,0.4,-14.7,-8.12,0.0,0.37,-15.63,10.79,0.44807168586794965
2018-01-03,6.67,-7.59,-1.68,0.0,0.37,-12.78,10.5,0.7508359664648769
2018-01-04,8.4,-5.69,0.03,0.0,0.37,-7.77,9.97,0.7619376264149823
2018-01-05,9.68,-2.88,2.72,0.0,0.37,-9.32,8.32,0.9003814212079684
2018-01-06,7.99,-2.38,2.21,0.0,0.37,-5.93,8.34,0.6796938417667906
2018-01-07,6.23,-1.52,1.81,0.0,0.37,-2.54,10.36,0.44340604102971437
2018-01-08,12.6,-0.59,3.72,0.0,0.37,-4.78,7.14,1.0307625109634133
2018-01-09,15.88,2.64,7.75,0.0,0.37,-4.12,10.49,1.3542243841660933
2018-01-10,15.59,-6.99,6.03,1.38,0.37,-0.41,8.78,1.178398956089734
2018-01-11,1.32,-8.94,-4.1,0.0,0.37,-11.2,10.47,0.41239226481558916
2018-01-12,7.82,-5.96,-1.25,0.05,0.37,-7.72,4.85,0.7179523635732112
2018-01-13,8.59,-4.74,0.99,0.29,0.37,-6.34,8.87,0.7364466691627088
2018-01-14,9.99,-2.75,1.97,0.09,0.37,-5.94,10.18,0.8350956918430759
2018-01-15,-1.9,-15.01,-7.54,0.25,0.37,-15.16,8.57,0.34337703348920456
2018-01-16,-1.41,-15.84,-9.07,0.0,0.37,-19.1,10.81,0.41619284137017043
2018-01-17,6.41,-8.17,-1.49,0.0,0.37,-11.35,11.73,0.7054540172697875
2018-01-18,13.35,-2.07,3.3,0.0,0.37,-9.05,8.33,1.2244323753990352
2018-01-19,15.33,2.81,7.86,0.0,0.37,-5.15,8.37,1.3255138559500306
2018-01-20,16.68,-3.99,5.94,0.14,0.37,-3.17,10.46,1.4153338480816946
2018-01-21,-1.2,-4.43,-3.44,8.8,0.37,-6.02,1.97,0.16982228237635405
2018-01-22,3.87,-5.09,-2.08,0.2,0.37,-10.0,5.98,0.5201387797720978
2018-01-23,3.76,-5.69,-2.28,0.0,0.37,-9.67,12.31,0.5063478462332245
2018-01-24,10.14,-5.73,1.12,0.0,0.38,-9.21,11.41,0.9354086799003092
2018-01-25,13.65,-0.65,4.7,0.0,0.38,-8.57,11.24,1.242853800939625
2018-01-26,2.98,-3.83,-0.12,0.0,0.38,-9.06,10.11,0.4489573645301973
2018-01-27,7.28,-4.36,0.86,0.0,0.38,-12.4,11.64,0.7855804182409547
2018-01-28,9.5,-4.22,1.2,0.0,0.38,-7.73,10.57,0.8459503991823175
2018-01-29,11.98,-3.35,3.6,0.0,0.38,-6.17,11.8,1.0155208849136867
2018-01-30,19.15,1.16,8.34,0.0,0.38,-6.1,7.67,1.8307731515780632
2018-01-31,7.81,-4.78,0.69,0.48,0.38,-4.23,10.29,0.6125119798637483
2018-02-01,0.51,-5.77,-3.67,0.93,0.38,-7.56,5.68,0.2878354455526073
2018-02-02,11.35,-4.73,1.43,0.0,0.38,-5.11,11.69,0.9258975137368932
2018-02-03,12.82,-1.8,5.15,0.08,0.38,-2.39,11.64,0.9678483012754548
2018-02-04,-1.56,-11.34,-6.35,0.49,0.38,-9.75,10.12,0.2534097157735179
2018-02-05,5.41,-6.95,-0.44,0.51,0.38,-5.81,12.52,0.5016300231689192
2018-02-06,4.31,-5.72,-1.6,1.97,0.38,-7.83,7.8,0.4923534726119931
2018-02-07,10.08,-7.07,0.89,0.0,0.38,-6.98,12.26,0.8726527761650065
2018-02-08,15.14,0.46,5.43,0.0,0.38,-4.05,12.66,1.2682250178533963
2018-02-09,1.91,-11.38,-4.8,0.1,0.38,-8.3,5.24,0.3744799200823669
2018-02-10,-8.6,-10.96,-10.04,3.72,0.38,-13.77,4.74,0.10825418897024494
2018-02-11,5.39,-11.12,-3.94,0.0,0.38,-13.18,14.85,0.6751251858237476
2018-02-12,3.41,-8.65,-3.55,0.0,0.38,-9.28,5.65,0.47765247547068834
2018-02-13,13.2,-8.21,1.09,0.0,0.38,-5.28,14.74,1.1051742556086126
2018-02-14,14.21,0.68,6.54,0.0,0.38,-3.6,9.84,1.1523955443426106
2018-02-15,8.73,-6.52,2.06,0.0,0.38,-5.05,11.27,0.7077072067421556
2018-02-16,4.18,-7.8,-2.06,0.0,0.38,-10.71,14.59,0.5536049138102551
2018-02-17,9.8,-3.27,2.32,0.0,0.38,-10.32,16.75,0.9330619178425389
2018-02-18,20.09,-5.99,7.53,0.0,0.38,-7.37,14.76,2.0001913495881656
2018-02-19,-6.7,-12.63,-10.23,3.41,0.38,-13.65,6.76,0.156931711793954
2018-02-20,-8.77,-16.44,-12.66,0.35,0.38,-17.13,12.89,0.1554763536578607
2018-02-21,-0.66,-14.37,-8.32,0.0,0.38,-15.22,14.6,0.3950618192722193
2018-02-22,1.09,-8.84,-5.22,0.02,0.38,-9.41,15.16,0.3616230801623444
2018-02-23,3.64,-9.91,-3.87,0.16,0.38,-8.34,15.68,0.46727343621758927
2018-02-24,2.95,-4.83,-1.86,0.37,0.38,-11.77,17.28,0.5070689136340607
2018-02-25,4.27,-7.19,-1.77,0.0,0.38,-13.36,18.39,0.6108536098087892
2018-02-26,11.86,-4.78,2.25,0.0,0.38,-11.73,18.67,1.1408553389268468
2018-02-27,14.57,-3.12,3.05,0.0,0.38,-9.87,18.4,1.3700343241021504
2018-02-28,8.58,-4.7,0.08,0.0,0.38,-6.58,17.76,0.7426432940249419
2018-03-01,9.82,-4.85,2.29,0.0,0.38,-6.78,18.15,0.8456907956304964
2018-03-02,18.6,-1.12,8.6,0.0,0.37,-8.11,18.36,1.8116415154599363
2018-03-03,22.03,3.23,11.36,0.0,0.37,-10.22,19.61,2.3680059905925472
2018-03-04,19.49,0.7,9.32,0.0,0.37,-9.04,18.54,1.9572531801431274
2018-03-05,6.26,-3.73,0.77,0.0,0.37,-14.42,20.33,0.7522538155430971
2018-03-06,5.95,-5.56,-0.98,0.0,0.37,-12.69,19.94,0.7016539267538235
2018-03-07,7.83,-5.75,0.15,0.0,0.37,-12.16,20.5,0.8200836674933631
2018-03-08,15.83,-2.38,5.41,0.0,0.37,-11.19,19.34,1.538789995989522
2018-03-09,16.53,0.55,8.46,0.0,0.37,-6.21,18.79,1.4967477373179432
2018-03-10,10.65,-3.79,5.51,0.0,0.37,-4.66,17.44,0.8503071983049504
2018-03-11,7.88,-5.71,-0.28,0.0,0.36,-10.85,21.41,0.797017797692209
2018-03-12,12.66,-4.97,2.67,0.0,0.36,-9.95,19.37,1.1779367731355168
2018-03-13,12.74,-3.71,4.01,0.0,0.36,-7.34,21.1,1.1205205425292735
2018-03-14,20.06,-1.62,9.24,0.0,0.36,-3.99,20.56,1.892377829808031
2018-03-15,21.16,5.02,12.78,0.56,0.36,-1.11,20.11,1.9483681372928405
2018-03-16,13.32,-0.85,5.41,1.72,0.36,-4.23,19.45,1.0829587812743018
2018-03-17,15.74,-3.36,6.04,0.0,0.36,-4.4,21.87,1.3475489805037273
2018-03-18,18.0,-1.05,7.4,7.54,0.36,-4.14,20.92,1.6144951442436342
2018-03-19,6.11,-3.57,0.61,1.87,0.37,-5.39,10.66,0.533390043907803
2018-03-20,10.03,-4.76,2.56,0.0,0.38,-8.08,18.65,0.8981452594919782
2018-03-21,15.9,-2.26,6.66,0.0,0.38,-6.6,17.83,1.4340328770827298
2018-03-22,22.22,2.08,12.03,0.0,0.38,-4.01,22.16,2.225674631028495
2018-03-23,24.88,7.77,15.75,0.04,0.37,0.59,18.93,2.5076752545549024
2018-03-24,18.54,2.11,10.27,0.0,0.37,-0.89,21.55,1.562766785163545
2018-03-25,19.42,1.02,10.23,0.03,0.37,-1.56,12.29,1.7107980543852994
2018-03-26,15.97,0.94,7.16,1.36,0.37,-1.94,12.21,1.28504847120281
2018-03-27,11.98,-1.4,4.46,0.1,0.37,-6.0,22.57,1.0104682270839127
2018-03-28,8.53,-0.69,3.67,0.79,0.37,-2.49,15.63,0.6035280542739828
2018-03-29,9.97,-2.93,2.66,0.45,0.37,-4.37,16.98,0.7837360661351289
2018-03-30,17.87,-3.73,6.58,0.0,0.37,-4.69,23.19,1.6159823351985647
2018-03-31,13.74,-4.47,4.96,0.01,0.37,-3.09,18.5,1.0854846883709042
2018-04-01,9.29,-8.01,-0.53,0.01,0.37,-8.76,20.57,0.855673603656431
2018-04-02,25.55,-3.43,12.12,0.0,0.37,-3.72,19.74,2.8091243566318007
2018-04-03,7.43,-4.29,2.1,0.0,0.36,-12.78,26.27,0.8032815321766686
2018-04-04,17.37,-4.34,7.35,0.0,0.36,-12.1,20.08,1.7421379911888286
2018-04-05,21.65,1.08,11.44,0.0,0.36,-4.48,21.39,2.1499476117886696
2018-04-06,5.27,-7.25,-1.58,0.97,0.36,-6.58,4.76,0.5156422811303232
2018-04-07,11.96,-7.34,1.85,0.16,0.36,-7.01,21.2,1.0377984217879916
2018-04-08,18.18,2.91,10.36,3.75,0.37,-0.84,22.77,1.5130112153725972
2018-04-09,12.67,1.42,6.55,0.2,0.37,-2.66,19.65,0.9635492313604322
2018-04-10,20.64,2.26,11.8,0.0,0.37,-5.77,25.51,2.035362716815772
2018-04-11,26.55,7.38,16.29,0.0,0.36,-3.63,17.17,3.005216870954318
2018-04-12,28.17,6.34,16.66,0.04,0.36,-3.28,15.81,3.3380210046673104
2018-04-13,6.28,-4.67,1.41,8.6,0.37,-3.32,7.57,0.475339166366711
2018-04-14,7.76,-5.61,-0.16,0.2,0.37,-8.23,21.02,0.7269386203317451
2018-04-15,15.13,-3.81,5.56,0.0,0.37,-5.24,26.67,1.3061099262342624
2018-04-16,22.0,-1.88,9.93,0.0,0.37,-5.87,24.84,2.249780782920054
2018-04-17,25.06,2.5,13.91,0.0,0.37,-8.1,26.47,2.8473466265518
2018-04-18,14.24,-0.4,6.31,0.0,0.37,-8.74,28.08,1.3081049925574255
2018-04-19,17.87,-1.36,8.5,0.0,0.36,-5.58,24.31,1.6441955027907325
2018-04-20,10.28,0.44,4.91,9.97,0.37,-1.16,4.3,0.6900744567823348
2018-04-21,9.89,-0.48,3.9,3.75,0.39,-0.27,8.17,0.6200387760096232
2018-04-22,17.17,-0.97,7.7,0.02,0.39,-0.55,25.59,1.3719241807181022
2018-04-23,21.28,1.01,11.31,0.05,0.38,0.47,26.31,1.8980906010804008
2018-04-24,8.56,-1.22,3.42,6.6,0.39,-2.22,7.98,0.5954947656370825
2018-04-25,17.33,-3.73,6.55,0.0,0.39,-5.11,28.7,1.5609546159965968
2018-04-26,15.17,4.18,9.33,0.0,0.39,-2.49,23.78,1.2155152459976684
2018-04-27,23.87,2.82,13.22,0.0,0.38,-3.79,27.23,2.4992200900247874
2018-04-28,24.04,3.72,14.45,0.0,0.38,0.76,28.53,2.345667537791665
2018-04-29,28.84,9.04,18.44,0.0,0.37,0.81,24.51,3.321029724716776
2018-04-30,26.13,10.17,17.27,0.0,0.37,-4.29,20.91,2.9429217150612548
2018-05-01,22.07,7.54,13.08,0.46,0.37,4.64,20.74,1.8046014039316773
2018-05-02,19.72,7.0,12.18,16.92,0.38,6.35,14.19,1.3400465717975978
2018-05-03,14.13,6.17,8.89,5.92,0.41,4.71,12.09,0.7573317661398453
2018-05-04,20.78,4.84,13.11,0.0,0.4,0.7,27.87,1.8109688417185772
2018-05-05,25.09,8.15,16.84,0.0,0.4,2.36,26.87,2.4607700174034406
2018-05-06,25.75,11.06,18.38,0.0,0.39,4.96,23.1,2.4422034610900454
2018-05-07,29.19,9.18,20.27,0.0,0.39,5.21,22.05,3.1646894232150142
2018-05-08,25.82,11.89,18.0,0.48,0.38,4.06,28.32,2.5091359863096896
2018-05-09,28.95,8.76,19.28,2.31,0.38,4.75,24.28,3.1369130986567675
2018-05-10,32.44,12.05,22.09,0.15,0.38,5.06,28.69,3.998310986991163
2018-05-11,26.72,10.75,17.64,0.6,0.37,8.24,12.41,2.4167594824250798
2018-05-12,25.69,8.86,14.84,0.98,0.37,8.05,12.25,2.2239027845050665
2018-05-13,26.51,9.21,16.46,0.6,0.37,7.07,20.18,2.4574374972325783
2018-05-14,21.8,9.41,15.17,6.08,0.38,8.62,19.26,1.4929527409632029
2018-05-15,24.08,9.9,16.88,4.22,0.38,8.27,28.19,1.90561920049203
2018-05-16,28.82,10.83,19.76,0.11,0.38,6.73,29.54,2.9807632464021
2018-05-17,31.34,12.35,21.54,0.0,0.38,5.46,28.75,3.6795674921926125
2018-05-18,21.99,11.9,16.91,9.99,0.38,10.96,12.37,1.333092221140206
2018-05-19,14.01,4.06,9.6,8.21,0.4,5.9,18.72,0.6709873707013646
2018-05-20,20.07,2.05,11.82,0.04,0.4,3.74,24.49,1.549934640246478
2018-05-21,28.74,7.14,18.35,0.0,0.39,6.07,25.73,3.0062324893906998
2018-05-22,28.49,11.57,20.36,0.01,0.39,9.31,21.36,2.716796743205963
2018-05-23,30.24,13.61,21.76,0.14,0.38,10.44,25.43,3.0371838995032565
2018-05-24,30.5,14.29,22.12,0.05,0.38,8.16,28.03,3.281764093539987
2018-05-25,32.95,14.11,24.14,0.0,0.37,6.37,30.13,4.056722424389847
2018-05-26,35.6,15.0,25.62,0.0,0.37,3.4,27.9,5.032295677390305
2018-05-27,32.82,17.74,24.54,3.33,0.36,8.7,17.34,3.854583476211642
2018-05-28,28.66,12.74,20.68,5.8,0.37,10.57,18.66,2.651981090903239
2018-05-29,26.03,13.69,19.03,13.5,0.4,10.12,23.3,2.1295337117459487
2018-05-30,28.76,11.52,19.86,6.21,0.4,9.75,26.2,2.742913203002329
2018-05-31,31.39,13.14,22.69,0.16,0.4,8.78,31.23,3.462200362027165
2018-06-01,34.47,13.45,24.26,0.0,0.39,1.81,32.23,4.763946662098578
2018-06-02,26.21,10.29,17.82,0.0,0.38,1.26,30.7,2.7342607458397294
2018-06-03,26.54,10.1,18.66,0.0,0.38,5.06,23.27,2.5942748075553284
2018-06-04,32.52,12.39,22.75,0.0,0.37,5.6,31.37,3.986761149481783
2018-06-05,36.45,16.58,27.18,0.0,0.37,4.37,30.42,5.254575279308427
2018-06-06,35.44,17.12,26.52,2.23,0.36,8.14,27.13,4.67782923309455
2018-06-07,33.43,17.45,24.98,2.11,0.37,7.33,28.52,4.1279612632017395
2018-06-08,35.87,16.08,26.44,0.03,0.36,4.52,28.08,5.055241760007323
2018-06-09,34.86,15.51,25.2,0.01,0.36,1.16,31.02,4.914988349319522
2018-06-10,37.54,17.83,28.09,0.0,0.35,0.81,25.99,5.813981834699239
2018-06-11,28.88,15.52,21.69,0.0,0.35,0.92,30.17,3.3250556280008436
2018-06-12,31.19,13.26,22.46,0.14,0.35,5.63,30.13,3.6299926543510934
2018-06-13,36.26,16.85,26.06,2.58,0.35,10.74,28.13,4.7360756033571665
2018-06-14,38.63,18.96,28.67,0.0,0.35,6.91,26.65,5.858106144796276
2018-06-15,36.03,18.36,27.51,0.67,0.35,8.63,28.88,4.83110599008977
2018-06-16,34.17,20.14,25.4,0.41,0.35,10.57,19.06,4.094155430487225
2018-06-17,30.66,17.28,23.44,1.44,0.35,13.85,24.37,2.8232490829465626
2018-06-18,31.62,13.65,22.38,1.04,0.35,11.23,28.85,3.3207024929910984
2018-06-19,30.98,15.31,22.58,11.36,0.35,13.12,24.99,2.977910978272619
2018-06-20,26.98,11.98,19.38,1.21,0.37,8.81,29.94,2.4277515230681184
2018-06-21,29.39,11.63,21.18,0.01,0.37,7.89,30.97,3.0320886600665857
2018-06-22,29.62,13.84,20.51,8.87,0.37,12.03,16.98,2.7461143795213294
2018-06-23,30.0,13.87,22.04,6.91,0.38,12.37,24.16,2.8059130965673384
2018-06-24,22.92,11.17,16.86,18.93,0.4,12.88,13.54,1.3098178070276902
2018-06-25,27.12,10.58,18.27,0.03,0.41,7.99,26.02,2.518479102413214
2018-06-26,33.58,14.45,24.47,0.0,0.4,7.68,32.04,4.146511869167286
2018-06-27,37.74,17.45,27.83,0.0,0.39,8.56,31.21,5.417807803882982
2018-06-28,40.07,18.22,30.03,0.01,0.38,6.11,25.54,6.460919418259582
2018-06-29,35.72,21.05,28.78,0.01,0.37,4.32,26.48,5.01857182752524
2018-06-30,28.8,13.84,21.49,3.56,0.37,11.86,23.81,2.569944190883498
2018-07-01,31.49,11.26,22.21,0.05,0.37,7.75,31.02,3.5648087094636765
2018-07-02,35.4,17.82,26.71,0.0,0.37,12.08,26.65,4.338207105945838
2018-07-03,36.78,17.58,27.07,0.01,0.36,9.6,28.63,5.00458031510316
2018-07-04,34.3,18.65,26.64,0.93,0.36,10.92,26.2,4.103008005199722
2018-07-05,29.25,19.46,23.91,2.28,0.36,14.33,21.57,2.4307515790063547
2018-07-06,32.37,18.25,24.96,0.0,0.36,14.92,28.9,3.158514312614585
2018-07-07,34.38,18.11,26.4,1.08,0.36,13.6,29.71,3.875264910173125
2018-07-08,35.6,18.46,27.13,0.04,0.36,11.4,30.96,4.463817367116214
2018-07-09,34.89,17.85,26.98,0.0,0.35,9.78,31.17,4.378610020554956
2018-07-10,35.75,18.49,27.12,0.0,0.35,10.25,30.09,4.6113030290843575
2018-07-11,34.88,17.5,26.83,0.0,0.35,11.96,29.63,4.1866271923125415
2018-07-12,35.53,19.76,26.93,3.02,0.35,13.34,25.49,4.258086440878566
2018-07-13,30.31,18.16,24.38,0.11,0.35,15.66,25.45,2.5399235551303265
2018-07-14,33.66,18.14,25.93,0.01,0.35,13.16,28.34,3.705866384151069
2018-07-15,31.61,17.77,24.52,8.2,0.35,13.5,23.0,3.103517640490421
2018-07-16,28.62,17.15,23.2,3.06,0.37,16.26,24.55,2.0698452232595006
2018-07-17,29.02,17.82,23.45,3.66,0.37,16.33,28.27,2.153340888057626
2018-07-18,34.05,18.79,25.82,0.69,0.37,12.65,29.45,3.8702642208837723
2018-07-19,36.84,19.03,27.54,0.0,0.36,8.12,28.98,5.1387690253128415
2018-07-20,35.55,20.29,27.53,0.0,0.36,16.2,26.21,3.9542285791935967
2018-07-21,33.65,21.57,27.4,2.9,0.36,15.67,26.11,3.436160138372169
2018-07-22,35.41,19.14,26.03,6.86,0.36,16.35,27.85,3.8920192755608207
2018-07-23,27.05,17.68,21.98,2.39,0.37,14.28,18.59,1.9479273398840902
2018-07-24,32.2,15.74,24.19,0.62,0.37,13.94,28.63,3.2163862842211355
2018-07-25,31.55,18.44,24.69,2.28,0.37,14.52,27.33,2.9818381586527054
2018-07-26,25.63,16.8,21.28,8.38,0.38,14.58,24.78,1.6288382522078946
2018-07-27,29.67,16.39,22.34,14.57,0.4,15.69,20.29,2.3808158532121535
2018-07-28,27.76,15.05,21.25,2.49,0.4,15.54,24.69,1.9618839773293753
2018-07-29,26.89,16.71,21.07,5.92,0.4,16.1,18.75,1.7124629369198532
2018-07-30,24.3,12.28,18.61,8.63,0.41,10.28,28.13,1.786878003166691
2018-07-31,28.6,9.87,19.55,0.0,0.41,8.92,28.98,2.7721387213366673
2018-08-01,30.28,14.22,22.68,0.16,0.4,10.56,25.76,3.036876779563097
2018-08-02,33.27,16.49,25.17,0.5,0.39,12.74,27.29,3.6343438250893394
2018-08-03,29.28,18.15,22.84,0.89,0.38,12.83,19.51,2.589755294585176
2018-08-04,35.34,17.04,26.38,0.0,0.38,6.8,27.12,4.741025031709952
2018-08-05,30.29,18.63,23.91,1.79,0.38,13.32,14.33,2.7847432732688073
2018-08-06,29.06,17.3,22.08,0.98,0.38,16.12,19.55,2.1873173099503957
2018-08-07,29.49,15.21,22.74,1.29,0.38,13.99,26.46,2.522944642409505
2018-08-08,29.49,15.97,22.22,2.84,0.38,11.99,22.96,2.7188730996527632
2018-08-09,31.9,16.5,24.26,0.01,0.37,9.66,25.13,3.527708533202202
2018-08-10,30.18,16.94,23.53,1.71,0.37,10.41,22.71,3.0249589863740036
2018-08-11,31.54,15.64,23.67,0.0,0.37,8.4,27.6,3.530218568971721
2018-08-12,30.73,15.26,22.86,0.0,0.37,8.15,24.18,3.340216732488648
2018-08-13,29.72,14.94,22.32,0.0,0.36,12.48,25.11,2.7278163674776454
2018-08-14,28.64,14.47,21.82,0.1,0.36,12.08,24.23,2.513113438059431
2018-08-15,34.17,16.65,24.74,0.07,0.36,9.59,24.65,4.175186386770058
2018-08-16,32.54,15.6,23.61,0.0,0.36,9.82,26.47,3.688574269099293
2018-08-17,26.95,16.88,20.54,9.39,0.36,13.75,22.89,1.982041396219214
2018-08-18,29.88,12.93,20.66,10.56,0.38,14.46,18.73,2.566992761194853
2018-08-19,22.56,10.61,16.11,0.5,0.39,9.11,17.09,1.5789130310004
2018-08-20,23.93,8.23,15.58,0.0,0.39,2.51,22.74,2.2395881115841054
2018-08-21,21.21,10.62,15.52,0.62,0.38,8.93,12.64,1.3766243053324325
2018-08-22,26.53,13.72,19.4,0.51,0.38,14.1,8.06,1.8591950749878352
2018-08-23,31.81,15.82,23.39,0.02,0.38,10.34,24.88,3.4477404277442654
2018-08-24,32.34,15.21,23.44,0.0,0.38,4.15,24.56,4.025007638246124
2018-08-25,32.49,18.46,24.52,1.85,0.37,13.99,22.51,3.2904583539398864
2018-08-26,34.31,18.07,25.8,0.05,0.37,11.33,24.85,4.069974921523388
2018-08-27,34.47,19.08,26.37,0.01,0.37,7.05,25.58,4.4547472490136535
2018-08-28,25.37,12.8,18.78,0.0,0.36,7.67,19.31,2.1893723801736815
2018-08-29,29.18,10.19,19.08,0.0,0.36,8.88,24.87,2.908747359421609
2018-08-30,33.95,15.07,24.14,0.0,0.36,7.4,23.93,4.274758445201907
2018-08-31,33.95,18.02,24.07,0.12,0.36,7.39,17.31,4.275462986845856
2018-09-01,27.15,16.27,21.44,2.45,0.36,12.74,16.57,2.1243491402095014
2018-09-02,26.64,15.93,20.95,1.11,0.36,12.08,20.43,2.0807487133779583
2018-09-03,23.7,16.24,18.87,6.48,0.37,14.12,8.57,1.3195111065706442
2018-09-04,27.52,14.72,20.52,0.93,0.37,12.4,19.73,2.2355748587079773
2018-09-05,21.24,14.02,17.39,3.24,0.38,12.95,13.75,1.031026339897087
2018-09-06,22.56,13.16,17.13,0.66,0.38,12.14,8.71,1.3199685245616517
2018-09-07,23.05,12.97,17.16,0.48,0.38,12.28,17.18,1.3892747441147382
2018-09-08,27.01,11.53,18.8,0.05,0.37,10.37,20.72,2.3086899362084576
2018-09-09,30.57,13.02,20.8,0.57,0.37,9.28,21.04,3.213816867004458
2018-09-10,33.09,14.37,23.2,0.11,0.37,8.32,21.4,3.959222236037958
2018-09-11,33.88,15.99,24.34,0.01,0.36,9.08,22.42,4.1295427202163095
2018-09-12,35.06,15.89,24.95,0.0,0.36,5.79,23.48,4.71975331535888
2018-09-13,35.57,16.76,25.31,0.0,0.36,1.17,23.96,5.137447988549883
2018-09-14,34.27,14.94,23.74,0.0,0.36,1.91,23.68,4.69864025559608
2018-09-15,32.51,15.78,23.61,0.0,0.35,11.25,22.68,3.5588444258622953
2018-09-16,34.12,15.07,24.34,0.0,0.35,10.85,22.5,4.05522124612271
2018-09-17,34.45,18.29,25.61,0.0,0.35,9.69,21.67,4.2513086446615
2018-09-18,33.18,17.27,24.84,0.0,0.35,10.33,21.67,3.8257752166949057
2018-09-19,30.56,17.21,23.56,0.12,0.35,10.64,19.51,3.09964250072037
2018-09-20,27.51,14.24,20.06,2.1,0.35,11.1,9.77,2.351950963296674
2018-09-21,24.37,8.21,16.04,0.0,0.35,2.8,21.67,2.3037528210242457
2018-09-22,30.02,9.87,19.07,0.92,0.35,3.0,19.54,3.49016861088198
2018-09-23,32.24,12.35,21.72,0.0,0.35,0.78,21.27,4.173285909134538
2018-09-24,25.77,11.96,17.9,0.43,0.35,5.4,17.05,2.4190376420412463
2018-09-25,18.91,6.98,12.57,0.01,0.35,-0.09,21.4,1.5782747680863636
2018-09-26,21.69,5.99,13.28,0.0,0.35,-0.51,19.91,2.005886585206536
2018-09-27,25.22,7.25,15.77,0.0,0.35,-2.86,19.74,2.7147598923591714
2018-09-28,15.91,4.69,9.04,0.03,0.35,1.91,6.23,1.1067509993018074
2018-09-29,32.06,4.76,16.01,0.02,0.35,1.2,17.86,4.104671946547972
2018-09-30,15.97,6.65,9.42,1.07,0.35,5.27,8.88,0.9259165566216873
2018-10-01,16.2,6.42,10.6,0.03,0.35,5.76,12.82,0.921959887736458
2018-10-02,28.96,10.95,19.58,0.0,0.35,8.1,12.5,2.9163303605137125
2018-10-03,30.54,7.64,20.21,0.37,0.35,5.89,19.48,3.4482575422587702
2018-10-04,20.94,2.89,10.87,3.37,0.35,2.28,13.56,1.7579472583677016
2018-10-05,26.1,5.17,14.99,0.03,0.35,1.22,19.14,2.7141527280991147
2018-10-06,16.17,2.71,8.43,0.1,0.35,0.11,16.29,1.2224176002714542
2018-10-07,10.3,4.02,6.61,8.05,0.35,4.01,4.29,0.43903408226678275
2018-10-08,9.12,2.25,4.84,6.69,0.38,1.94,5.64,0.4547834909017714
2018-10-09,2.55,-2.31,0.83,13.04,0.38,-1.53,3.84,0.18786070569180835
2018-10-10,5.49,-3.83,0.09,0.28,0.4,-3.19,6.6,0.419876404372615
2018-10-11,11.44,-3.57,3.24,0.06,0.4,-0.21,4.8,0.7500769814837249
2018-10-12,15.9,1.05,7.11,0.03,0.4,-0.42,17.96,1.2143247231828997
2018-10-13,16.53,0.37,8.45,0.12,0.39,-0.24,16.8,1.2805482376350197
2018-10-14,0.46,-6.45,-2.88,1.66,0.39,-9.43,3.87,0.3326616573821799
2018-10-15,8.2,-7.05,-0.3,0.0,0.39,-11.98,17.14,0.8436217355703707
2018-10-16,14.32,-1.8,5.81,0.0,0.39,-4.59,16.03,1.1976325431938628
2018-10-17,15.58,4.66,9.37,0.07,0.39,0.01,15.45,1.158832798391228
2018-10-18,16.03,4.16,8.6,0.4,0.38,4.21,11.47,0.9964134852143756
2018-10-19,18.48,5.71,10.66,0.0,0.38,-1.62,15.24,1.5846802812296925
2018-10-20,20.85,2.76,10.92,0.0,0.38,-2.42,13.62,1.9529454018173888
2018-10-21,22.65,5.31,13.07,0.0,0.38,-2.14,15.9,2.2285404499016046
2018-10-22,22.16,6.17,12.68,0.0,0.38,1.43,14.43,1.9924557331364325
2018-10-23,16.17,5.63,10.13,0.08,0.37,6.4,11.75,0.8768013490933778
2018-10-24,9.86,5.15,7.74,16.19,0.39,5.61,4.15,0.3063305419008788
2018-10-25,16.94,5.08,10.11,0.0,0.4,2.51,13.96,1.1985584939945721
2018-10-26,18.4,5.57,11.03,0.0,0.4,0.52,14.6,1.482169175786174
2018-10-27,24.04,6.28,13.86,0.0,0.4,2.46,14.99,2.2618771942749825
2018-10-28,22.4,3.38,11.04,0.0,0.39,3.08,14.79,1.9470029075082333
2018-10-29,23.92,6.77,13.93,0.0,0.39,0.56,10.37,2.333472935831096
2018-10-30,6.25,1.94,4.43,2.4,0.39,0.48,7.15,0.3189486767648153
2018-10-31,9.88,-0.13,3.82,0.79,0.39,-3.1,12.67,0.7321397692825167
2018-11-01,11.71,0.2,5.6,0.02,0.39,-3.58,10.52,0.9071391909832598
2018-11-02,17.94,-1.62,7.99,0.0,0.39,0.34,13.46,1.4301353253389544
2018-11-03,10.98,-0.82,5.91,0.05,0.39,-1.61,10.36,0.7681389661002769
2018-11-04,13.97,-2.2,5.28,0.07,0.38,-2.46,13.1,1.0857747975385579
2018-11-05,11.73,2.26,5.71,0.05,0.38,-2.24,12.21,0.8596734142918606
2018-11-06,9.69,-0.1,4.58,0.0,0.38,-4.7,12.94,0.7718159806345999
2018-11-07,5.59,-0.81,1.72,0.7,0.38,-1.43,5.73,0.35881387106934104
2018-11-08,3.75,-6.5,-1.08,0.54,0.38,-5.34,4.57,0.38863646415774394
2018-11-09,4.59,-7.0,-2.88,0.0,0.38,-9.67,12.79,0.5543809154908383
2018-11-10,13.03,-6.09,1.96,0.0,0.38,-9.11,11.97,1.194186980303954
2018-11-11,0.05,-4.85,-2.46,0.91,0.38,-6.28,6.36,0.23107017587241685
2018-11-12,-1.53,-6.69,-4.79,0.05,0.38,-11.15,9.25,0.2853622715114158
2018-11-13,6.1,-5.69,-0.37,0.0,0.38,-10.35,11.66,0.6637270049542121
2018-11-14,13.58,-1.37,4.44,0.0,0.38,-5.2,12.11,1.1407292348901468
2018-11-15,13.18,-0.24,4.7,0.0,0.38,-4.85,11.52,1.08949910471613
2018-11-16,17.2,-0.41,6.23,0.0,0.38,-4.04,10.06,1.5095317708018456
2018-11-17,1.26,-6.73,-2.72,0.47,0.38,-6.28,2.88,0.2871780005450739
2018-11-18,7.19,-6.35,-1.13,0.01,0.38,-9.09,11.82,0.7079960708818451
2018-11-19,8.17,-3.21,1.12,0.0,0.38,-8.23,11.32,0.7568325405495858
2018-11-20,13.37,-2.66,3.92,0.0,0.38,-8.7,12.12,1.2178490979751044
2018-11-21,15.69,-1.08,4.87,0.0,0.38,-7.52,12.09,1.4355072653245844
2018-11-22,17.89,0.07,7.15,0.0,0.38,-7.16,11.07,1.6928503754376074
2018-11-23,12.96,0.55,6.47,0.0,0.37,-5.84,11.1,1.0988003219897609
2018-11-24,16.77,-1.7,3.35,1.57,0.37,-5.02,9.69,1.4891282947390003
2018-11-25,2.1,-5.31,-2.6,0.74,0.38,-7.32,8.1,0.3581951849037021
2018-11-26,6.66,-4.71,-0.05,0.0,0.38,-10.4,9.64,0.7019350124938333
2018-11-27,13.16,-1.62,5.07,0.0,0.38,-6.6,9.94,1.1408467975386793
2018-11-28,14.11,2.4,6.37,0.0,0.38,-4.62,9.78,1.176564350656833
2018-11-29,11.64,-0.57,4.22,0.01,0.38,-2.04,10.66,0.8437640575330947
2018-11-30,6.59,-1.61,2.42,0.13,0.38,0.27,3.95,0.3510933044039912
2018-12-01,2.84,-2.42,-0.4,0.68,0.38,-4.12,3.84,0.2990323821714587
2018-12-02,0.56,-6.26,-2.86,0.2,0.38,-5.99,8.16,0.24560036963721799
2018-12-03,1.65,-6.64,-3.22,0.4,0.38,-8.49,8.61,0.3663493550634175
2018-12-04,2.65,-5.39,-2.18,0.01,0.38,-11.44,10.28,0.48446302785888545
2018-12-05,4.7,-5.89,-1.73,0.0,0.38,-11.67,6.62,0.6041932693470362
2018-12-06,-2.65,-7.28,-5.3,0.0,0.38,-9.6,7.11,0.20766356183305779
2018-12-07,2.83,-8.1,-3.46,0.0,0.38,-7.9,10.01,0.4116897872078914
2018-12-08,6.0,-6.47,-1.77,0.0,0.38,-6.06,9.99,0.5466523377074223
2018-12-09,4.83,-5.76,-1.1,0.0,0.38,-8.29,10.21,0.5351286586864576
2018-12-10,10.2,-5.26,0.36,0.0,0.38,-13.09,10.56,1.021667087993691
2018-12-11,10.07,-1.8,2.56,0.0,0.38,-8.69,7.91,0.9169263468817015
2018-12-12,12.61,-1.55,3.05,0.0,0.37,-8.04,9.54,1.1266596537465117
2018-12-13,2.54,-4.08,-1.44,0.0,0.37,-10.6,10.52,0.46098388409812713
2018-12-14,8.61,-3.41,0.77,0.0,0.37,-10.66,10.25,0.8470643297116622
2018-12-15,11.38,-1.29,4.9,0.0,0.37,-7.94,5.92,1.0103083775549107
2018-12-16,12.41,-0.81,4.12,0.0,0.37,-6.97,9.75,1.0787477411151445
2018-12-17,12.21,-1.0,3.83,0.0,0.37,-8.01,9.33,1.0879973137264562
2018-12-18,12.11,-0.24,4.66,0.0,0.37,-5.03,9.33,0.9925517248282916
2018-12-19,8.84,-1.76,3.93,0.03,0.37,-5.63,7.01,0.7342623288834642
2018-12-20,6.17,-3.9,-0.28,0.0,0.37,-10.9,10.03,0.6802225387503458
2018-12-21,13.7,-2.81,3.69,0.0,0.37,-7.44,7.1,1.2184993370150032
2018-12-22,4.45,-5.58,-1.14,0.22,0.37,-5.98,4.97,0.4485369042012696
2018-12-23,8.2,-4.91,-0.5,0.0,0.37,-10.77,9.99,0.8187425783648608
2018-12-24,5.3,-1.17,1.53,0.0,0.37,-6.91,6.8,0.5268777434750367
2018-12-25,7.4,-2.31,1.14,0.0,0.37,-5.2,9.48,0.6148888529031735
2018-12-26,3.45,-5.51,-0.66,0.3,0.37,-2.32,2.08,0.26726324646661137
2018-12-27,-2.18,-7.59,-5.33,0.0,0.37,-11.92,3.96,0.27539304776937745
2018-12-28,-5.05,-10.1,-7.9,0.01,0.37,-14.45,9.37,0.22025197643395322
2018-12-29,2.15,-11.04,-5.06,0.0,0.37,-12.96,10.4,0.4880293896785724
2018-12-30,8.92,-4.34,0.5,0.0,0.37,-9.18,10.25,0.8370294902502056
2018-12-31,-1.56,-14.59,-8.4,0.36,0.37,-13.01,3.12,0.3205289708491083
2019-01-01,-7.63,-14.78,-11.85,0.02,0.37,-17.29,7.06,0.18692716743729468
2019-01-02,4.31,-11.01,-3.34,0.0,0.37,-13.75,10.6,0.6200345615675205
2019-01-03,9.78,-4.94,1.55,0.0,0.37,-10.63,10.6,0.9382301594733333
2019-01-04,12.52,0.2,4.41,0.0,0.37,-5.71,10.06,1.052384052771334
2019-01-05,12.51,0.91,4.14,0.0,0.37,-4.15,10.42,1.0012780345398216
2019-01-06,12.97,1.53,5.29,0.0,0.37,-3.79,8.13,1.0333408366059667
2019-01-07,11.16,-3.43,2.78,0.0,0.37,-7.85,9.31,0.988443934139144
2019-01-08,7.61,-4.6,-0.65,0.0,0.37,-10.66,10.6,0.7735081113555042
2019-01-09,7.06,-3.63,0.37,0.0,0.37,-7.47,9.08,0.6575573595566271
2019-01-10,12.95,-0.94,3.96,0.0,0.37,-4.84,10.29,1.0665573400437052
2019-01-11,3.81,-0.79,0.75,2.75,0.37,-2.08,2.69,0.2781542050774791
2019-01-12,3.85,-3.41,-0.32,0.28,0.37,-3.31,6.12,0.32630404309538874
2019-01-13,4.63,-4.27,-1.27,0.0,0.37,-3.87,9.77,0.39131017489791636
2019-01-14,7.4,-3.86,0.26,0.0,0.37,-9.59,11.42,0.7345728235833622
2019-01-15,9.09,-3.46,0.89,0.0,0.37,-11.49,11.33,0.901395078991388
2019-01-16,6.29,-1.27,1.32,0.0,0.37,-4.11,8.49,0.5035391209119757
2019-01-17,10.93,-0.76,3.24,0.0,0.37,-5.92,10.22,0.9139735013311469
2019-01-18,3.46,-5.95,-0.59,0.31,0.37,-5.3,2.5,0.3711872375402645
2019-01-19,7.38,-5.67,0.25,0.0,0.37,-8.04,10.7,0.6949761729225081
2019-01-20,13.72,-1.84,3.65,0.0,0.37,-4.68,10.81,1.1382652792765962
2019-01-21,14.89,-3.98,2.74,0.16,0.37,-4.95,7.8,1.2705281444104268
2019-01-22,-2.05,-6.26,-4.44,2.03,0.37,-9.86,4.88,0.2365617518434731
2019-01-23,5.65,-5.89,-1.11,0.02,0.37,-10.41,9.97,0.6361387402591797
2019-01-24,-3.42,-8.93,-5.67,1.29,0.37,-9.29,4.8,0.172275658668322
2019-01-25,2.6,-9.08,-3.71,0.0,0.37,-11.04,11.99,0.47353441887777553
2019-01-26,4.23,-5.38,-0.66,0.0,0.37,-8.32,8.0,0.500401578728759
2019-01-27,12.34,-0.99,3.87,0.02,0.38,-5.44,11.61,1.0270103859438873
2019-01-28,-0.43,-6.26,-3.64,0.02,0.38,-11.18,12.1,0.33189297015653857
2019-01-29,-0.2,-10.02,-5.34,0.0,0.37,-13.76,13.21,0.39099673161037013
2019-01-30,8.52,-9.91,-1.74,0.0,0.37,-12.1,12.63,0.8698636114940105
2019-01-31,10.23,-1.5,2.06,0.0,0.37,-9.55,13.05,0.9509445177465082
2019-02-01,13.11,-1.34,2.97,0.0,0.37,-7.79,13.29,1.168701956338568
2019-02-02,13.82,-1.1,3.92,0.0,0.37,-7.24,13.65,1.2253237243483348
2019-02-03,16.87,-0.85,6.48,0.0,0.37,-3.68,7.5,1.4565003854065222
2019-02-04,11.25,-2.64,3.23,0.0,0.37,-2.97,10.35,0.8439645467603842
2019-02-05,13.48,-3.39,2.13,0.0,0.37,-5.14,8.86,1.1287324057645287
2019-02-06,0.58,-13.62,-5.31,0.77,0.37,-8.38,3.33,0.3124755426885426
2019-02-07,-6.63,-16.49,-12.12,0.02,0.37,-19.25,12.32,0.23884129657561107
2019-02-08,4.02,-11.7,-4.71,0.0,0.37,-13.71,12.64,0.6025701139301052
2019-02-09,7.65,-5.57,-0.83,0.0,0.37,-8.51,12.73,0.7261552723485314
2019-02-10,4.51,-8.45,-3.16,0.0,0.37,-7.9,14.43,0.5059378032346065
2019-02-11,9.28,-7.0,-1.39,0.0,0.37,-8.16,11.42,0.8397378145944487
2019-02-12,8.87,-5.19,0.52,0.0,0.37,-12.7,14.89,0.9079803247695907
2019-02-13,13.63,-1.23,5.59,0.0,0.37,-11.33,13.35,1.3036779289268754
2019-02-14,14.56,-4.56,4.96,0.0,0.37,-6.95,9.61,1.2948858955476432
2019-02-15,12.28,-6.21,-0.02,0.02,0.37,-6.61,14.15,1.0562850377458919
2019-02-16,10.21,-5.79,-1.54,0.01,0.37,-6.76,6.03,0.8772441026408384
2019-02-17,-0.6,-9.63,-4.5,0.07,0.37,-12.52,14.13,0.3512155261827141
2019-02-18,-3.61,-13.1,-9.23,0.43,0.37,-15.06,11.19,0.2782578970450149
2019-02-19,-2.79,-10.07,-6.74,1.15,0.37,-11.93,4.71,0.25252220511534734
2019-02-20,1.49,-9.39,-4.14,0.03,0.37,-15.89,15.15,0.5034397224316338
2019-02-21,3.09,-6.48,-3.06,0.0,0.37,-10.92,10.7,0.49709533684686785
2019-02-22,6.12,-4.95,-0.61,3.23,0.37,-3.33,5.29,0.46521151642550057
2019-02-23,2.21,-5.05,-2.79,5.51,0.37,-10.05,4.18,0.4317371953564029
2019-02-24,3.82,-7.27,-2.92,0.01,0.37,-10.86,7.42,0.5362136036106491
2019-02-25,3.5,-8.91,-4.38,0.01,0.38,-8.36,9.06,0.4599799898206632
2019-02-26,8.47,-9.84,-1.78,0.0,0.38,-7.68,10.66,0.7647963707995051
2019-02-27,-0.19,-12.92,-6.33,0.0,0.38,-10.43,15.44,0.3262931795004513
2019-02-28,8.05,-5.41,0.76,0.0,0.38,-3.74,14.76,0.6131969783376479
2019-03-01,8.61,-4.7,1.3,0.0,0.38,-4.08,16.62,0.6666299304573119
2019-03-02,-0.59,-10.68,-5.29,3.94,0.38,-9.73,4.74,0.2931770758214
2019-03-03,-11.38,-16.36,-14.18,2.24,0.38,-18.53,9.02,0.11446011251713606
2019-03-04,-5.78,-18.19,-12.7,0.09,0.38,-16.35,17.33,0.22670043102436416
2019-03-05,1.83,-15.06,-7.12,0.0,0.38,-12.05,19.69,0.45462915430753814
2019-03-06,6.85,-8.96,-2.2,0.0,0.38,-6.61,16.08,0.6192006477851022
2019-03-07,11.75,-5.25,1.14,0.13,0.38,-3.03,15.95,0.8910784835532881
2019-03-08,15.04,-0.97,5.74,0.16,0.38,-1.4,18.49,1.1584440243322767
2019-03-09,9.82,-5.54,2.46,0.01,0.38,-6.56,20.45,0.8394077505096535
2019-03-10,7.08,-5.57,-0.12,0.0,0.38,-7.11,18.83,0.6490855315213702
2019-03-11,14.75,-3.66,4.25,0.0,0.38,-3.64,16.12,1.2113691110316556
2019-03-12,21.48,1.74,10.56,0.83,0.38,4.63,17.54,1.711247104161005
2019-03-13,9.12,-2.71,3.71,13.67,0.39,0.98,5.77,0.5016387763243816
2019-03-14,0.21,-6.29,-2.43,0.68,0.4,-8.49,14.92,0.29838682679468054
2019-03-15,7.53,-6.96,-0.63,0.0,0.4,-9.78,21.27,0.7481731845865207
2019-03-16,10.19,-4.05,1.7,0.0,0.4,-7.47,21.86,0.8952485990982375
2019-03-17,11.81,-3.76,2.74,0.0,0.39,-6.12,21.72,0.9984138431192303
2019-03-18,11.51,-4.62,3.12,0.34,0.39,-3.21,18.11,0.875880782958695
2019-03-19,6.8,-3.1,1.46,0.01,0.39,-6.21,17.97,0.6041686052913959
2019-03-20,13.96,-4.17,4.54,0.0,0.39,-8.09,20.81,1.2624309423181284
2019-03-21,16.92,-1.83,7.46,0.0,0.39,-5.35,19.07,1.5178147913556965
2019-03-22,11.69,1.7,6.39,6.63,0.39,3.49,10.71,0.5896234024294377
2019-03-23,6.43,0.44,3.06,4.52,0.4,-0.06,8.03,0.3551772216588718
2019-03-24,14.0,-1.49,6.45,0.54,0.4,-0.68,18.88,1.0173792801014905
2019-03-25,14.18,0.43,6.03,1.06,0.4,-0.92,14.15,1.0462798776024587
2019-03-26,20.38,0.64,10.02,0.23,0.4,-0.13,18.99,1.788808501684981
2019-03-27,21.55,6.05,13.03,0.0,0.39,-2.19,19.57,2.0522370462345205
2019-03-28,17.11,2.85,8.69,0.48,0.39,2.06,14.71,1.2426012478071338
2019-03-29,12.78,-1.61,3.91,2.69,0.39,-0.74,6.5,0.897674210803932
2019-03-30,6.55,-2.82,1.11,0.26,0.39,-6.14,12.19,0.585237433132096
2019-03-31,11.47,-4.06,3.35,0.0,0.39,-6.77,21.79,0.9864707976325284
2019-04-01,14.95,-2.33,6.21,0.0,0.39,-5.38,21.39,1.2906881189807273
2019-04-02,14.77,-0.09,7.13,0.0,0.38,-2.88,18.9,1.1862274079523456
2019-04-03,17.62,1.38,8.83,0.02,0.38,0.78,18.42,1.3688313248866162
2019-04-04,20.73,2.42,11.67,0.01,0.38,1.07,20.13,1.7860230019391246
2019-04-05,23.8,6.42,14.78,0.0,0.38,0.41,18.78,2.3190166386341904
2019-04-06,20.9,7.95,14.23,0.34,0.38,1.2,20.06,1.8055215905704067
2019-04-07,20.39,5.47,13.09,0.01,0.37,-1.76,26.22,1.858478443898285
2019-04-08,24.04,7.45,16.19,0.0,0.37,-0.83,24.15,2.4162140511641668
2019-04-09,24.37,7.75,16.42,0.0,0.37,-0.5,13.27,2.4619022104487938
2019-04-10,12.24,-6.32,4.24,3.08,0.37,-1.96,5.32,0.895941390542092
2019-04-11,0.94,-7.74,-3.73,0.16,0.37,-9.88,15.86,0.3654289303726335
2019-04-12,7.73,-7.25,0.37,0.01,0.37,-8.01,25.53,0.7190937982158678
2019-04-13,7.56,-3.21,1.86,0.04,0.37,-4.7,13.67,0.6101720109620965
2019-04-14,19.14,-1.97,9.2,0.0,0.37,-3.49,20.56,1.7446557205541977
2019-04-15,24.63,4.06,14.47,0.0,0.37,-0.95,20.45,2.528791007492328
2019-04-16,24.34,4.7,13.36,0.74,0.37,4.02,20.04,2.2309500397344637
2019-04-17,18.34,5.07,11.46,0.19,0.37,0.88,26.06,1.4574845551892572
2019-04-18,12.92,2.59,7.51,0.2,0.37,-3.34,19.23,1.0126133037328096
2019-04-19,22.8,0.06,12.53,0.0,0.37,-2.4,27.66,2.2636335911010628
2019-04-20,28.54,8.07,18.58,0.0,0.36,-1.84,27.75,3.3667287126515317
2019-04-21,22.58,7.78,15.99,5.54,0.36,5.35,20.76,1.845001065236947
2019-04-22,15.63,4.7,9.36,0.02,0.37,1.88,19.33,1.0761528649614034
2019-04-23,20.28,3.07,11.43,0.0,0.37,1.19,25.72,1.7133500686036165
2019-04-24,23.88,5.97,15.4,0.05,0.37,1.7,24.09,2.2718583778133077
2019-04-25,19.43,5.92,12.55,0.04,0.37,-0.2,28.06,1.6550711616881033
2019-04-26,27.39,6.06,16.76,0.27,0.36,2.36,25.51,2.923703875365439
2019-04-27,19.25,6.25,12.86,0.0,0.36,-0.04,28.35,1.622875962301117
2019-04-28,26.86,7.67,16.18,0.49,0.36,3.27,18.94,2.763750859241253
2019-04-29,11.1,-0.48,5.45,0.09,0.36,-5.66,19.05,0.9209364391911734
2019-04-30,13.57,0.04,5.58,0.48,0.36,-0.16,14.6,0.9508147938919455
2019-05-01,15.86,0.26,6.35,1.79,0.36,-0.53,10.81,1.214452484287425
2019-05-02,16.8,-1.56,8.41,3.39,0.36,-0.04,24.08,1.304281497341711
2019-05-03,20.44,4.72,12.29,0.06,0.37,-1.41,27.23,1.8518402021018165
2019-05-04,19.77,7.06,13.65,0.32,0.37,5.08,23.25,1.4280018834927102
2019-05-05,25.32,7.74,17.03,0.0,0.37,-0.11,26.87,2.622735037848984
2019-05-06,24.48,7.42,14.96,5.74,0.36,4.62,11.68,2.2215330166094005
2019-05-07,11.32,3.39,7.55,4.19,0.38,4.8,4.65,0.48069176083848586
2019-05-08,8.62,0.84,5.03,3.05,0.39,1.57,6.05,0.4346997867294874
2019-05-09,8.07,0.2,3.43,2.16,0.39,-2.11,12.36,0.5547628258684498
2019-05-10,14.4,-0.13,7.52,0.03,0.39,-0.55,15.85,1.053796890674799
2019-05-11,17.81,2.17,9.81,0.55,0.38,0.68,24.28,1.397763010439855
2019-05-12,21.88,2.88,12.4,0.0,0.38,-1.1,30.77,2.061056220108666
2019-05-13,26.82,7.03,17.47,0.04,0.38,2.27,28.28,2.808469246465236
2019-05-14,29.41,10.68,20.61,0.08,0.37,3.01,26.31,3.3432662560185293
2019-05-15,31.3,11.93,22.06,0.0,0.37,2.95,28.05,3.8148128319226045
2019-05-16,32.33,14.47,22.81,0.02,0.36,5.48,23.5,3.942189427645455
2019-05-17,28.82,9.94,20.04,0.04,0.36,2.38,23.87,3.239134917382809
2019-05-18,20.05,6.11,11.88,4.42,0.36,1.91,21.29,1.644419015539305
2019-05-19,18.0,1.26,10.0,0.03,0.37,1.66,27.29,1.3753342991964312
2019-05-20,9.64,2.85,6.75,19.37,0.38,4.3,4.65,0.36805775736386825
2019-05-21,6.98,-0.41,3.22,17.99,0.42,0.37,6.52,0.3730389124704494
2019-05-22,14.38,-1.75,6.85,0.03,0.43,-0.48,28.28,1.0486655845944155
2019-05-23,11.39,1.27,6.63,2.79,0.43,3.28,7.83,0.5741776891673572
2019-05-24,23.46,1.27,13.66,0.0,0.42,-1.11,32.18,2.3253750408800333
2019-05-25,24.33,6.44,16.26,0.0,0.41,3.25,31.4,2.2722169990072274
2019-05-26,28.03,12.68,18.97,11.97,0.41,11.08,14.59,2.4668269348059773
2019-05-27,25.81,8.93,17.53,1.03,0.42,6.07,28.39,2.3842188766526147
2019-05-28,18.88,7.64,13.19,8.07,0.42,7.47,15.7,1.1463416832114859
2019-05-29,17.19,4.81,10.51,0.99,0.42,3.19,18.9,1.1931388450369163
2019-05-30,22.35,6.19,14.48,0.0,0.41,1.69,30.41,2.0107235389750464
2019-05-31,26.42,8.31,18.2,0.0,0.4,5.58,30.32,2.5375405526156958
2019-06-01,26.27,10.1,18.72,3.4,0.4,7.21,29.0,2.399068176149852
2019-06-02,27.95,13.65,20.01,2.65,0.4,12.78,28.49,2.29258768214339
2019-06-03,30.96,11.2,20.91,6.45,0.4,8.51,28.54,3.37176572365729
2019-06-04,29.68,11.28,20.44,2.08,0.4,8.18,26.81,3.0798130561477848
2019-06-05,24.71,12.34,19.1,0.02,0.4,9.83,29.85,1.8994242540732669
2019-06-06,28.61,12.56,21.03,0.0,0.39,8.47,30.29,2.8086821124017227
2019-06-07,31.1,13.66,22.49,2.59,0.39,11.79,30.46,3.134972518282977
2019-06-08,29.94,11.64,22.01,0.63,0.39,10.42,27.59,2.96553104061919
2019-06-09,19.56,8.74,13.61,0.15,0.38,-0.86,23.8,1.7017340476929559
2019-06-10,25.12,6.7,16.44,0.0,0.38,-0.43,32.22,2.5985432714152847
2019-06-11,25.97,10.21,17.62,0.2,0.38,3.92,27.66,2.54679002332655
2019-06-12,24.03,10.06,17.03,0.02,0.37,4.21,28.78,2.163934406244036
2019-06-13,31.23,11.14,21.05,0.31,0.37,7.63,30.63,3.505721359423698
2019-06-14,31.88,15.04,22.08,0.4,0.37,8.49,24.56,3.613527404402449
2019-06-15,24.69,14.08,19.54,1.9,0.37,8.73,28.6,1.9824656036438248
2019-06-16,26.9,13.26,20.45,4.12,0.37,11.43,26.23,2.1937668283561225
2019-06-17,24.68,14.8,19.51,5.07,0.38,14.01,21.27,1.5082539154889367
2019-06-18,22.53,14.1,17.46,12.75,0.39,12.85,14.31,1.2474184166626516
2019-06-19,26.48,12.02,19.35,0.13,0.4,9.46,27.34,2.273778190935245
2019-06-20,28.95,12.68,20.73,1.18,0.4,9.56,28.73,2.8018952782393995
2019-06-21,22.82,11.22,17.22,4.02,0.4,10.38,23.73,1.51941213571791
2019-06-22,23.98,8.83,15.58,4.32,0.4,7.79,24.49,1.922815620462121
2019-06-23,19.84,9.26,14.17,8.54,0.41,5.95,21.84,1.3833445496620467
2019-06-24,28.64,8.39,19.63,0.0,0.4,4.13,31.2,3.1023607213590996
2019-06-25,31.9,11.91,22.51,0.02,0.4,5.99,29.37,3.7935102929441014
2019-06-26,33.14,13.73,23.9,0.0,0.39,7.09,25.83,4.061716821427948
2019-06-27,36.63,16.69,26.69,0.02,0.38,6.99,31.12,5.148286168852176
2019-06-28,37.63,17.99,28.19,0.0,0.37,9.45,31.49,5.309927283969575
2019-06-29,38.36,19.03,28.93,0.03,0.37,9.74,30.57,5.548076421837972
2019-06-30,37.76,19.1,28.69,0.14,0.36,10.04,30.07,5.308008704045073
2019-07-01,26.47,19.52,23.12,7.34,0.37,15.91,21.0,1.648110250762707
2019-07-02,28.32,17.74,22.7,0.06,0.38,15.14,28.08,2.1301548872871177
2019-07-03,33.82,15.48,25.37,0.0,0.37,11.29,30.9,3.927946315145477
2019-07-04,35.03,17.56,26.05,1.18,0.37,14.14,22.82,4.018824552165266
2019-07-05,30.44,17.62,23.6,1.69,0.37,15.17,22.04,2.627230701659217
2019-07-06,27.56,16.42,22.32,0.48,0.37,14.2,27.87,2.064692755350152
2019-07-07,27.02,16.89,21.88,0.09,0.37,14.89,22.91,1.876219072460746
2019-07-08,31.06,17.42,23.87,8.23,0.37,14.83,23.28,2.821190089741382
2019-07-09,33.9,15.02,24.6,0.08,0.38,7.63,30.91,4.243681358414937
2019-07-10,30.63,14.42,22.65,0.0,0.37,7.8,30.86,3.3405765660739584
2019-07-11,32.73,17.69,24.87,0.01,0.37,14.03,30.32,3.3527467470206505
2019-07-12,37.71,19.96,28.88,0.05,0.36,8.48,29.11,5.4132286159978875
2019-07-13,37.09,19.86,28.32,0.01,0.36,9.93,27.62,5.0834256374431215
2019-07-14,36.61,19.55,27.44,2.07,0.36,10.82,29.04,4.845653032238061
2019-07-15,35.96,19.12,27.24,10.04,0.36,13.35,26.03,4.395562918271069
2019-07-16,36.02,18.32,27.19,0.83,0.38,13.7,30.01,4.3797727214756055
2019-07-17,37.32,22.82,29.66,0.69,0.37,12.53,22.01,4.932672328590177
2019-07-18,38.78,19.89,29.53,0.0,0.37,6.02,30.47,5.972915485903982
2019-07-19,40.06,20.68,30.74,0.02,0.36,6.83,30.28,6.409008014497539
2019-07-20,34.04,19.96,26.91,5.41,0.36,13.22,24.17,3.811656512871788
2019-07-21,30.94,18.4,23.77,6.92,0.38,15.53,22.56,2.7128553563718305
2019-07-22,27.98,16.71,21.99,3.61,0.38,13.99,20.19,2.1779630492464284
2019-07-23,31.25,14.81,23.36,0.0,0.38,12.0,29.49,3.1543671315214548
2019-07-24,33.98,17.25,25.91,0.44,0.37,11.9,28.99,3.919997483659275
2019-07-25,32.81,18.4,25.75,2.47,0.37,13.39,23.02,3.440375192493157
2019-07-26,35.05,18.89,27.22,0.1,0.37,12.83,28.28,4.15704205676342
2019-07-27,31.9,19.39,26.08,3.11,0.37,14.38,25.79,3.089517368943209
2019-07-28,33.77,19.16,26.11,1.1,0.37,11.41,28.83,3.90259685209821
2019-07-29,33.43,16.84,25.01,3.22,0.37,12.35,23.86,3.717486128040866
2019-07-30,38.07,17.65,27.36,0.94,0.37,11.67,24.82,5.27753989093544
2019-07-31,35.41,20.93,28.01,0.2,0.37,12.54,26.74,4.298062042420624
2019-08-01,28.18,19.63,24.0,6.64,0.36,17.81,22.52,1.7802674302610924
2019-08-02,31.2,17.9,24.07,5.56,0.39,15.71,24.37,2.759121399487034
2019-08-03,33.33,18.59,25.86,0.05,0.38,13.48,27.51,3.5785564850046288
2019-08-04,35.63,19.65,27.23,0.11,0.38,11.76,27.51,4.440925325889081
2019-08-05,32.79,19.28,25.49,1.11,0.37,13.31,24.24,3.4427838012932392
2019-08-06,36.63,18.8,27.64,1.02,0.37,12.57,24.13,4.693298568293299
2019-08-07,33.0,20.13,26.06,2.34,0.37,13.78,27.42,3.4542233048436715
2019-08-08,26.19,19.3,22.16,12.04,0.39,17.66,23.37,1.3791035756612633
2019-08-09,33.28,18.29,25.06,0.18,0.39,15.84,26.76,3.309902881060641
2019-08-10,32.43,20.65,25.99,1.32,0.38,16.24,19.34,3.025189171884885
2019-08-11,30.6,20.47,24.92,16.91,0.4,18.71,24.32,2.2333410069540487
2019-08-12,30.86,18.71,23.83,0.0,0.4,12.93,27.57,2.9659821002697178
2019-08-13,31.8,17.36,23.21,2.09,0.4,16.24,21.98,2.8549526970043626
2019-08-14,30.77,17.13,22.23,5.07,0.4,14.85,26.59,2.7451522347317536
2019-08-15,32.96,15.88,24.0,0.03,0.39,10.8,26.75,3.72350872848984
2019-08-16,33.68,16.59,23.68,3.08,0.39,14.59,23.07,3.564365715777143
2019-08-17,34.82,16.59,24.68,0.89,0.39,8.98,20.48,4.420473206314856
2019-08-18,33.19,13.55,23.1,0.93,0.38,10.56,25.27,3.8091944347275266
2019-08-19,36.55,17.01,26.66,0.03,0.38,10.63,24.55,4.841864175591142
2019-08-20,34.69,20.56,26.91,0.02,0.37,11.27,24.77,4.190594905013827
2019-08-21,29.84,17.83,23.19,0.92,0.37,15.46,24.55,2.4477695916263285
2019-08-22,32.18,16.51,23.31,4.36,0.37,14.15,23.91,3.189120838568908
2019-08-23,31.88,18.35,23.78,4.34,0.38,14.36,18.68,3.0862914689262295
2019-08-24,29.45,16.08,21.99,0.74,0.38,10.56,20.27,2.8362216662928255
2019-08-25,35.71,17.02,26.12,0.0,0.38,7.27,25.76,4.826532147895618
2019-08-26,27.71,13.86,20.82,0.0,0.37,9.38,25.52,2.538704126877712
2019-08-27,26.54,15.69,20.07,0.45,0.37,11.73,18.74,2.092458513570869
2019-08-28,32.6,14.01,22.94,0.0,0.37,12.18,23.66,3.499083187963972
2019-08-29,33.84,17.75,24.83,0.0,0.36,9.24,22.66,4.1052480026056735
2019-08-30,27.44,14.0,19.95,5.77,0.37,13.5,19.76,2.110948362607271
2019-08-31,32.21,15.92,22.87,1.04,0.37,12.4,21.26,3.3715024391662336
2019-09-01,36.23,16.46,25.9,0.0,0.37,12.07,22.23,4.607329808173348
2019-09-02,38.19,20.21,28.56,0.0,0.36,7.8,21.75,5.634879065250466
2019-09-03,29.7,17.53,23.35,0.0,0.36,10.67,23.66,2.8864022643018026
2019-09-04,31.41,16.73,22.92,0.09,0.36,12.27,21.61,3.170795923358585
2019-09-05,37.54,19.96,28.06,0.0,0.36,9.44,23.83,5.2791051706493715
2019-09-06,30.0,17.66,23.36,0.68,0.36,12.16,17.53,2.8256349496545683
2019-09-07,30.81,17.23,23.53,0.51,0.36,11.21,17.42,3.113073025685219
2019-09-08,25.72,15.49,20.53,8.51,0.37,14.58,10.77,1.646424588266231
2019-09-09,30.19,13.54,21.64,0.02,0.37,10.55,21.82,3.015565380265167
2019-09-10,33.14,15.28,24.42,0.0,0.37,10.67,22.5,3.785588636565975
2019-09-11,33.56,14.67,23.48,0.45,0.36,11.68,20.35,3.8170802704893734
2019-09-12,25.59,12.1,17.75,0.04,0.36,3.18,22.98,2.5133237729766438
2019-09-13,28.06,10.19,19.32,0.01,0.36,7.4,21.92,2.7634447189164213
2019-09-14,31.77,13.97,22.22,0.0,0.36,3.52,23.19,3.9071334779185576
2019-09-15,33.78,15.9,24.38,0.0,0.36,9.34,20.6,4.079749778884422
2019-09-16,32.72,18.45,25.0,0.01,0.35,10.12,19.36,3.7138106012952354
2019-09-17,31.97,16.98,24.02,0.0,0.35,7.27,19.25,3.726135581695474
2019-09-18,27.92,12.74,20.08,0.0,0.35,1.27,22.43,3.0927428453215526
2019-09-19,32.53,13.13,22.84,0.1,0.35,8.17,21.08,3.813792352270985
2019-09-20,31.74,16.58,22.93,0.0,0.35,5.91,20.96,3.75606198920549
2019-09-21,27.71,12.0,19.34,0.16,0.35,2.85,22.2,2.9668343860170054
2019-09-22,24.85,9.81,16.11,1.57,0.35,2.3,21.84,2.4186485143931993
2019-09-23,28.57,11.67,19.73,0.0,0.35,5.85,19.36,2.9817655526549904
2019-09-24,29.9,13.25,20.9,0.0,0.35,0.91,20.44,3.566332390112904
2019-09-25,27.17,10.77,18.51,0.0,0.35,5.88,20.74,2.673684621062641
2019-09-26,27.08,9.23,17.54,0.0,0.35,6.78,17.16,2.595283826356355
2019-09-27,22.9,10.69,16.39,0.0,0.35,5.64,20.23,1.8804321742266397
2019-09-28,22.0,8.4,14.65,0.05,0.35,6.29,6.76,1.6898804472454323
2019-09-29,31.12,14.81,22.26,0.0,0.35,5.02,20.3,3.649846107218573
2019-09-30,31.63,12.27,21.64,0.05,0.34,5.49,18.61,3.753657704975984
2019-10-01,12.82,6.92,9.81,1.1,0.35,6.6,6.5,0.5055548820438007
2019-10-02,23.22,5.07,11.14,0.35,0.35,0.8,15.5,2.199748519120667
2019-10-03,20.15,2.44,10.69,0.01,0.35,-0.19,19.59,1.7576760265522027
2019-10-04,21.66,5.55,13.72,0.07,0.35,6.19,10.05,1.6421515415735597
2019-10-05,18.82,6.78,12.11,0.0,0.35,-5.56,19.04,1.7692397339683008
2019-10-06,16.68,4.3,10.25,0.01,0.35,-2.75,16.43,1.3999409615844183
2019-10-07,23.82,4.29,12.98,0.0,0.35,-2.69,18.75,2.4507564455988144
2019-10-08,27.72,6.95,16.42,0.0,0.35,-6.2,18.88,3.334432089554891
2019-10-09,27.81,7.31,16.73,0.13,0.34,-2.49,16.93,3.2297288495636063
2019-10-10,2.53,-7.09,-2.11,0.67,0.35,-9.26,6.39,0.4299330127914395
2019-10-11,9.93,-7.65,0.98,0.0,0.35,-13.81,19.37,1.0121081599714958
2019-10-12,18.16,-1.06,7.84,0.0,0.35,-12.46,19.08,1.8502843066193004
2019-10-13,22.57,0.9,10.76,0.0,0.35,-9.84,19.21,2.447835837333074
2019-10-14,24.33,4.48,13.74,0.0,0.34,-7.01,17.37,2.682463637956577
2019-10-15,14.96,2.95,7.96,0.0,0.34,-1.18,17.6,1.140664518116535
2019-10-16,25.58,2.67,13.09,0.0,0.34,-3.02,14.96,2.7899843017097172
2019-10-17,27.73,8.98,17.19,0.0,0.34,-5.65,13.73,3.320076186768472
2019-10-18,18.52,5.11,12.5,0.0,0.34,1.55,15.42,1.4492094248849958
2019-10-19,17.89,2.82,9.87,0.0,0.34,-4.4,16.95,1.6089968137122035
2019-10-20,13.61,4.43,8.27,0.0,0.34,-8.19,9.49,1.2291446348079569
2019-10-21,10.92,-0.19,5.18,0.0,0.34,-6.76,14.97,0.9376438585539684
2019-10-22,16.95,0.5,8.42,0.0,0.34,-4.15,15.97,1.4824426542018334
2019-10-23,11.11,0.04,6.06,0.87,0.34,-2.98,14.21,0.8319854473502534
2019-10-24,7.33,-2.25,1.28,0.03,0.35,-7.8,14.69,0.6851723123283132
2019-10-25,16.4,-1.97,6.58,0.0,0.35,-6.91,15.99,1.5013959875156084
2019-10-26,22.85,0.53,11.22,0.01,0.34,-2.27,15.86,2.2670870258687126
2019-10-27,0.81,-6.62,-2.9,0.45,0.35,-8.58,7.71,0.3282074700946847
2019-10-28,-1.76,-7.74,-5.58,2.17,0.35,-11.21,4.78,0.2774229922858385
2019-10-29,-4.4,-8.74,-5.94,3.88,0.35,-10.42,3.55,0.16442785156797718
2019-10-30,-4.19,-9.9,-7.99,1.2,0.35,-14.4,6.04,0.24765076961801047
2019-10-31,7.84,-9.9,-0.94,0.0,0.35,-13.53,14.93,0.8461516518486594
2019-11-01,3.31,-4.4,-0.69,0.0,0.36,-6.85,13.47,0.40904159162552556
2019-11-02,9.71,-4.36,1.28,0.0,0.36,-7.94,14.47,0.8683682360539371
2019-11-03,13.33,-0.32,5.07,0.0,0.36,-7.01,14.17,1.1693401696394123
2019-11-04,10.83,-1.67,2.52,0.08,0.36,-1.28,8.15,0.7417638138581593
2019-11-05,14.33,-2.02,4.56,0.0,0.36,-2.11,13.73,1.1100311870799107
2019-11-06,13.35,-4.23,3.48,0.0,0.36,-4.17,7.62,1.0839300693180736
2019-11-07,10.42,-6.33,0.66,0.0,0.36,-6.22,13.04,0.8792341029054638
2019-11-08,18.02,-2.94,6.58,0.0,0.36,-7.07,13.74,1.7071864658051674
2019-11-09,23.14,3.64,11.14,0.0,0.36,-5.28,12.99,2.4210109776142534
2019-11-10,17.27,-2.64,7.12,0.02,0.36,-4.45,12.71,1.5320363815247644
2019-11-11,-4.94,-9.57,-7.36,0.03,0.36,-13.61,8.25,0.20952010668926674
2019-11-12,13.39,-6.23,1.6,0.0,0.36,-10.53,13.23,1.2624899711626587
2019-11-13,9.36,-1.29,3.99,0.19,0.36,-5.67,12.29,0.7760586030064549
2019-11-14,12.15,-1.98,3.54,0.48,0.36,-1.92,12.26,0.8859556392352461
2019-11-15,19.81,-0.22,8.86,0.0,0.36,-4.34,10.85,1.8681583177407233
2019-11-16,14.97,0.71,7.82,0.1,0.36,-0.86,9.28,1.1284430341600193
2019-11-17,13.03,-2.47,4.64,0.0,0.36,-3.78,11.35,1.0388723508922884
2019-11-18,18.01,4.03,9.46,0.0,0.35,-1.97,11.95,1.536705009248615
2019-11-19,19.19,0.12,8.54,0.0,0.35,-1.77,10.73,1.6871187399636853
2019-11-20,10.18,-0.14,5.32,0.75,0.35,-1.09,5.95,0.6788403683137733
2019-11-21,1.26,-3.95,-1.97,0.53,0.36,-5.63,5.3,0.2676862851888807
2019-11-22,2.64,-4.04,-1.96,0.12,0.36,-6.34,6.55,0.3584227442354886
2019-11-23,13.75,-1.58,4.14,0.0,0.36,-7.4,11.04,1.2225205987004273
2019-11-24,17.36,0.17,7.01,0.21,0.36,-8.38,9.82,1.657787672273264
2019-11-25,6.65,-1.71,2.61,1.14,0.36,-4.87,9.39,0.5526810132563584
2019-11-26,-1.78,-9.9,-5.13,8.26,0.36,-7.36,1.92,0.18463950667652768
2019-11-27,-0.89,-10.24,-5.71,0.0,0.36,-10.27,5.57,0.2927020713048979
2019-11-28,3.64,-4.78,-2.18,0.01,0.36,-4.58,2.07,0.35808128276802215
2019-11-29,6.88,-2.92,1.47,0.09,0.36,-0.59,4.15,0.40856740406141445
2019-11-30,0.97,-5.94,-1.78,0.02,0.37,-8.92,6.26,0.3441487505591139
2019-12-01,3.9,-6.53,-2.93,0.0,0.37,-11.41,9.58,0.5522547825085027
2019-12-02,11.34,-4.01,2.36,0.0,0.37,-6.81,8.85,0.9759891188916561
2019-12-03,11.15,-0.02,3.64,0.0,0.37,-3.35,9.93,0.8488800313401756
2019-12-04,11.99,-0.37,4.07,0.0,0.37,-4.26,8.59,0.956195163196437
2019-12-05,5.88,-2.67,0.82,0.25,0.37,-3.98,3.19,0.47242435770707847
2019-12-06,9.12,-3.36,1.01,0.0,0.37,-3.05,9.98,0.6695987824876057
2019-12-07,15.2,-1.43,5.56,0.0,0.37,-4.63,10.0,1.2942691784357971
2019-12-08,12.45,2.42,6.29,0.0,0.37,-3.15,7.26,0.9605573928286779
2019-12-09,0.44,-6.01,-3.3,0.0,0.37,-8.52,9.66,0.3095816107611047
2019-12-10,3.21,-4.72,-1.81,0.0,0.37,-9.1,9.47,0.4623675967812099
2019-12-11,8.86,-1.82,2.14,0.0,0.37,-8.46,9.55,0.8146794673552378
2019-12-12,9.98,-1.55,2.6,0.0,0.36,-6.36,5.83,0.8467018235218362
2019-12-13,9.76,-2.94,2.26,0.0,0.36,-5.79,6.81,0.8117833434107511
2019-12-14,4.75,-3.38,-0.48,0.06,0.36,-3.67,7.91,0.3915325130708998
2019-12-15,0.04,-4.68,-2.51,0.02,0.36,-7.14,6.84,0.255121119358626
2019-12-16,0.15,-5.61,-3.25,0.02,0.36,-11.64,8.12,0.3668775647985141
2019-12-17,4.22,-5.79,-1.98,0.0,0.36,-13.77,9.95,0.6151435566120244
2019-12-18,10.75,-3.63,1.28,0.0,0.36,-9.71,10.24,0.998707325560519
2019-12-19,6.32,-0.75,1.34,0.0,0.36,-10.13,7.45,0.6732510990446054
2019-12-20,8.73,-2.34,1.82,0.0,0.36,-8.82,9.97,0.8136938488457912
2019-12-21,13.47,-0.48,3.65,0.0,0.36,-8.25,9.52,1.2165372269659434
2019-12-22,15.17,0.73,6.3,0.0,0.36,-9.18,8.3,1.4192594818594386
2019-12-23,13.99,1.29,6.79,0.0,0.36,-7.58,7.15,1.2520939890176317
2019-12-24,10.9,1.91,4.74,0.0,0.36,-7.21,5.04,0.9484856215189361
2019-12-25,11.08,-2.28,3.49,0.0,0.36,-5.89,8.36,0.9261634928303542
2019-12-26,7.29,-3.18,0.3,0.0,0.36,-4.96,6.48,0.5995268247464398
2019-12-27,3.62,-3.25,-0.29,1.26,0.36,-2.84,2.56,0.29625869280675465
2019-12-28,0.58,-5.06,-2.47,1.61,0.36,-5.39,2.73,0.2282039811183162
2019-12-29,-0.95,-5.59,-3.84,0.06,0.36,-11.08,4.89,0.3076920089490233
2019-12-30,0.32,-6.3,-4.12,0.0,0.36,-14.83,8.19,0.4320080054945181
2019-12-31,7.57,-7.27,-1.49,0.0,0.36,-13.86,9.85,0.8325075745824675
2020-01-01,9.67,-1.98,2.21,0.0,0.36,-7.1,6.47,0.842503784634943
2020-01-02,5.84,-2.1,0.66,0.0,0.36,-5.97,10.29,0.533656772739572
2020-01-03,6.77,-3.29,0.53,0.0,0.36,-7.77,9.33,0.6457359721660022
2020-01-04,12.18,-1.65,3.41,0.0,0.36,-6.78,9.04,1.0517594659371379
2020-01-05,3.85,-4.71,-0.78,0.0,0.36,-9.85,9.17,0.5155863884568954
2020-01-06,5.59,-3.9,-0.56,0.0,0.36,-11.55,10.09,0.6564522170290982
2020-01-07,11.51,-1.49,2.43,0.0,0.36,-8.95,10.76,1.0474771006127601
2020-01-08,9.17,-1.3,3.34,0.0,0.36,-7.54,6.65,0.8147637077775056
2020-01-09,6.48,-3.77,0.84,0.01,0.36,-8.3,10.42,0.6400136845160751
2020-01-10,-0.03,-8.83,-4.1,0.23,0.36,-7.56,4.06,0.2634569997341135
2020-01-11,2.76,-9.15,-3.36,0.0,0.36,-11.43,8.99,0.4900656523180361
2020-01-12,5.43,-2.44,0.7,0.0,0.36,-9.17,10.52,0.5937620604528645
2020-01-13,7.19,-3.28,0.18,0.0,0.36,-10.73,10.8,0.7454180607781664
2020-01-14,11.44,-4.25,1.74,0.07,0.36,-9.41,11.15,1.0522411171430877
2020-01-15,3.56,-4.64,-1.41,0.0,0.36,-8.97,10.94,0.47849680217386314
2020-01-16,0.1,-5.68,-3.02,0.0,0.36,-8.45,4.84,0.2924390576926758
2020-01-17,12.17,-4.47,1.17,0.0,0.36,-6.05,9.71,1.0296089402333517
2020-01-18,5.54,-4.97,-0.31,0.0,0.36,-11.97,9.61,0.6616992384063575
2020-01-19,7.24,-3.47,1.06,0.0,0.36,-11.03,11.38,0.7552909954353124
2020-01-20,9.41,-3.73,1.01,0.0,0.36,-9.07,11.31,0.8727573203679443
2020-01-21,7.5,-2.32,1.68,0.0,0.36,-4.36,8.17,0.5946859912733872
2020-01-22,10.4,-2.55,2.69,0.0,0.36,-3.86,10.11,0.8021965507491924
2020-01-23,5.17,-4.13,-0.93,0.0,0.36,-9.22,11.97,0.5788346318446229
2020-01-24,10.24,-4.02,1.65,0.0,0.36,-6.84,11.02,0.8820100991114554
2020-01-25,10.83,-1.27,3.36,0.0,0.36,-5.12,11.32,0.8805999961010882
2020-01-26,10.05,-1.63,2.81,0.0,0.36,-6.42,12.29,0.8542135775242279
2020-01-27,7.52,-1.02,2.1,5.58,0.36,-4.7,7.1,0.6073291227138005
2020-01-28,5.15,-4.78,-0.58,0.05,0.36,-6.47,12.64,0.5050675675959483
2020-01-29,4.67,-4.47,0.38,0.0,0.36,-6.31,6.43,0.4713427246600879
2020-01-30,6.08,-3.98,-0.06,0.01,0.36,-6.71,8.99,0.5707736827506855
2020-01-31,8.74,-5.18,0.76,0.0,0.36,-10.37,12.74,0.8506163117650278
2020-02-01,17.86,-0.29,7.43,0.0,0.36,-6.33,11.39,1.6653983155567795
2020-02-02,23.72,4.6,11.67,0.0,0.36,-9.66,13.36,2.64062590537419
2020-02-03,3.95,-8.5,-4.88,0.23,0.36,-9.96,5.46,0.5237847132895346
2020-02-04,-6.58,-8.88,-7.96,0.25,0.36,-14.0,7.7,0.16639303620175358
2020-02-05,-1.52,-12.71,-7.08,0.0,0.36,-16.74,10.87,0.3817639335353461
2020-02-06,1.84,-7.87,-2.49,0.54,0.36,-9.43,9.58,0.39871063145269436
2020-02-07,-0.96,-4.9,-2.85,0.18,0.36,-7.5,11.14,0.22179481849602556
2020-02-08,10.82,-6.57,0.88,0.0,0.36,-5.5,14.55,0.8916397076175555
2020-02-09,0.17,-4.35,-2.5,0.0,0.36,-8.38,7.55,0.2938052759479851
2020-02-10,2.06,-4.83,-2.24,0.35,0.36,-10.82,10.12,0.4410214346918227
2020-02-11,2.48,-7.23,-2.89,0.01,0.36,-9.98,14.02,0.4440876529430863
2020-02-12,2.29,-6.98,-2.41,0.21,0.36,-9.13,9.42,0.4143777387427574
2020-02-13,-1.04,-9.59,-5.95,0.18,0.36,-11.39,8.13,0.3103769044975728
2020-02-14,11.17,-8.14,0.82,0.0,0.36,-8.26,15.59,0.9999700298977094
2020-02-15,5.73,-3.53,0.29,0.0,0.36,-7.47,13.66,0.5693368848225838
2020-02-16,8.85,-2.59,2.55,0.06,0.36,-6.53,10.47,0.761792735793017
2020-02-17,6.14,-3.95,0.48,0.83,0.36,-7.03,11.23,0.5836990068213812
2020-02-18,2.87,-5.06,-2.13,0.49,0.36,-9.09,11.75,0.44379485244858036
2020-02-19,1.0,-8.42,-4.06,1.15,0.36,-8.93,5.59,0.34581357105878924
2020-02-20,2.08,-8.24,-4.32,0.07,0.36,-11.87,15.0,0.4636701220376498
2020-02-21,13.33,-5.21,1.67,0.0,0.36,-11.49,17.44,1.276746222605966
2020-02-22,15.47,-1.08,5.56,0.0,0.36,-6.55,14.77,1.383528411556485
2020-02-23,9.23,-0.86,3.21,0.84,0.36,-4.83,6.74,0.7393759116296257
2020-02-24,5.6,-2.87,0.44,0.1,0.36,-6.6,6.0,0.5368552108014887
2020-02-25,-2.61,-6.93,-4.84,0.81,0.36,-10.21,8.22,0.22308005754114296
2020-02-26,4.22,-8.04,-2.05,0.0,0.36,-12.85,15.84,0.5986919933150259
2020-02-27,7.29,-1.97,1.49,0.0,0.36,-8.96,16.77,0.7118210139767062
2020-02-28,12.23,-1.58,3.51,0.0,0.36,-8.16,18.55,1.0937570514510553
2020-02-29,17.33,-1.52,7.62,0.0,0.36,-8.56,16.25,1.6585732916442648
2020-03-01,12.28,-0.88,4.91,0.52,0.36,-4.99,17.23,1.0071739706595766
2020-03-02,11.09,-3.32,2.11,0.35,0.36,-5.83,18.45,0.9252296657092587
2020-03-03,15.44,-3.16,5.46,0.0,0.36,-7.63,19.65,1.410124028448466
2020-03-04,18.82,-2.84,7.46,0.0,0.36,-7.66,20.01,1.8295049583561858
2020-03-05,10.64,-3.01,3.17,0.0,0.36,-5.59,19.83,0.8789539585819335
2020-03-06,21.01,-2.13,8.74,0.0,0.36,-6.08,18.88,2.1006714051819815
2020-03-07,21.08,4.81,12.11,0.0,0.35,-5.1,19.69,2.081264035118083
2020-03-08,21.31,3.75,13.25,0.13,0.35,0.06,14.98,1.9212855072126938
2020-03-09,15.38,0.96,7.22,0.44,0.35,-1.77,16.53,1.2110603426820608
2020-03-10,18.25,-0.02,9.29,0.01,0.35,-4.11,13.83,1.6461457852446215
2020-03-11,18.9,2.09,10.61,0.0,0.35,-4.23,19.25,1.7372682698641029
2020-03-12,8.92,-0.1,5.48,0.0,0.35,-1.84,14.18,0.6081815532164807
2020-03-13,4.76,-2.82,0.16,2.07,0.35,-5.24,3.65,0.44424289022465946
2020-03-14,9.24,-4.4,0.88,0.08,0.35,-4.13,6.69,0.7169746519687117
2020-03-15,15.56,-3.67,4.44,0.06,0.35,-1.55,8.02,1.2225714338898288
2020-03-16,15.88,0.93,6.56,0.03,0.35,-1.0,11.19,1.2366447019062574
2020-03-17,14.15,0.36,5.45,0.03,0.35,0.88,8.33,0.9631887610554105
2020-03-18,21.21,0.71,11.04,0.05,0.35,-2.39,13.82,2.006888973556314
2020-03-19,8.56,-5.96,2.14,6.39,0.36,-2.29,5.46,0.5981821425627741
2020-03-20,3.22,-8.54,-3.54,0.01,0.36,-10.09,14.91,0.48600193675310566
2020-03-21,14.43,-5.99,4.92,0.1,0.36,-5.49,19.36,1.2380033032484716
2020-03-22,13.72,-0.03,6.65,0.24,0.36,-2.61,18.89,1.0657212585745337
2020-03-23,16.22,-0.04,8.27,0.32,0.36,-4.83,20.48,1.4173500893820155
2020-03-24,18.43,0.95,9.53,0.02,0.36,-4.08,22.85,1.6689266680510833
2020-03-25,22.93,4.33,13.17,0.0,0.36,-3.89,22.58,2.339528365026494
2020-03-26,21.7,1.44,9.79,0.01,0.36,-1.53,19.84,2.049926810885498
2020-03-27,13.82,1.11,5.55,8.18,0.35,0.11,13.61,0.9643199806174847
2020-03-28,8.16,-0.13,2.82,3.0,0.37,-5.42,15.33,0.676584306861222
2020-03-29,13.5,-2.95,5.77,0.0,0.37,-6.84,22.76,1.1816258340466719
2020-03-30,14.6,0.05,7.1,0.25,0.37,-1.92,16.49,1.131381088519591
2020-03-31,19.91,1.35,10.49,0.0,0.37,-4.09,24.25,1.8740946642027412
2020-04-01,21.26,4.9,13.2,0.0,0.37,-3.39,14.8,2.05144837459167
2020-04-02,4.01,-6.32,-0.88,0.19,0.36,-6.47,9.38,0.4374143326604363
2020-04-03,7.08,-7.42,-0.53,0.08,0.36,-10.93,23.88,0.7420626955501586
2020-04-04,14.45,-5.22,3.95,0.0,0.36,-7.15,25.23,1.2887074362037405
2020-04-05,23.08,-0.57,11.72,0.0,0.36,-3.68,23.42,2.357737752516877
2020-04-06,24.41,5.31,14.99,0.0,0.36,-3.14,25.83,2.573609161629722
2020-04-07,24.23,6.41,15.85,0.0,0.36,-3.29,26.43,2.5462321520424562
2020-04-08,21.43,5.56,13.42,0.0,0.35,-1.71,25.65,2.014617197730611
2020-04-09,15.49,0.83,7.97,0.0,0.35,-2.36,19.7,1.2463732131445147
2020-04-10,24.08,2.77,13.58,0.01,0.35,-1.32,22.86,2.443720340892683
2020-04-11,22.84,7.16,14.53,0.01,0.35,-5.04,23.63,2.3624651673400408
2020-04-12,6.39,-6.11,-1.67,0.14,0.35,-10.1,12.83,0.6772075277364505
2020-04-13,1.47,-6.78,-3.55,1.38,0.35,-11.35,14.67,0.42278775318338735
2020-04-14,7.79,-6.81,1.0,0.01,0.35,-11.89,27.22,0.8118967082906876
2020-04-15,13.45,-1.27,6.25,0.03,0.35,-7.88,20.72,1.2049255676560198
2020-04-16,5.41,-4.26,0.45,0.91,0.35,-5.04,5.06,0.47769485799224215
2020-04-17,12.5,-6.71,3.05,0.0,0.35,-10.48,28.65,1.174466073188059
2020-04-18,19.68,-0.31,10.15,0.0,0.35,-5.39,22.83,1.8834970508554505
2020-04-19,17.36,3.8,10.16,0.06,0.35,-0.38,24.15,1.388267507965323
2020-04-20,20.18,2.12,10.95,0.0,0.35,-3.02,23.09,1.8755669461887203
2020-04-21,16.96,3.07,10.53,3.02,0.35,2.1,19.64,1.2221154982179887
2020-04-22,21.61,5.35,13.64,0.0,0.35,0.47,23.96,1.9497194106298594
2020-04-23,20.47,6.8,13.82,0.39,0.35,-0.75,23.42,1.8289293361881052
2020-04-24,15.19,4.71,9.15,1.1,0.35,0.31,19.39,1.1016003782668855
2020-04-25,17.49,4.51,10.52,0.18,0.35,-2.25,24.27,1.480994958716483
2020-04-26,25.98,7.7,16.37,0.0,0.35,-0.37,22.92,2.7629205918612025
2020-04-27,26.96,8.57,17.96,0.0,0.35,-0.13,28.88,2.9519366512296923
2020-04-28,23.68,6.85,15.2,0.0,0.34,0.71,27.94,2.283991517892397
2020-04-29,22.14,4.67,12.85,0.0,0.34,-6.57,29.93,2.29304268536129
2020-04-30,31.78,6.43,19.97,0.0,0.34,-3.05,20.52,4.208180442545988
2020-05-01,30.58,13.65,22.2,0.2,0.34,4.14,27.97,3.5649697583544326
2020-05-02,20.64,9.41,14.16,5.71,0.35,7.67,13.24,1.3836442404956906
2020-05-03,25.67,8.31,16.51,1.86,0.35,6.95,26.36,2.297997259105883
2020-05-04,17.57,4.84,12.61,2.67,0.36,4.2,25.74,1.1840607357690236
2020-05-05,22.65,2.02,12.44,0.0,0.35,-4.63,30.16,2.3173503624118306
2020-05-06,21.92,2.75,12.95,0.0,0.35,-2.68,28.51,2.129618879792652
2020-05-07,20.94,3.95,13.26,0.0,0.35,-3.55,29.71,2.007969727580473
2020-05-08,16.94,1.9,8.89,0.0,0.35,-4.32,23.74,1.4869424172376606
2020-05-09,16.36,2.06,8.96,0.0,0.35,-5.48,29.3,1.4544516215709562
2020-05-10,19.67,-1.09,9.76,0.0,0.35,-4.58,28.96,1.85613749597785
2020-05-11,9.23,2.01,4.47,1.99,0.35,-0.06,4.75,0.5578831869760095
2020-05-12,17.86,0.92,8.06,0.25,0.35,1.41,11.18,1.3694940670912716
2020-05-13,28.49,5.26,17.46,0.0,0.35,0.35,26.48,3.2625882075557993
2020-05-14,24.44,6.38,15.8,0.84,0.35,4.46,27.31,2.2236647428035727
2020-05-15,21.59,7.19,14.91,21.42,0.35,8.91,19.54,1.4374767317827952
2020-05-16,21.39,8.31,14.39,1.87,0.39,4.1,27.05,1.7282073092902879
2020-05-17,25.99,6.15,16.15,0.0,0.39,4.46,29.32,2.519482277316148
2020-05-18,29.81,7.46,18.31,0.0,0.38,5.8,27.2,3.274802507076111
2020-05-19,30.36,10.96,20.56,0.14,0.37,9.87,29.66,3.114163458320502
2020-05-20,30.3,13.0,21.24,0.04,0.37,8.44,27.0,3.2112813373398215
2020-05-21,25.22,11.34,17.86,0.02,0.36,4.53,26.03,2.365424746972545
2020-05-22,27.85,12.18,19.78,0.01,0.36,3.9,29.74,2.9394874101526143
2020-05-23,28.01,10.12,19.12,0.01,0.36,1.54,19.5,3.099385328125429
2020-05-24,17.45,6.88,11.61,10.63,0.36,5.02,17.5,1.1201538453057112
2020-05-25,18.25,5.82,12.07,0.38,0.38,3.17,25.97,1.3296997078692636
2020-05-26,25.75,5.8,16.49,0.0,0.37,1.29,31.07,2.6415008366672676
2020-05-27,28.28,9.96,20.02,0.29,0.37,5.53,28.5,2.936879857039527
2020-05-28,25.81,13.02,19.47,0.01,0.36,8.73,28.38,2.1965826193089866
2020-05-29,31.91,12.91,22.32,0.0,0.36,7.97,30.73,3.660067983084552
2020-05-30,30.14,14.26,22.45,0.32,0.36,9.0,29.0,3.1291959461422083
2020-05-31,31.69,15.81,23.55,0.85,0.36,11.38,28.68,3.3258706202865826
2020-06-01,34.44,16.53,25.86,1.07,0.35,10.47,28.12,4.183791470663177
2020-06-02,32.35,17.51,23.7,1.6,0.35,10.97,21.94,3.5395289562466368
2020-06-03,34.11,16.03,23.17,0.74,0.35,12.63,24.88,3.890022578733844
2020-06-04,35.18,15.56,25.64,0.44,0.35,7.34,26.11,4.653371364765933
2020-06-05,36.73,17.4,27.85,0.0,0.35,4.95,30.92,5.313850517218135
2020-06-06,36.7,24.47,29.81,0.35,0.35,7.78,20.93,5.1162050139596955
2020-06-07,36.04,19.51,27.93,0.0,0.34,0.66,32.19,5.313279554427965
2020-06-08,31.33,13.64,22.61,0.35,0.34,3.33,32.03,3.8019896377675746
2020-06-09,15.62,4.43,9.6,16.75,0.36,2.85,6.08,1.0248828440908133
2020-06-10,25.43,6.21,16.59,0.0,0.37,0.36,32.12,2.622836661088562
2020-06-11,29.94,11.6,21.32,0.0,0.37,1.14,31.78,3.5651106343886405
2020-06-12,32.9,12.65,23.56,0.0,0.36,5.67,31.3,4.088042222968276
2020-06-13,35.6,14.13,25.91,0.01,0.36,6.38,31.53,4.8518479113232225
2020-06-14,35.16,19.89,27.55,0.0,0.35,6.67,26.09,4.693213669797895
2020-06-15,35.46,15.8,26.4,0.01,0.35,3.19,30.24,4.999175159483142
2020-06-16,36.45,18.88,28.25,0.0,0.35,5.62,30.48,5.1784686091375365
2020-06-17,37.37,17.47,27.7,0.0,0.34,-0.5,30.56,5.813452386082501
2020-06-18,23.19,13.19,18.16,0.01,0.34,2.33,24.51,2.119404887037561
2020-06-19,21.15,12.51,16.37,3.1,0.34,8.79,22.02,1.3781377001384807
2020-06-20,31.41,11.22,22.36,0.03,0.34,3.83,29.97,3.794945304601918
2020-06-21,30.83,15.52,22.82,0.04,0.34,6.11,24.99,3.50703949400803
2020-06-22,28.74,14.6,22.12,0.05,0.34,8.74,27.48,2.817832786882085
2020-06-23,31.31,14.66,23.96,0.75,0.34,9.49,26.25,3.3858690554268733
2020-06-24,35.49,16.56,26.83,0.24,0.34,8.17,30.73,4.691504868008543
2020-06-25,38.42,19.51,27.81,0.85,0.34,7.86,22.61,5.714113501764036
2020-06-26,31.48,18.28,23.5,7.44,0.34,13.95,29.15,3.0234030308247455
2020-06-27,33.9,16.03,24.96,4.01,0.35,9.63,29.54,4.0918680448015525
2020-06-28,36.42,17.25,27.56,0.0,0.35,5.39,30.02,5.1829318916583125
2020-06-29,38.15,19.68,29.05,0.03,0.35,5.22,30.84,5.792881277589872
2020-06-30,30.84,16.76,23.65,0.0,0.35,5.04,30.13,3.5770814269902447
2020-07-01,31.97,13.01,23.49,0.0,0.34,4.79,31.42,3.887114561803928
2020-07-02,34.58,17.79,25.45,9.59,0.35,12.46,22.63,4.04778671133565
2020-07-03,33.35,16.89,25.16,12.09,0.36,14.27,29.65,3.502914598708573
2020-07-04,31.91,18.48,24.4,2.78,0.38,14.81,29.68,3.0460494592399767
2020-07-05,30.74,17.54,23.68,0.19,0.37,13.18,26.11,2.911021082106533
2020-07-06,34.46,16.95,26.04,0.0,0.37,11.06,31.29,4.1390628896426955
2020-07-07,35.79,19.93,27.84,0.58,0.36,10.88,30.05,4.570606215433446
2020-07-08,36.64,18.48,27.4,0.06,0.36,7.36,31.13,5.125920683079521
2020-07-09,34.01,16.52,25.69,1.32,0.36,10.8,27.13,4.0268585434096735
2020-07-10,35.84,18.8,26.85,1.75,0.36,13.62,29.18,4.329433862840159
2020-07-11,34.55,19.2,26.46,0.0,0.35,10.55,28.79,4.210373822857795
2020-07-12,36.17,18.72,25.63,1.21,0.35,13.96,24.2,4.4021761397862855
2020-07-13,38.1,18.59,28.61,2.09,0.35,8.64,27.77,5.540226857685747
2020-07-14,27.93,17.5,22.63,4.36,0.36,14.87,11.73,2.073425780071933
2020-07-15,30.7,16.19,23.34,0.38,0.36,14.13,15.33,2.804287959750816
2020-07-16,34.21,17.37,25.92,1.86,0.35,13.6,26.38,3.824194027632652
2020-07-17,36.88,19.65,28.5,0.0,0.35,10.05,29.7,5.001835022448564
2020-07-18,36.25,22.0,28.09,0.0,0.35,10.56,24.09,4.748164444488574
2020-07-19,33.47,18.0,24.69,3.41,0.35,15.27,22.33,3.4290682339150296
2020-07-20,34.89,17.57,26.36,2.8,0.35,13.4,25.68,4.051172786482772
2020-07-21,31.97,17.64,24.99,1.78,0.35,12.39,29.28,3.307677963687688
2020-07-22,35.92,16.59,26.77,0.07,0.35,12.04,28.16,4.508702559055472
2020-07-23,34.41,20.97,27.01,1.58,0.35,12.69,22.92,3.9742315346152672
2020-07-24,36.25,19.97,26.92,1.83,0.35,14.59,25.69,4.362125435926054
2020-07-25,34.02,19.98,26.18,1.29,0.35,14.44,25.24,3.6803601976888287
2020-07-26,30.98,18.57,23.56,7.25,0.35,14.41,19.82,2.8458414306212614
2020-07-27,27.37,16.52,22.06,1.29,0.36,13.9,22.76,2.0552077751364735
2020-07-28,29.67,16.29,22.71,4.22,0.36,14.26,27.37,2.537632231927473
2020-07-29,33.86,16.8,25.34,1.36,0.37,11.53,27.93,3.9182529913665824
2020-07-30,23.95,14.69,19.08,1.1,0.36,12.42,17.99,1.5330911356605779
2020-07-31,31.22,12.91,22.34,0.01,0.36,9.45,27.74,3.365736490155333
2020-08-01,32.59,15.03,24.12,0.29,0.36,9.41,27.68,3.735365606302329
2020-08-02,26.38,16.27,21.46,2.04,0.36,13.73,23.81,1.8668823468647031
2020-08-03,29.59,13.67,21.59,0.03,0.36,12.07,27.17,2.735245754182994
2020-08-04,33.71,15.08,23.64,2.28,0.36,13.07,26.63,3.7293271219693
2020-08-05,33.0,16.97,24.15,2.37,0.36,13.64,24.15,3.4685088106441135
2020-08-06,34.86,17.94,25.08,2.71,0.36,13.31,23.83,4.050904462279377
2020-08-07,37.01,16.5,27.34,0.02,0.36,6.72,27.72,5.295475109009452
2020-08-08,35.41,19.24,27.24,0.0,0.35,5.44,25.32,4.8518866894049735
2020-08-09,37.23,18.19,27.61,0.07,0.35,4.55,26.4,5.508564467669308
2020-08-10,30.27,17.49,23.07,0.0,0.35,11.22,23.57,2.977185022981087
2020-08-11,36.38,18.02,26.59,1.69,0.35,10.89,21.4,4.7628423601931384
2020-08-12,34.96,16.81,25.33,0.96,0.35,10.68,26.91,4.325211288509919
2020-08-13,36.08,17.95,26.65,0.05,0.34,3.92,25.09,5.158431312726249
2020-08-14,32.68,18.73,25.35,0.0,0.34,5.58,26.16,4.032295715575511
2020-08-15,32.27,15.35,23.8,0.12,0.34,13.01,20.19,3.3290525530457
2020-08-16,35.67,18.84,26.39,0.61,0.34,13.36,20.6,4.300861213327772
2020-08-17,34.27,16.62,25.87,0.38,0.34,11.23,25.99,4.066830731985586
2020-08-18,37.44,19.28,27.57,0.0,0.34,8.07,25.8,5.348871489531973
2020-08-19,32.7,19.56,24.61,4.54,0.34,10.6,24.91,3.6679028688525164
2020-08-20,35.12,17.49,26.55,0.23,0.34,10.29,23.24,4.408050483083603
2020-08-21,34.37,18.82,26.36,1.39,0.34,9.92,20.89,4.208432269193816
2020-08-22,36.56,19.38,27.4,0.0,0.34,7.51,21.16,5.088496982788907
2020-08-23,36.4,18.57,27.72,0.0,0.34,10.0,21.08,4.844667370438014
2020-08-24,37.19,20.91,28.74,0.0,0.34,9.27,21.28,5.170873994259019
2020-08-25,37.07,20.14,28.45,0.0,0.34,8.93,20.14,5.156136057954283
2020-08-26,36.2,20.11,27.58,1.57,0.34,9.12,22.47,4.84910070929741
2020-08-27,35.85,20.02,27.46,0.0,0.34,11.02,20.54,4.5778167350786925
2020-08-28,29.26,17.3,23.14,0.37,0.34,9.68,21.9,2.8643807026921295
2020-08-29,27.41,15.25,20.76,4.95,0.34,12.35,19.94,2.2167396490438525
2020-08-30,33.3,16.03,24.07,1.04,0.35,8.04,24.16,4.039718418348144
2020-08-31,27.24,9.45,17.93,1.03,0.35,3.41,23.84,2.8357483051522054
2020-09-01,27.21,12.45,19.64,0.8,0.35,4.52,23.39,2.7659906867754502
2020-09-02,31.89,12.26,22.36,0.0,0.35,1.99,25.59,4.020162846469442
2020-09-03,27.68,13.66,20.1,0.0,0.34,3.34,24.7,2.9338229639635753
2020-09-04,34.22,13.92,23.64,0.0,0.34,6.24,24.64,4.434003889572208
2020-09-05,36.77,17.36,27.11,0.0,0.34,7.53,23.79,5.157723238045425
2020-09-06,35.92,19.94,26.53,0.0,0.34,2.46,23.27,5.185758261823915
2020-09-07,33.34,9.1,21.61,0.79,0.34,4.84,20.66,4.264260060199675
2020-09-08,6.9,-0.12,2.91,10.03,0.35,-1.17,5.63,0.43429280889454935
2020-09-09,7.46,-0.74,2.52,6.69,0.36,-2.06,8.22,0.5088750058160516
2020-09-10,11.33,2.27,6.44,5.42,0.37,1.76,13.67,0.6481754202903467
2020-09-11,21.07,2.67,11.48,0.06,0.38,2.79,21.5,1.751172296260247
2020-09-12,26.12,8.41,16.45,0.0,0.37,0.67,23.37,2.744125503875355
2020-09-13,28.91,9.0,18.9,0.0,0.37,2.48,21.42,3.2546387699367005
2020-09-14,29.93,11.87,20.45,0.0,0.36,3.95,23.23,3.4156551834719666
2020-09-15,31.45,12.83,21.49,0.0,0.36,3.69,21.29,3.813290682913267
2020-09-16,23.61,11.62,16.78,0.0,0.36,5.74,17.57,1.9963672079216335
2020-09-17,29.64,11.07,18.93,0.0,0.36,4.5,17.39,3.313903771986416
2020-09-18,29.55,9.96,18.74,0.0,0.35,4.73,16.45,3.278762372420575
2020-09-19,32.28,14.29,22.05,0.0,0.35,3.72,16.7,4.033154506093359
2020-09-20,29.98,12.64,21.14,0.0,0.35,5.67,20.15,3.3242407737318915
2020-09-21,31.15,14.6,22.02,0.0,0.35,5.1,14.51,3.652681214954498
2020-09-22,31.92,14.56,22.21,0.0,0.35,1.9,19.17,4.032715159565332
2020-09-23,29.48,14.65,21.76,0.0,0.34,5.44,19.55,3.2186718085864374
2020-09-24,32.06,12.74,22.0,0.0,0.34,0.93,19.57,4.1175213576158685
2020-09-25,31.63,16.55,22.0,0.0,0.34,2.73,19.36,3.9128911404906486
2020-09-26,33.64,15.93,23.34,0.0,0.34,1.49,12.78,4.5332635721159855
2020-09-27,15.42,6.22,11.05,0.15,0.34,2.77,7.21,1.0065231977009619
2020-09-28,16.35,3.44,9.36,0.0,0.34,-6.78,20.48,1.491797500056086
2020-09-29,26.4,5.89,16.28,0.0,0.34,-4.55,20.72,3.005956401911033
2020-09-30,23.48,9.31,15.29,0.0,0.34,0.0,19.45,2.281243349155483
2020-10-01,19.67,4.85,11.76,0.01,0.34,-4.88,19.82,1.865909175048704
2020-10-02,23.56,7.86,14.84,0.0,0.34,-0.79,17.82,2.329452635866471
2020-10-03,18.94,7.61,12.35,0.0,0.34,0.73,17.96,1.5451588212574097
2020-10-04,27.56,8.42,16.69,0.0,0.34,-1.11,19.18,3.120979574941143
2020-10-05,28.77,12.52,18.81,0.0,0.34,-2.56,17.38,3.446797561909839
2020-10-06,30.46,10.01,19.12,0.0,0.34,1.13,17.68,3.693413136007131
2020-10-07,28.36,11.52,17.97,0.0,0.34,-3.35,17.37,3.382908846702184
2020-10-08,30.82,9.12,18.76,0.0,0.34,0.07,15.83,3.8328398816322653
2020-10-09,30.41,13.72,20.28,0.0,0.33,-4.99,16.19,3.922377486518931
2020-10-10,27.64,9.07,17.87,0.0,0.33,-0.7,15.98,3.121042079344645
2020-10-11,25.97,6.34,16.52,0.84,0.33,-4.21,12.32,2.9083555603404028
2020-10-12,23.11,3.9,13.07,0.0,0.34,-7.67,18.64,2.4851172914944177
2020-10-13,23.36,8.05,14.76,0.0,0.34,-4.57,17.51,2.4360645638656173
2020-10-14,25.22,4.76,15.26,0.13,0.34,-3.08,14.53,2.7228173435173906
2020-10-15,12.03,0.57,5.41,0.0,0.34,-5.59,13.9,1.0026652839309615
2020-10-16,19.01,-1.77,8.11,0.0,0.34,-6.75,16.14,1.830374741351198
2020-10-17,23.1,5.35,13.5,0.0,0.34,-2.51,13.13,2.318645431151332
2020-10-18,7.47,0.13,2.88,0.0,0.34,-1.66,7.2,0.4938228807551478
2020-10-19,20.86,0.62,9.12,0.0,0.34,-1.7,13.66,1.926461434706408
2020-10-20,21.56,5.07,11.87,0.0,0.34,-0.61,13.21,1.9896390612805586
2020-10-21,23.42,2.85,10.83,0.0,0.34,1.08,10.84,2.2210927651024988
2020-10-22,9.62,-4.1,4.2,0.05,0.34,-3.78,6.39,0.7352013843444629
2020-10-23,1.67,-5.9,-2.67,0.02,0.34,-9.27,8.92,0.38646204963729575
2020-10-24,11.86,-5.1,1.78,0.0,0.34,-6.62,11.64,1.0175697154707237
2020-10-25,-2.79,-10.55,-6.01,7.81,0.34,-10.03,3.43,0.2123240773108453
2020-10-26,-7.38,-12.24,-10.33,2.28,0.34,-15.16,2.76,0.16292710277899514
2020-10-27,4.37,-11.18,-3.8,0.0,0.34,-14.04,15.41,0.6285106004872081
2020-10-28,8.15,-3.74,1.32,0.01,0.35,-4.68,9.07,0.6522549021512566
2020-10-29,17.52,-2.44,6.63,0.01,0.35,-1.08,14.92,1.4380863416207017
2020-10-30,19.33,1.53,9.1,0.0,0.35,-2.01,14.87,1.716022259515214
2020-10-31,13.76,3.1,7.88,0.0,0.35,-4.34,14.84,1.1311145260495756
2020-11-01,18.07,-0.02,7.69,0.0,0.35,-2.45,14.77,1.5629916582446317
2020-11-02,23.58,2.86,11.59,0.0,0.35,-4.4,14.64,2.4687570732646247
2020-11-03,26.09,7.17,14.3,0.0,0.35,-4.06,13.75,2.927152890382071
2020-11-04,23.91,8.58,14.49,0.0,0.35,-0.84,13.59,2.3933825286775194
2020-11-05,23.9,5.99,13.65,0.0,0.35,-2.26,13.86,2.4487082097638666
2020-11-06,26.22,7.12,15.26,0.0,0.35,-2.91,12.11,2.9124779883056235
2020-11-07,24.89,12.02,17.37,0.0,0.34,0.19,9.1,2.527783311478187
2020-11-08,17.16,7.23,12.0,0.0,0.34,-4.5,13.38,1.5200232799545936
2020-11-09,7.06,-3.39,2.46,3.31,0.34,-4.97,5.02,0.583856520133498
2020-11-10,7.95,-4.21,0.13,1.71,0.35,-8.15,12.97,0.7386428483321665
2020-11-11,7.31,-4.04,0.31,0.0,0.35,-9.81,13.4,0.7333395837647845
2020-11-12,7.18,-5.33,-0.75,0.0,0.35,-9.36,12.22,0.7137619706638157
2020-11-13,15.65,-4.99,3.98,0.0,0.35,-7.28,13.08,1.4244273904061708
2020-11-14,10.38,-1.08,4.96,0.0,0.35,-10.11,5.96,0.9763559818420888
2020-11-15,13.89,-5.19,3.31,0.01,0.35,-9.86,12.48,1.2983296154326351
2020-11-16,17.93,1.93,8.21,0.0,0.35,-4.58,12.57,1.6201203361456347
2020-11-17,21.8,1.91,9.47,0.0,0.35,-5.18,10.84,2.196418070204074
2020-11-18,24.1,5.9,13.83,0.0,0.35,-3.17,7.81,2.51842708599742
2020-11-19,18.48,4.71,10.98,0.0,0.35,-1.14,11.96,1.5651663976319024
2020-11-20,12.56,1.21,6.17,0.0,0.34,-7.34,11.12,1.1032364594396225
2020-11-21,9.1,-1.04,3.44,0.0,0.34,-2.46,7.35,0.64611883640183
2020-11-22,7.18,-5.85,0.71,0.0,0.34,-12.49,11.88,0.7803179746132438
2020-11-23,14.26,1.37,6.13,0.04,0.34,0.22,7.77,1.0051287404758178
2020-11-24,3.16,-3.2,0.44,1.04,0.34,-5.49,3.24,0.3606547063881772
2020-11-25,10.32,-3.49,1.96,0.0,0.34,-8.34,11.51,0.9289339398680869
2020-11-26,8.71,-3.77,1.19,0.0,0.34,-6.31,11.27,0.7446845477736783
2020-11-27,7.33,-4.0,0.15,0.0,0.34,-6.01,11.1,0.6348400342808223
2020-11-28,12.69,-3.05,2.53,0.0,0.34,-7.95,11.13,1.1319950602819961
2020-11-29,3.64,-4.9,-1.6,0.0,0.34,-10.48,10.92,0.5178682284987012
2020-11-30,12.8,-4.63,2.86,0.0,0.34,-11.84,11.12,1.231670769881187
2020-12-01,2.06,-2.84,0.11,0.02,0.34,-7.62,7.25,0.36427509066608443
2020-12-02,-2.01,-5.54,-4.21,0.07,0.34,-9.53,3.9,0.2304789062294862
2020-12-03,5.23,-5.04,-1.26,0.0,0.34,-12.75,10.41,0.6573116993654207
2020-12-04,10.7,-1.57,2.19,0.0,0.34,-9.15,10.75,0.9812028362813612
2020-12-05,9.58,-2.12,1.57,0.0,0.34,-9.42,10.26,0.8946994869649603
2020-12-06,11.7,-1.88,2.67,0.0,0.34,-10.26,10.32,1.0951860985617594
2020-12-07,12.76,-1.54,3.13,0.0,0.34,-11.02,10.88,1.2110093555211447
2020-12-08,16.53,-1.83,5.41,0.0,0.34,-11.39,10.77,1.6250513594262062
2020-12-09,17.6,-1.25,4.91,0.0,0.34,-12.48,10.34,1.7784657818757263
2020-12-10,3.6,-3.46,-0.29,0.8,0.34,-5.93,5.25,0.39830256543633485
2020-12-11,-2.31,-5.63,-3.86,0.82,0.34,-7.22,3.1,0.16017720357905502
2020-12-12,-0.92,-6.4,-4.18,2.4,0.34,-7.74,2.47,0.22988944496276176
2020-12-13,0.51,-7.12,-4.27,0.49,0.34,-9.82,9.89,0.3440298490548386
2020-12-14,-2.79,-7.64,-5.36,0.7,0.34,-9.8,2.89,0.20708020137987804
2020-12-15,-3.91,-9.34,-6.69,1.82,0.34,-9.29,4.51,0.1551372562896829
2020-12-16,4.11,-8.56,-2.43,0.0,0.35,-9.84,9.28,0.5302215332956719
2020-12-17,6.65,-5.19,-0.04,0.0,0.35,-8.65,7.15,0.6602306039806292
2020-12-18,2.61,-3.35,-0.68,0.0,0.35,-5.46,6.54,0.3303578016241071
2020-12-19,6.92,-5.65,-0.36,0.0,0.35,-7.63,10.27,0.652233598664081
2020-12-20,9.69,-2.49,2.22,0.0,0.35,-7.41,8.2,0.8526241144010795
2020-12-21,11.13,0.91,4.05,0.0,0.35,-3.44,9.17,0.8503252693344447
2020-12-22,15.72,-1.34,5.37,0.0,0.35,-3.83,9.67,1.3259133901746893
2020-12-23,-2.35,-6.82,-4.37,0.0,0.35,-15.25,8.47,0.3273526212780225
2020-12-24,7.44,-5.2,0.49,0.0,0.35,-11.67,8.3,0.7825154336766988
2020-12-25,13.01,-0.79,3.71,0.0,0.35,-8.41,10.29,1.1749185928568093
2020-12-26,13.68,-0.37,4.06,0.0,0.35,-9.12,8.61,1.2594243841236081
2020-12-27,5.29,-2.73,0.85,0.02,0.35,-6.07,9.86,0.5019683665746044
2020-12-28,2.07,-4.3,-1.56,1.23,0.35,-4.55,2.28,0.27339421042724765
2020-12-29,2.26,-6.3,-2.56,0.43,0.35,-7.37,5.15,0.3677308953712408
2020-12-30,4.32,-6.64,-2.33,0.0,0.35,-11.38,9.16,0.5758453950366984
2020-12-31,6.26,-3.46,-0.18,0.0,0.35,-11.89,9.46,0.7064507400069391
2021-01-01,3.9,-6.26,-1.92,0.0,0.35,-8.54,8.89,0.48700065018040534
2021-01-02,7.62,-5.87,-0.47,0.0,0.35,-8.34,10.39,0.719709035530937
2021-01-03,8.87,-2.47,1.92,0.0,0.35,-7.97,10.46,0.8028668334160476
2021-01-04,9.37,-1.48,2.02,0.0,0.35,-8.31,10.74,0.8507001338610971
2021-01-05,10.42,-2.59,2.81,0.67,0.35,-5.87,8.79,0.8688030779671079
2021-01-06,4.94,-4.21,-1.24,0.02,0.35,-9.17,10.82,0.5635829864910545
2021-01-07,6.39,-3.99,-0.29,0.0,0.35,-10.79,9.89,0.6923622172591768
2021-01-08,5.48,-3.67,-0.61,0.0,0.35,-7.02,10.24,0.5411827179091291
2021-01-09,0.49,-3.6,-1.69,0.8,0.35,-4.41,5.74,0.19250088950993682
2021-01-10,1.95,-4.48,-2.2,0.02,0.35,-6.16,7.97,0.31763046286403673
2021-01-11,6.33,-8.03,-1.41,0.0,0.35,-11.97,11.29,0.712645065134585
2021-01-12,10.07,-6.93,0.53,0.0,0.35,-13.49,11.6,1.0180468036952568
2021-01-13,14.27,0.92,6.01,0.0,0.35,-5.44,7.53,1.219521392271885
2021-01-14,3.96,-4.68,-0.5,0.0,0.35,-12.96,9.68,0.5857513006141595
2021-01-15,2.67,-4.87,-2.35,0.0,0.35,-15.22,11.02,0.553186244477206
2021-01-16,6.12,-3.9,0.31,0.0,0.35,-6.47,8.38,0.5664872742810535
2021-01-17,6.48,-4.21,0.62,0.0,0.35,-8.28,10.12,0.6395028197818042
2021-01-18,3.79,-4.41,-0.42,0.0,0.35,-6.53,10.87,0.42663283311523426
2021-01-19,2.79,-4.56,-1.82,0.0,0.35,-9.77,11.21,0.4555806652412543
2021-01-20,11.45,-3.07,2.96,0.0,0.35,-8.95,11.52,1.0420930294644095
2021-01-21,6.72,-2.24,1.53,0.0,0.35,-8.42,11.25,0.6591793509735595
2021-01-22,6.1,-4.49,-0.48,0.01,0.35,-7.65,11.6,0.5980028726623694
2021-01-23,7.42,-5.32,-0.96,0.53,0.35,-5.52,9.98,0.6262892743765129
2021-01-24,1.23,-5.74,-3.41,0.43,0.35,-6.99,6.15,0.30606107879799854
2021-01-25,-2.71,-7.5,-4.69,6.17,0.35,-8.04,3.82,0.1670024423993537
2021-01-26,-6.32,-10.69,-8.7,3.56,0.35,-11.67,3.59,0.13076633667413295
2021-01-27,1.0,-13.74,-7.06,0.01,0.35,-11.33,12.27,0.399764138861098
2021-01-28,7.7,-8.26,0.2,0.0,0.35,-6.68,4.66,0.6806630235275795
2021-01-29,12.25,-0.23,3.87,0.0,0.36,-4.79,5.95,0.9979118627927921
2021-01-30,9.15,-2.59,2.2,0.0,0.36,-4.32,10.56,0.7163148270453428
2021-01-31,8.24,-2.92,0.87,0.0,0.36,-8.01,13.49,0.7563239813530858
2021-02-01,12.5,-2.56,2.95,0.0,0.36,-9.69,10.9,1.1566673170834043
2021-02-02,16.31,-1.17,6.13,0.0,0.36,-7.1,13.99,1.4960370848404592
2021-02-03,19.29,-0.34,7.8,0.09,0.36,-2.43,13.07,1.7266070584354622
2021-02-04,5.65,-6.19,-0.17,0.01,0.36,-10.08,12.37,0.6287880476550258
2021-02-05,5.68,-3.78,0.23,0.15,0.36,-11.21,9.34,0.6551636409444799
2021-02-06,5.51,-4.43,-1.1,0.08,0.35,-9.31,5.35,0.6021229357396765
2021-02-07,12.29,-10.26,1.34,0.02,0.35,-10.24,13.82,1.1492929860861847
2021-02-08,7.27,-11.13,-4.31,0.27,0.35,-11.26,5.85,0.7621929519990335
2021-02-09,-0.39,-8.03,-5.05,0.04,0.35,-11.03,4.81,0.3304813327674004
2021-02-10,-4.83,-11.61,-8.21,0.01,0.35,-13.69,4.44,0.21446121305087348
2021-02-11,0.79,-15.33,-8.75,0.04,0.35,-13.4,7.84,0.4295418663605592
2021-02-12,-13.58,-18.22,-16.17,0.2,0.35,-19.73,5.53,0.08653463355739574
2021-02-13,-14.78,-18.48,-16.59,2.76,0.35,-20.45,4.93,0.07412909661254764
2021-02-14,-18.56,-21.18,-20.2,2.39,0.35,-24.65,5.47,0.05858738461867932
2021-02-15,-6.52,-21.82,-15.11,0.01,0.35,-20.3,10.74,0.2535623158168042
2021-02-16,5.23,-15.14,-5.73,0.21,0.35,-13.33,11.69,0.6678877843726524
2021-02-17,-1.97,-8.39,-5.84,0.31,0.35,-9.69,7.7,0.23576850731594085
2021-02-18,-1.99,-9.52,-6.57,0.02,0.35,-9.88,10.43,0.2393584362367976
2021-02-19,7.03,-10.37,-1.59,0.0,0.36,-9.74,12.15,0.7122664335263165
2021-02-20,9.7,-2.4,2.33,0.76,0.36,-6.26,16.09,0.8209508472018121
2021-02-21,5.2,-3.85,-0.37,0.01,0.36,-9.27,17.3,0.5818771686712887
2021-02-22,14.54,-1.91,3.99,0.0,0.36,-7.51,17.47,1.3081368206298152
2021-02-23,16.44,-3.93,6.34,0.0,0.36,-6.63,17.22,1.4982097800989187
2021-02-24,5.17,-6.47,-1.26,0.67,0.36,-9.97,15.11,0.5963251912726862
2021-02-25,3.53,-5.25,-2.24,0.48,0.36,-8.01,12.13,0.4526404753963083
2021-02-26,8.75,-5.82,0.38,0.0,0.36,-12.1,18.15,0.8873186283480187
2021-02-27,8.74,-5.91,-0.39,0.0,0.35,-12.19,18.32,0.8883053814146492
2021-02-28,3.03,-4.82,-2.08,0.0,0.35,-12.58,18.8,0.5270924022865471
2021-03-01,9.04,-4.22,0.89,0.0,0.35,-11.99,17.17,0.907515529917549
2021-03-02,16.55,-2.7,5.09,0.0,0.35,-9.89,19.71,1.5949420320711316
2021-03-03,16.85,-1.45,6.12,0.0,0.35,-9.56,19.84,1.6235473619584266
2021-03-04,8.69,-0.98,2.78,8.32,0.35,-3.89,7.13,0.6662015065578559
2021-03-05,13.82,-1.85,5.13,0.46,0.36,-4.03,17.25,1.1267919479802293
2021-03-06,17.0,-0.09,7.32,0.0,0.36,-6.35,19.75,1.5578215112223577
2021-03-07,20.26,1.13,9.9,0.0,0.36,-4.77,18.01,1.9475907471027143
2021-03-08,22.11,1.97,9.49,0.0,0.36,-4.92,10.54,2.237967632788173
2021-03-09,21.53,3.88,11.15,0.0,0.36,-4.17,13.15,2.1206522671444525
2021-03-10,12.49,-0.82,4.55,0.01,0.36,-5.65,17.4,1.047694365217043
2021-03-11,10.6,-4.92,3.08,0.0,0.36,-8.0,20.83,0.9438485909951082
2021-03-12,7.31,-2.57,1.86,0.97,0.36,-2.65,10.64,0.5208168356223437
2021-03-13,2.77,-0.53,0.67,38.06,0.37,-0.45,3.88,0.15440204250430467
2021-03-14,1.19,-2.6,-0.48,12.36,0.39,-1.24,9.1,0.10793987914898129
2021-03-15,4.51,-6.76,-2.09,2.43,0.42,-4.96,10.22,0.420462701246259
2021-03-16,2.99,-7.04,-2.41,0.01,0.43,-4.7,13.58,0.326359018292407
2021-03-17,1.96,-5.42,-2.51,0.0,0.43,-5.02,8.02,0.2830867893696962
2021-03-18,9.49,-5.96,0.6,0.0,0.43,-5.42,21.45,0.778690930943137
2021-03-19,13.58,-3.45,4.19,0.0,0.43,-3.3,20.42,1.0767824649508126
2021-03-20,21.7,0.6,11.42,0.0,0.42,-3.61,17.78,2.128195747857045
2021-03-21,10.46,0.53,5.64,2.26,0.41,-1.54,16.26,0.7206904739190244
2021-03-22,3.41,-1.54,0.76,3.24,0.41,-2.55,7.46,0.27377960705081583
2021-03-23,8.36,-2.98,2.33,0.0,0.41,-5.21,19.99,0.6848505389857948
2021-03-24,4.13,-2.35,0.83,0.01,0.41,-3.16,14.35,0.3369234905681049
2021-03-25,12.61,-4.36,4.23,0.0,0.4,-6.09,22.45,1.0724211183193626
2021-03-26,10.16,0.88,4.52,1.27,0.4,-2.12,14.77,0.7184468956481269
2021-03-27,9.51,-1.71,3.83,0.0,0.4,-4.91,20.87,0.7641557525681149
2021-03-28,19.59,-2.22,8.9,0.0,0.39,-5.86,23.99,1.8851376511926363
2021-03-29,25.2,-0.02,12.8,0.0,0.39,-6.71,24.73,2.836184717767783
2021-03-30,4.26,-5.17,-1.08,0.12,0.38,-9.21,14.94,0.5241427554703348
2021-03-31,10.5,-5.66,2.02,0.0,0.38,-10.86,23.87,1.002915338942813
2021-04-01,19.66,-4.16,6.99,0.0,0.38,-8.51,24.65,1.9682100822542605
2021-04-02,24.61,3.62,14.08,0.0,0.38,-7.78,23.26,2.7547850669122607
2021-04-03,26.56,4.37,16.08,0.0,0.37,-4.72,25.06,3.0441167239845517
2021-04-04,27.56,8.08,18.72,0.0,0.37,-1.38,20.01,3.1320527817588233
2021-04-05,27.28,9.71,18.92,0.0,0.37,-2.47,18.05,3.114986219447915
2021-04-06,14.08,1.02,8.04,1.32,0.37,0.36,22.9,0.9799335847010905
2021-04-07,13.2,-1.36,5.59,0.37,0.37,-3.26,21.01,1.0372744654755264
2021-04-08,20.4,1.11,11.77,0.0,0.37,-5.57,26.09,1.9935197315319089
2021-04-09,10.28,-1.32,5.11,0.0,0.37,-6.18,22.09,0.8662947390243385
2021-04-10,18.94,-3.7,8.38,0.0,0.36,-8.44,27.03,1.8661082853456763
2021-04-11,13.31,-0.08,7.04,0.0,0.36,-6.75,25.72,1.1600249067070687
2021-04-12,11.32,-3.16,3.76,0.0,0.36,-8.79,23.48,1.0265665933772663
2021-04-13,10.05,-1.34,3.5,0.0,0.36,-7.21,18.46,0.8765548638717062
2021-04-14,12.08,-2.25,5.03,0.0,0.36,-3.61,22.61,0.9422055363972549
2021-04-15,5.94,-1.5,1.7,12.37,0.36,-1.76,4.1,0.3943788707841671
2021-04-16,3.24,-3.81,-0.5,3.24,0.38,-3.55,7.65,0.30088625251697376
2021-04-17,5.49,-3.5,0.68,0.0,0.38,-5.23,18.81,0.4887249843461713
2021-04-18,14.74,-3.23,6.05,0.0,0.39,-5.5,25.08,1.2715588412047183
2021-04-19,5.95,-5.3,1.21,5.1,0.38,-5.56,8.79,0.5282788038304661
2021-04-20,4.75,-7.34,-1.79,0.5,0.39,-10.15,24.3,0.5748753144422989
2021-04-21,3.61,-6.39,-0.97,0.01,0.39,-7.37,18.09,0.4400567894298736
2021-04-22,14.83,-3.58,5.37,0.0,0.39,-2.91,24.66,1.1938450639613722
2021-04-23,13.22,-0.01,6.94,0.1,0.38,-3.15,17.62,1.0352911678859684
2021-04-24,17.68,-1.66,8.83,0.02,0.38,-2.81,20.37,1.5262095335594432
2021-04-25,26.88,5.19,17.07,0.0,0.38,-1.16,25.85,2.979197500422201
2021-04-26,28.63,10.32,19.38,0.0,0.37,-5.5,27.86,3.5153702555202266
2021-04-27,15.31,5.83,10.88,18.78,0.38,7.11,15.83,0.7302298851290059
2021-04-28,14.79,2.41,7.97,2.7,0.41,2.35,12.74,0.9589131787830235
2021-04-29,20.5,3.14,12.21,0.0,0.41,0.23,26.65,1.7905412847835787
2021-04-30,26.48,7.52,17.4,0.0,0.4,0.9,26.58,2.8060218803638786
2021-05-01,30.65,10.34,21.29,0.0,0.39,1.21,27.83,3.7371162840654355
2021-05-02,24.7,9.08,15.8,4.23,0.39,7.08,22.1,2.104234646265806
2021-05-03,11.18,3.32,7.24,3.46,0.39,1.83,7.92,0.6314009909110152
2021-05-04,15.77,1.8,9.21,0.3,0.39,-0.11,24.98,1.1858182743150527
2021-05-05,15.81,5.4,10.46,1.3,0.39,0.82,26.57,1.1481098530620835
2021-05-06,23.4,4.35,13.79,0.0,0.39,0.59,29.6,2.2406001446526074
2021-05-07,29.84,6.32,18.82,0.0,0.38,2.31,29.8,3.4828298745741426
2021-05-08,24.85,5.13,15.37,2.76,0.38,3.91,22.45,2.331460479316161
2021-05-09,14.21,2.85,7.91,0.72,0.38,0.65,17.35,0.9802154105074211
2021-05-10,7.47,1.08,4.25,13.93,0.39,1.29,7.02,0.36407387797743374
2021-05-11,9.21,0.71,4.11,8.58,0.41,0.57,10.91,0.5278422651012359
2021-05-12,16.15,0.59,7.96,0.58,0.42,0.9,21.89,1.1837960634155906
2021-05-13,23.83,2.83,13.66,0.02,0.41,2.04,29.51,2.2459415165077434
2021-05-14,23.25,7.29,15.69,0.61,0.4,5.56,23.38,1.9451971531672632
2021-05-15,21.8,8.64,15.64,2.25,0.4,10.63,14.24,1.331096562969208
2021-05-16,21.78,9.96,16.02,5.96,0.4,10.91,24.99,1.3038032293002597
2021-05-17,16.84,10.03,13.51,16.57,0.43,11.39,11.18,0.5710336828108498
2021-05-18,17.91,9.43,13.39,2.44,0.43,9.09,23.71,0.8972788261125733
2021-05-19,20.6,8.68,14.38,0.48,0.43,8.29,23.85,1.3324099253396726
2021-05-20,27.79,7.43,18.25,0.03,0.42,7.13,30.08,2.7231199548768883
2021-05-21,29.46,13.57,21.03,5.85,0.41,9.31,23.31,2.9410742207792913
2021-05-22,20.33,14.56,17.25,14.65,0.42,13.88,16.18,0.8002777978959805
2021-05-23,23.46,8.8,17.34,7.02,0.44,11.96,21.08,1.4896908096571007
2021-05-24,25.16,5.31,15.72,0.01,0.44,3.98,20.6,2.3859768195985973
2021-05-25,23.84,10.41,17.2,0.09,0.42,5.5,30.14,2.052151897324768
2021-05-26,22.86,11.13,17.83,0.11,0.42,8.74,17.66,1.6576851078293218
2021-05-27,23.53,9.37,15.92,0.0,0.41,4.34,30.4,2.0678391445328135
2021-05-28,27.31,7.84,16.98,0.17,0.4,7.53,26.01,2.591789460505792
2021-05-29,26.6,9.98,17.77,4.01,0.4,11.16,9.41,2.1557820028661983
2021-05-30,15.39,8.82,13.19,23.87,0.42,11.08,6.12,0.4289280404607716
2021-05-31,18.09,7.45,12.37,0.72,0.45,6.79,16.35,1.0881949215885247
2021-06-01,20.32,6.34,13.79,0.99,0.44,6.91,25.25,1.3893193800826937
2021-06-02,22.25,7.98,15.83,0.0,0.43,7.06,27.34,1.6784947080426862
2021-06-03,27.36,11.84,19.67,0.0,0.42,9.75,31.1,2.4337951581278583
2021-06-04,29.94,13.07,21.91,0.0,0.41,10.61,31.88,2.9494159757545764
2021-06-05,31.78,13.73,23.2,0.0,0.4,9.45,31.74,3.5125505107356125
2021-06-06,32.29,14.46,23.69,3.1,0.39,12.78,29.95,3.3568993703850643
2021-06-07,31.04,16.32,23.79,0.18,0.39,14.4,28.49,2.86225664994107
2021-06-08,33.03,16.74,24.52,0.0,0.39,13.27,30.64,3.514188420644019
2021-06-09,32.39,13.68,23.45,0.0,0.38,11.66,27.06,3.4891447316935436
2021-06-10,35.16,16.51,26.05,0.0,0.38,7.87,28.61,4.609287902868377
2021-06-11,26.93,13.06,19.96,0.0,0.37,-0.85,32.58,2.976691644547934
2021-06-12,31.79,11.98,22.31,0.0,0.37,7.78,30.53,3.64184054671534
2021-06-13,34.28,18.26,25.83,0.0,0.37,15.85,30.31,3.6018122552078204
2021-06-14,35.98,17.78,27.16,0.0,0.37,14.38,30.63,4.296026380852378
2021-06-15,37.68,18.6,28.34,0.0,0.36,12.11,30.07,5.098213114693182
2021-06-16,39.45,18.6,29.6,0.03,0.36,7.47,27.83,6.127481703533221
2021-06-17,40.08,21.02,30.66,0.0,0.36,6.62,28.79,6.4311033594138385
2021-06-18,33.76,20.29,26.73,0.0,0.35,10.29,24.6,3.996559526308003
2021-06-19,33.52,19.14,26.21,8.81,0.36,12.72,21.77,3.7081784306387564
2021-06-20,29.25,15.97,22.28,1.57,0.37,8.76,30.84,2.9343351596730027
2021-06-21,25.34,11.78,18.25,1.65,0.37,8.42,22.63,2.128656825814976
2021-06-22,35.12,13.18,24.37,0.0,0.37,6.61,31.73,4.68473784737103
2021-06-23,37.85,20.09,29.37,0.05,0.36,6.44,25.77,5.607233156056907
2021-06-24,32.09,18.44,24.06,3.28,0.36,11.92,19.88,3.3838284984765563
2021-06-25,28.44,15.84,21.33,11.26,0.38,12.75,24.43,2.404404062387226
2021-06-26,23.36,14.22,18.62,1.53,0.38,9.06,22.95,1.7184734278625358
2021-06-27,24.13,12.3,18.3,2.04,0.38,9.09,24.81,1.8522206296013943
2021-06-28,24.82,12.32,18.76,0.11,0.38,9.25,25.36,1.966377309985921
2021-06-29,25.34,13.56,19.21,0.14,0.38,11.09,22.08,1.911913447226365
2021-06-30,26.23,14.68,19.76,0.17,0.38,13.28,18.71,1.8819888077922233
2021-07-01,26.63,16.94,20.96,4.58,0.38,15.92,18.9,1.679659264328856
2021-07-02,28.45,15.56,21.77,0.08,0.38,14.41,24.73,2.238469413656034
2021-07-03,32.89,16.45,24.93,4.32,0.38,15.51,29.05,3.2370418905664105
2021-07-04,34.32,17.48,26.04,1.91,0.38,13.31,30.44,3.886355692149606
2021-07-05,33.08,17.58,25.82,0.84,0.38,13.11,30.37,3.544181523959127
2021-07-06,30.01,19.3,24.15,0.73,0.38,15.4,24.15,2.495737585807388
2021-07-07,32.42,16.47,24.42,0.04,0.37,12.05,27.69,3.4615992114242307
2021-07-08,38.83,18.13,28.63,1.53,0.37,10.43,29.63,5.6641197663162055
2021-07-09,38.37,21.13,29.35,0.56,0.37,11.15,27.84,5.432591244842758
2021-07-10,30.78,17.3,23.6,1.24,0.37,9.87,28.59,3.2193223677532385
2021-07-11,30.31,14.53,22.57,0.0,0.36,8.98,29.69,3.172586127055507
2021-07-12,33.29,15.47,24.84,0.0,0.36,10.56,29.19,3.837740712570474
2021-07-13,33.61,18.42,26.39,0.2,0.36,11.2,20.84,3.8745680086591716
2021-07-14,25.64,18.28,22.15,0.02,0.36,13.82,17.89,1.7105380675274517
2021-07-15,32.23,15.25,23.72,1.63,0.36,11.8,23.41,3.4327496440220457
2021-07-16,32.95,17.36,25.48,2.21,0.36,13.84,25.28,3.433975632018144
2021-07-17,34.9,17.08,26.53,2.19,0.36,13.74,28.7,4.01984740417747
2021-07-18,32.4,18.47,25.61,2.34,0.36,15.1,26.71,3.1469547903509323
2021-07-19,33.7,18.1,25.95,0.0,0.36,13.64,28.15,3.6694113163225897
2021-07-20,32.77,18.31,25.18,0.0,0.36,12.32,26.34,3.533181188975939
2021-07-21,34.05,17.84,25.7,0.07,0.36,12.0,26.04,3.9315227551836447
2021-07-22,37.08,18.9,28.51,0.0,0.35,12.09,28.29,4.891299428472527
2021-07-23,36.68,20.3,28.58,0.0,0.35,11.84,28.68,4.778434567197694
2021-07-24,31.87,20.37,26.15,0.25,0.35,13.61,21.93,3.1613646345239834
2021-07-25,28.54,18.27,23.06,9.97,0.36,16.92,17.88,1.9724904219804205
2021-07-26,34.26,16.93,25.54,0.25,0.37,15.28,28.86,3.6604179337958005
2021-07-27,34.85,18.28,26.97,0.0,0.36,15.4,29.29,3.826471242182642
2021-07-28,37.07,20.04,28.99,0.0,0.36,12.96,29.3,4.80492234934183
2021-07-29,36.31,21.2,28.92,0.0,0.36,11.6,28.58,4.676798626213347
2021-07-30,36.11,20.75,28.78,0.06,0.35,13.03,28.07,4.476235019335386
2021-07-31,25.05,16.48,20.79,0.81,0.35,15.9,12.27,1.3705193332053325
2021-08-01,28.19,15.6,21.6,0.01,0.35,10.36,22.3,2.56404753975783
2021-08-02,31.28,16.23,23.78,0.0,0.35,9.83,25.92,3.35066136640817
2021-08-03,33.15,16.97,25.1,0.1,0.35,11.5,24.33,3.71563925973608
2021-08-04,25.52,17.8,20.91,2.52,0.35,13.62,13.74,1.707623998617513
2021-08-05,33.33,16.7,25.1,0.0,0.35,8.55,25.01,4.0103858168388955
2021-08-06,37.68,18.49,27.7,0.0,0.35,7.52,24.6,5.472783922726808
2021-08-07,31.81,17.9,23.86,0.03,0.35,7.4,19.89,3.674251088620685
2021-08-08,34.68,16.18,25.74,0.0,0.35,4.1,23.23,4.704991372825773
2021-08-09,37.45,18.67,28.21,0.32,0.35,7.4,22.53,5.400544522850122
2021-08-10,36.31,17.39,26.55,0.32,0.35,9.96,23.53,4.818119424073513
2021-08-11,35.91,19.45,26.77,0.0,0.34,4.42,26.29,5.07410553709135
2021-08-12,34.88,19.99,26.84,0.66,0.34,11.44,24.04,4.233891133668493
2021-08-13,25.97,17.98,21.91,0.17,0.34,13.95,19.99,1.7620579791597495
2021-08-14,34.48,17.07,25.84,0.17,0.34,12.09,27.04,4.052171701313593
2021-08-15,34.74,17.83,26.37,1.47,0.34,10.68,21.25,4.257331781526162
2021-08-16,33.95,19.62,26.7,0.76,0.34,10.49,26.1,4.0355998309314405
2021-08-17,34.68,18.16,26.38,0.0,0.34,10.25,24.8,4.275308026611631
2021-08-18,34.79,18.58,26.2,0.0,0.34,12.44,25.57,4.113967906011524
2021-08-19,31.92,18.22,24.74,2.83,0.34,14.83,23.25,3.0465515335957196
2021-08-20,28.97,15.59,21.37,0.22,0.35,6.45,26.18,3.0340930932448194
2021-08-21,28.28,14.04,20.35,0.76,0.35,7.26,22.73,2.8221083942786125
2021-08-22,35.43,17.05,26.05,0.02,0.35,9.34,25.34,4.5829988062448725
2021-08-23,35.61,19.18,27.09,0.02,0.34,11.36,24.19,4.470584816837759
2021-08-24,35.64,20.07,27.45,0.0,0.34,9.93,24.08,4.6024356457402735
2021-08-25,31.69,17.34,23.98,0.51,0.34,13.99,14.65,3.0745455228149856
2021-08-26,35.08,19.2,26.51,0.02,0.34,8.15,21.56,4.563812728115863
2021-08-27,35.81,17.16,26.91,1.11,0.34,8.46,25.58,4.7724983226683
2021-08-28,34.47,19.93,26.15,0.0,0.34,10.65,24.01,4.177566435861328
2021-08-29,27.5,15.01,21.1,0.0,0.34,11.44,12.81,2.319665368590339
2021-08-30,35.22,16.02,25.4,0.05,0.34,10.26,21.88,4.441890371656698
2021-08-31,36.35,19.74,27.77,0.0,0.34,6.9,21.43,5.061039174184484
2021-09-01,35.08,20.32,27.31,2.22,0.34,10.98,20.01,4.336620510185687
2021-09-02,30.45,17.56,23.58,0.54,0.34,11.13,22.46,3.0297186331611727
2021-09-03,24.19,16.78,20.22,16.95,0.35,15.01,18.42,1.3116719840975282
2021-09-04,28.27,13.9,20.46,2.41,0.38,11.94,20.89,2.4427382788579175
2021-09-05,30.86,15.35,22.59,0.01,0.38,4.47,24.72,3.616348412533473
2021-09-06,34.26,16.4,24.91,0.01,0.37,5.94,24.5,4.465517656842857
2021-09-07,29.27,14.01,20.99,0.0,0.37,5.51,21.71,3.164747248327287
2021-09-08,32.18,13.72,21.95,0.0,0.36,8.07,20.22,3.725459282927106
2021-09-09,35.16,14.76,24.23,0.0,0.36,5.19,22.3,4.7886472274238745
2021-09-10,36.69,16.52,26.44,0.0,0.36,4.17,21.53,5.346593053552547
2021-09-11,36.25,18.81,26.95,0.06,0.35,6.72,21.37,5.040216298679045
2021-09-12,31.8,17.76,24.38,2.6,0.35,9.81,21.75,3.4888854614284397
2021-09-13,30.89,16.46,23.49,0.15,0.35,8.86,20.13,3.3272868048005475
2021-09-14,27.49,13.43,20.28,0.34,0.35,9.64,18.42,2.4704731622107388
2021-09-15,31.68,13.57,22.06,0.0,0.35,9.1,22.33,3.5136283216405895
2021-09-16,34.48,15.88,24.56,0.0,0.35,7.24,22.28,4.444591621328085
2021-09-17,20.47,9.48,15.18,0.13,0.35,6.88,8.94,1.4135505583329908
2021-09-18,32.34,12.58,22.22,0.0,0.35,8.39,21.85,3.7452959456693335
2021-09-19,32.1,17.02,23.91,0.0,0.35,5.78,20.18,3.8607482011966163
2021-09-20,20.52,10.66,15.48,0.33,0.34,1.14,19.72,1.751243168674749
2021-09-21,19.0,7.25,12.11,0.57,0.35,0.6,22.31,1.5594013587974749
2021-09-22,25.86,7.36,15.94,0.0,0.35,-0.72,21.36,2.7541948876015003
2021-09-23,29.3,10.33,19.18,0.0,0.34,-1.23,21.33,3.5174101060679064
2021-09-24,24.01,10.2,16.88,0.0,0.34,5.0,20.05,2.113397996065472
2021-09-25,29.06,10.71,18.87,0.0,0.34,4.75,20.75,3.1623829295706525
2021-09-26,33.23,14.13,22.59,0.0,0.34,0.15,20.94,4.4779065135915745
2021-09-27,32.34,16.33,23.29,0.0,0.34,1.83,20.4,4.149792474059173
2021-09-28,28.51,16.25,22.02,0.16,0.34,5.64,15.89,2.981579780099186
2021-09-29,26.47,9.03,17.21,0.21,0.34,6.46,18.53,2.4906598599400676
2021-09-30,18.84,7.36,11.93,0.48,0.34,3.15,18.75,1.4096834448855786
2021-10-01,20.04,8.59,14.33,0.05,0.34,4.16,14.09,1.5216121477988387
2021-10-02,22.96,10.06,16.09,0.01,0.34,4.06,17.58,1.9859457891112433
2021-10-03,26.32,9.09,17.75,0.0,0.34,-2.17,19.61,2.904742430889521
2021-10-04,27.62,9.42,17.82,0.0,0.34,-2.08,19.63,3.1728023692646534
2021-10-05,27.31,9.64,17.73,0.0,0.34,3.29,19.5,2.8571935099091705
2021-10-06,27.77,9.66,18.1,0.0,0.34,4.82,19.11,2.868192813250807
2021-10-07,26.33,11.92,18.23,0.0,0.34,4.24,18.4,2.600471604339414
2021-10-08,26.47,11.85,18.97,0.0,0.34,3.35,15.4,2.6791737529537976
2021-10-09,26.44,11.06,18.67,0.09,0.34,0.97,14.19,2.79457954959201
2021-10-10,19.48,7.42,13.04,0.0,0.34,0.98,15.85,1.6083022602540402
2021-10-11,21.61,6.33,13.74,0.0,0.34,-2.03,18.16,2.0554906588820665
2021-10-12,22.83,4.7,12.56,3.04,0.34,1.22,15.61,2.113470354291623
2021-10-13,17.24,0.55,8.32,0.0,0.34,-4.63,18.14,1.534238178947823
2021-10-14,10.02,1.24,5.23,0.22,0.34,-2.76,8.89,0.7311404502567533
2021-10-15,11.94,-0.1,5.41,0.0,0.34,-6.41,17.32,1.018864419868946
2021-10-16,20.5,1.4,10.0,0.0,0.34,-7.04,17.23,2.0514071125966375
2021-10-17,24.02,4.54,12.84,0.0,0.34,-4.92,17.28,2.5637591238089374
2021-10-18,25.44,7.58,15.3,0.0,0.34,-1.82,15.64,2.7172774630417385
2021-10-19,17.68,2.36,10.95,0.0,0.34,-0.24,16.13,1.4226111796902283
2021-10-20,16.47,-0.36,6.7,0.0,0.34,-2.19,16.56,1.3535572739130903
2021-10-21,19.09,2.76,9.71,0.0,0.34,-3.44,9.45,1.7359860099701026
2021-10-22,23.55,5.24,13.03,0.0,0.34,-4.34,16.13,2.461503210081675
2021-10-23,22.6,7.96,13.66,0.0,0.34,2.18,11.57,2.027397291148916
2021-10-24,18.44,6.29,11.32,0.0,0.34,1.99,15.14,1.4166504563704938
2021-10-25,20.46,4.11,11.13,0.0,0.34,0.98,12.38,1.7499374271441193
2021-10-26,25.36,3.96,14.65,2.53,0.34,0.44,15.08,2.6057062990989603
2021-10-27,13.92,3.26,8.1,0.02,0.35,-4.45,15.36,1.151226663508948
2021-10-28,11.57,2.34,6.32,0.0,0.34,-5.51,15.16,0.9581461962816997
2021-10-29,21.1,1.82,10.53,0.0,0.34,-2.31,14.43,1.9868925390520416
2021-10-30,18.82,3.72,10.69,0.0,0.34,-0.86,14.92,1.5992260542808454
2021-10-31,7.55,1.15,3.91,0.1,0.34,-1.46,5.94,0.4914627236919098
2021-11-01,6.71,-0.46,2.62,0.1,0.34,-2.12,7.25,0.45933855336838714
2021-11-02,4.48,0.04,1.91,0.03,0.34,-0.7,3.29,0.2607743758667316
2021-11-03,14.73,-0.6,6.34,0.0,0.34,-0.51,14.04,1.0874296356205175
2021-11-04,18.83,1.96,9.31,0.0,0.34,-2.42,13.94,1.662958538898157
2021-11-05,22.33,5.83,12.51,0.0,0.34,-2.4,13.9,2.185583117893203
2021-11-06,25.2,5.78,13.33,0.0,0.34,-5.4,13.49,2.7971590602363534
2021-11-07,24.79,8.21,14.68,0.0,0.34,-4.54,13.68,2.692248504017914
2021-11-08,12.81,1.73,7.23,0.0,0.34,-0.81,12.63,0.9035387934732061
2021-11-09,13.32,-1.55,5.44,0.0,0.34,-0.81,11.89,0.9536941930883286
2021-11-10,13.1,2.36,7.15,0.0,0.34,-3.39,11.23,1.0320428880806833
2021-11-11,11.22,-3.07,3.87,0.01,0.34,-8.18,12.92,1.0023294777151448
2021-11-12,9.46,-3.74,1.95,0.0,0.34,-5.9,12.38,0.7909820601611944
2021-11-13,19.4,3.19,10.72,0.0,0.34,-1.09,10.06,1.6888184517638631
2021-11-14,19.7,-0.37,9.07,0.0,0.34,-2.84,10.97,1.7997025541976106
2021-11-15,22.57,7.29,13.21,0.0,0.34,-4.12,11.79,2.287021221326372
2021-11-16,20.4,5.41,12.41,0.0,0.34,-2.61,3.7,1.892743517794416
2021-11-17,3.86,-5.31,-0.11,0.0,0.34,-12.85,6.2,0.5780337112280716
2021-11-18,8.1,-5.41,0.46,0.0,0.34,-10.81,11.46,0.8122274688583244
2021-11-19,17.16,3.18,9.45,0.0,0.34,-6.66,9.38,1.5865104461466366
2021-11-20,11.85,1.6,6.37,0.01,0.34,-2.17,7.5,0.8679410551243609
2021-11-21,10.16,-1.52,3.68,0.0,0.34,-5.94,12.0,0.8491463310306877
2021-11-22,17.76,-0.2,7.36,0.0,0.34,-10.77,11.35,1.7643209364911498
2021-11-23,20.64,3.0,10.67,0.0,0.34,-9.62,11.18,2.138100022511131
2021-11-24,8.62,-4.79,3.55,0.0,0.34,-5.55,6.46,0.7150125047506227
2021-11-25,12.73,-5.53,2.39,0.0,0.34,-10.43,11.68,1.1954095674680054
2021-11-26,18.7,1.02,9.63,0.0,0.34,-7.15,10.56,1.799419164284491
2021-11-27,12.2,1.1,5.88,0.0,0.34,-4.12,10.08,0.9709960120672061
2021-11-28,16.67,0.4,7.43,0.0,0.34,-2.58,9.86,1.392382157504482
2021-11-29,19.7,5.53,10.49,0.0,0.34,-1.33,10.85,1.7410610882797992
2021-11-30,12.4,1.45,6.06,0.4,0.34,-1.76,10.15,0.9031356753171934
2021-12-01,20.46,2.27,10.01,0.0,0.34,-3.49,8.29,1.9336958666850699
2021-12-02,21.84,6.32,11.8,0.0,0.34,-2.93,10.89,2.126065413408011
2021-12-03,12.87,1.93,6.46,0.0,0.34,-0.59,9.97,0.9000159795462184
2021-12-04,14.94,0.66,6.3,0.0,0.34,-2.71,10.29,1.1984411720436317
2021-12-05,18.61,-6.76,6.7,0.0,0.34,-7.29,8.35,1.7911620387111107
2021-12-06,-2.14,-9.06,-5.34,0.0,0.34,-11.91,7.6,0.27674053800212556
2021-12-07,9.65,-1.81,1.92,0.0,0.34,-6.52,9.46,0.8244834686684104
2021-12-08,11.03,-0.27,4.71,0.0,0.34,-5.62,6.61,0.9135798147311339
2021-12-09,12.4,1.68,6.23,0.0,0.34,-4.28,6.07,0.9952166493227248
2021-12-10,4.84,-3.81,0.13,0.14,0.34,-5.26,3.76,0.4496835636426984
2021-12-11,6.74,-5.99,-1.13,0.0,0.34,-15.83,10.25,0.806364769568015
2021-12-12,16.66,-0.23,6.28,0.0,0.34,-10.1,8.59,1.6129173363005525
2021-12-13,14.51,-1.5,4.53,0.0,0.34,-9.89,10.1,1.3640731427697284
2021-12-14,15.01,3.84,8.73,0.0,0.34,-5.56,5.49,1.302845890144126
2021-12-15,10.5,-4.21,4.9,0.04,0.34,-6.32,5.25,0.8889324580376445
2021-12-16,8.75,-5.34,-0.06,0.0,0.34,-12.14,10.14,0.888098096251398
2021-12-17,6.9,-8.07,-0.47,0.0,0.34,-10.6,9.98,0.7226024579327872
2021-12-18,4.37,-9.5,-4.17,0.0,0.34,-14.61,10.29,0.6379735305562986
2021-12-19,12.61,-4.13,3.93,0.0,0.34,-13.3,10.12,1.2409220678057011
2021-12-20,8.94,-2.19,1.73,0.0,0.34,-10.17,10.17,0.861534012709233
2021-12-21,15.48,-2.01,6.17,0.0,0.34,-10.93,8.83,1.4934530416855536
2021-12-22,16.64,-0.1,6.36,0.0,0.34,-13.87,9.94,1.684887141924571
2021-12-23,15.77,-0.32,7.38,0.0,0.34,-8.99,7.67,1.4823129495871121
2021-12-24,12.49,0.98,6.27,0.09,0.34,-0.96,7.09,0.8791085927532124
2021-12-25,12.81,0.92,5.05,0.0,0.34,-7.47,9.92,1.1308207600917872
2021-12-26,13.67,-1.21,6.07,0.0,0.34,-8.41,10.03,1.2408582235146528
2021-12-27,3.29,-5.83,-0.63,0.0,0.34,-10.46,8.37,0.49805133455921274
2021-12-28,0.06,-6.84,-2.82,0.0,0.34,-12.18,9.92,0.3735331638664172
2021-12-29,-1.07,-7.69,-4.82,0.0,0.34,-11.37,9.8,0.30872030053896193
2021-12-30,9.42,-5.31,1.15,0.0,0.34,-10.94,10.25,0.9159438083814675
2021-12-31,3.97,-10.25,-1.96,0.38,0.34,-8.58,9.47,0.49199409880401196
2022-01-01,-10.67,-14.68,-12.84,2.15,0.34,-17.04,3.29,0.1103140565639949
2022-01-02,5.27,-12.52,-3.38,0.0,0.34,-14.58,9.37,0.6916890693529052
2022-01-03,10.32,-3.06,1.7,0.04,0.34,-10.62,10.14,0.982580553743635
2022-01-04,10.18,-5.75,2.53,0.0,0.34,-9.64,10.07,0.9488789117759499
2022-01-05,2.09,-16.2,-5.4,4.86,0.34,-10.33,4.57,0.4318807339252902
2022-01-06,-5.96,-18.77,-13.04,0.5,0.34,-16.35,5.44,0.22127183421309665
2022-01-07,11.24,-5.47,2.95,0.0,0.35,-4.06,7.36,0.8815914201221837
2022-01-08,5.36,-4.97,1.91,0.07,0.35,-3.23,4.6,0.41319302319081935
2022-01-09,4.72,-6.4,-2.34,0.0,0.35,-8.53,9.92,0.5346023877539765
2022-01-10,10.66,-3.33,1.51,0.0,0.35,-11.36,10.76,1.027012253262651
2022-01-11,10.5,-1.59,2.52,0.0,0.35,-10.43,9.87,0.9936045454262425
2022-01-12,12.39,-0.91,3.52,0.0,0.35,-6.77,9.93,1.0712205763681417
2022-01-13,12.89,1.01,5.2,0.0,0.35,-6.71,10.2,1.1175001414888226
2022-01-14,4.6,-7.14,0.5,0.41,0.35,-6.0,6.02,0.45800517768571664
2022-01-15,4.67,-7.07,-1.92,0.01,0.35,-9.93,11.75,0.5651184378087143
2022-01-16,10.44,-3.19,1.93,0.0,0.35,-9.13,11.15,0.9585978257111913
2022-01-17,14.21,-2.82,4.01,0.0,0.35,-7.63,11.38,1.2763863225057817
2022-01-18,13.88,-1.06,4.42,0.0,0.35,-8.39,10.03,1.2618591892561515
2022-01-19,-1.81,-8.82,-6.39,0.0,0.35,-10.83,3.72,0.2674317181486832
2022-01-20,3.49,-7.98,-3.66,0.0,0.35,-11.43,10.27,0.5296362126788046
2022-01-21,4.87,-6.68,-1.34,0.07,0.35,-4.99,5.97,0.4429302440829011
2022-01-22,6.63,-4.1,-0.07,0.0,0.35,-6.03,12.24,0.5873365572347546
2022-01-23,9.62,-1.25,2.21,0.0,0.35,-8.23,12.23,0.8686211280382964
2022-01-24,6.85,-2.49,0.89,0.61,0.35,-6.3,11.76,0.6102162124804951
2022-01-25,-1.42,-6.97,-3.64,8.99,0.35,-5.52,3.46,0.14565516406765194
2022-01-26,2.86,-8.61,-3.53,0.01,0.35,-9.79,9.3,0.4597645037310765
2022-01-27,-1.19,-7.92,-3.54,0.23,0.35,-8.34,7.59,0.23427345304591102
2022-01-28,5.72,-8.86,-2.35,0.0,0.35,-12.18,12.01,0.6771973440082079
2022-01-29,11.21,-2.81,3.16,0.0,0.36,-11.23,12.78,1.0721365804641314
2022-01-30,10.32,-2.14,1.69,0.0,0.36,-10.16,13.39,0.9724384967246094
2022-01-31,13.41,-2.49,3.88,0.0,0.36,-10.64,7.94,1.2668868287418058
2022-02-01,0.38,-7.62,-3.39,1.68,0.36,-10.4,9.2,0.3511272401518966
2022-02-02,-7.99,-14.57,-11.47,5.19,0.36,-14.98,4.11,0.14384994167369264
2022-02-03,-4.14,-16.68,-11.19,0.03,0.36,-17.13,13.42,0.2901440870369024
2022-02-04,3.38,-11.67,-4.3,0.0,0.36,-13.08,14.01,0.5554157038130035
2022-02-05,8.83,-3.85,0.74,0.0,0.36,-8.88,13.72,0.8228228184189068
2022-02-06,2.35,-3.35,-1.1,0.0,0.37,-7.56,13.9,0.3775023599034947
2022-02-07,9.09,-3.74,1.59,0.0,0.37,-9.46,14.22,0.8568747537684149
2022-02-08,8.91,-1.27,2.71,0.0,0.36,-9.51,14.34,0.844089237200843
2022-02-09,10.38,-2.42,2.58,0.0,0.36,-6.36,13.46,0.8799676362883024
2022-02-10,14.17,-2.66,5.39,0.0,0.36,-3.14,12.89,1.1317934135076835
2022-02-11,5.55,-5.09,-0.19,0.45,0.36,-5.6,10.32,0.5040052339858938
2022-02-12,5.76,-6.88,-1.42,0.0,0.36,-12.76,14.97,0.6907676110368919
2022-02-13,13.43,-2.47,3.43,0.01,0.36,-10.21,15.69,1.2594369566207548
2022-02-14,11.85,-0.11,4.18,0.0,0.36,-8.87,15.61,1.0763868570053543
2022-02-15,14.49,-0.02,6.33,0.0,0.36,-8.32,9.77,1.3240328737904041
2022-02-16,1.73,-7.24,-2.38,1.32,0.36,-6.69,8.54,0.3220247616253681
2022-02-17,0.54,-8.54,-4.78,0.25,0.36,-13.02,14.0,0.4111004226441816
2022-02-18,9.79,-3.14,1.78,0.0,0.36,-9.15,16.5,0.9052270011820247
2022-02-19,12.8,-2.37,3.44,0.0,0.36,-7.98,16.76,1.1433992110623903
2022-02-20,16.81,-0.24,7.15,0.0,0.36,-9.81,15.17,1.6244745214701442
2022-02-21,13.59,-13.86,0.83,0.0,0.35,-10.77,5.09,1.2878377502220906
2022-02-22,-12.22,-16.82,-14.65,1.37,0.35,-21.89,13.25,0.1335503045155959
2022-02-23,-10.85,-18.65,-15.32,0.51,0.35,-20.48,12.75,0.14749167349775877
2022-02-24,-6.78,-16.36,-12.26,0.17,0.35,-17.66,12.83,0.2151875758238828
2022-02-25,-0.39,-13.31,-6.85,0.0,0.35,-14.46,17.02,0.3945161125247034
2022-02-26,3.27,-8.26,-2.41,0.0,0.35,-14.04,18.34,0.5662357524578695
2022-02-27,13.33,-5.93,1.91,0.0,0.35,-13.71,19.42,1.3185740215778596
2022-02-28,16.02,-1.79,5.36,0.0,0.35,-10.09,17.58,1.536933012619483
2022-03-01,20.34,1.51,9.37,0.0,0.35,-5.56,18.92,1.9843516487476232
2022-03-02,22.41,3.11,10.42,0.0,0.35,-6.15,18.92,2.3249432135264105
2022-03-03,20.5,-0.55,8.37,0.0,0.35,-4.91,17.88,1.9875773381252329
2022-03-04,19.37,2.1,9.92,0.02,0.35,-4.39,11.06,1.8075379101394815
2022-03-05,3.64,-5.94,-0.96,1.45,0.35,-4.93,7.14,0.36946250572216904
2022-03-06,-4.22,-7.9,-6.14,4.29,0.35,-10.72,3.87,0.17698866515949252
2022-03-07,-0.43,-9.03,-5.03,0.02,0.35,-12.65,16.27,0.360975304076662
2022-03-08,3.71,-6.06,-2.15,0.03,0.35,-12.64,20.41,0.5656497490542478
2022-03-09,-2.31,-12.63,-6.92,8.78,0.35,-11.56,7.2,0.263189464311432
2022-03-10,-7.13,-14.91,-11.8,0.81,0.35,-16.34,4.71,0.18742042028943554
2022-03-11,0.75,-15.07,-7.02,0.0,0.35,-15.48,20.45,0.4619414083333189
2022-03-12,12.48,-8.28,1.8,0.0,0.36,-6.74,20.79,1.0789043365993953
2022-03-13,15.63,-0.46,6.95,0.0,0.37,-3.95,20.71,1.3197840727128103
2022-03-14,11.13,-2.03,4.21,0.0,0.37,-4.26,19.31,0.8786567509452273
2022-03-15,18.14,-1.68,7.24,0.0,0.37,-7.12,21.87,1.7242153421237647
2022-03-16,14.81,1.26,7.82,3.23,0.37,-0.74,10.65,1.1059194821352956
2022-03-17,3.0,-4.75,-0.08,14.16,0.38,-2.64,2.88,0.254823475922334
2022-03-18,8.51,-6.12,1.44,0.0,0.39,-7.02,22.18,0.7498144984014221
2022-03-19,14.76,-3.6,5.84,0.0,0.39,-6.96,21.89,1.3167062861521022
2022-03-20,16.69,2.82,9.07,0.0,0.39,-5.48,8.36,1.493918799422967
2022-03-21,4.92,-1.7,1.84,10.76,0.39,-3.67,1.77,0.4017793869400497
2022-03-22,6.9,-3.23,1.49,0.02,0.4,-8.03,13.18,0.6614135396834129
2022-03-23,8.74,-3.79,1.67,0.0,0.39,-9.62,23.07,0.8336113193088057
2022-03-24,19.56,-3.69,8.49,0.0,0.39,-3.18,22.01,1.7922601457125338
2022-03-25,15.26,0.3,6.79,0.0,0.39,-0.7,22.24,1.1537270910990434
2022-03-26,25.07,2.01,12.35,0.0,0.38,-1.64,21.86,2.6393792474730957
2022-03-27,20.0,-1.04,8.77,0.0,0.38,-2.14,18.57,1.8163116743861503
2022-03-28,26.82,2.59,14.39,0.0,0.37,-3.25,21.87,3.0472988576336744
2022-03-29,14.85,0.2,8.78,6.14,0.37,0.7,9.68,1.0463205867171548
2022-03-30,7.11,-5.19,0.93,0.16,0.38,-8.89,23.09,0.6975768014245534
2022-03-31,16.17,-3.18,6.7,0.0,0.38,-8.25,25.27,1.510216746724802
2022-04-01,12.05,0.16,5.28,0.0,0.37,-4.78,19.34,0.978929102805715
2022-04-02,17.16,-1.41,7.78,0.0,0.37,-4.35,21.47,1.5150365129327241
2022-04-03,13.06,3.04,7.12,0.0,0.37,-5.39,13.57,1.094794889591852
2022-04-04,17.19,3.25,9.2,0.14,0.37,-0.91,23.27,1.3896711794393326
2022-04-05,14.78,1.33,9.33,0.01,0.37,-7.67,20.67,1.3382749845245607
2022-04-06,9.63,-1.32,4.03,0.0,0.37,-12.69,22.6,0.9676231168776718
2022-04-07,9.43,-1.52,3.51,0.0,0.36,-11.08,25.57,0.9196928965372648
2022-04-08,17.14,-4.17,6.28,0.0,0.36,-9.37,27.2,1.6546780067656333
2022-04-09,26.65,3.63,15.27,0.0,0.36,-5.4,18.37,3.0842293445447697
2022-04-10,16.06,0.99,7.43,0.03,0.36,-6.69,20.09,1.4551692617251506
2022-04-11,18.89,-1.54,9.73,0.0,0.36,-7.7,25.99,1.8400912444458386
2022-04-12,18.97,1.63,12.48,0.02,0.36,-5.77,23.11,1.7961075028144124
2022-04-13,6.78,-6.37,0.85,0.0,0.35,-14.06,19.63,0.7809883845281014
2022-04-14,15.75,-5.09,6.01,0.0,0.35,-10.34,24.08,1.5113567354402262
2022-04-15,18.76,0.04,9.09,0.0,0.35,-7.14,26.5,1.8072475593340167
2022-04-16,11.86,-3.87,3.84,0.0,0.35,-8.06,22.2,1.0568615926574176
2022-04-17,19.36,-1.18,9.36,0.0,0.35,-4.01,22.71,1.793314455072995
2022-04-18,16.35,-2.14,7.2,0.0,0.35,-5.19,26.9,1.4441981762762413
2022-04-19,27.43,3.54,15.23,0.0,0.35,-4.13,24.01,3.2064439659632678
2022-04-20,21.34,5.87,13.65,0.0,0.35,-0.76,27.25,1.9615903209882195
2022-04-21,23.84,6.41,15.48,0.0,0.35,1.03,24.33,2.2972487670484485
2022-04-22,30.81,12.7,21.59,0.26,0.34,-3.63,26.44,3.9771515495945624
2022-04-23,18.39,5.15,11.67,0.05,0.34,-4.83,26.53,1.6885032806991265
2022-04-24,14.88,2.17,7.92,0.0,0.34,-7.34,26.77,1.3402495058894885
2022-04-25,13.84,-0.44,6.43,0.0,0.34,-8.75,24.3,1.2667611100587028
2022-04-26,22.17,2.31,12.4,0.0,0.34,-5.52,25.83,2.266619092614824
2022-04-27,27.4,9.19,16.63,0.04,0.34,-0.84,16.05,3.0754138681095
2022-04-28,27.21,7.03,17.3,0.0,0.34,-1.67,26.01,3.0690691043993215
2022-04-29,22.84,8.23,14.11,0.41,0.34,-3.91,18.05,2.3250162313581537
2022-04-30,18.42,4.2,10.48,0.0,0.34,-4.76,29.6,1.690214097390876
2022-05-01,22.16,3.17,11.8,8.99,0.34,-0.39,26.97,2.0761459571968026
2022-05-02,8.21,-1.0,4.31,12.21,0.38,0.96,9.06,0.43339326413039303
2022-05-03,17.14,-2.11,7.33,0.01,0.38,-0.74,18.91,1.3763100553136938
2022-05-04,12.62,2.39,6.43,5.05,0.38,2.47,6.86,0.7312123654086329
2022-05-05,18.97,3.23,10.46,1.47,0.39,2.51,20.33,1.4614687886358162
2022-05-06,29.04,8.52,18.63,0.0,0.38,0.72,26.62,3.371389360738774
2022-05-07,31.47,10.75,20.27,0.03,0.37,1.44,21.36,3.936352819830483
2022-05-08,26.07,6.33,17.26,0.0,0.37,1.66,29.08,2.6867195381535236
2022-05-09,30.07,10.09,19.45,0.0,0.37,-3.08,29.74,3.7734208695333233
2022-05-10,25.75,7.68,16.04,0.0,0.36,0.03,30.58,2.699946914333335
2022-05-11,32.51,8.68,21.73,0.0,0.36,-3.18,29.71,4.410446950785179
2022-05-12,26.6,9.15,19.04,0.0,0.36,-7.74,30.48,3.1413181917580806
2022-05-13,25.39,6.58,16.28,0.0,0.35,-5.29,29.96,2.830125595043871
2022-05-14,27.85,8.62,18.75,0.0,0.35,-3.52,29.66,3.2760991716402303
2022-05-15,25.65,10.83,18.6,0.0,0.35,1.79,30.34,2.597409530437726
2022-05-16,29.46,11.36,20.39,0.0,0.35,7.71,24.81,3.061636639172257
2022-05-17,31.89,12.61,21.19,0.71,0.35,5.95,27.16,3.7934220739399405
2022-05-18,29.46,12.31,21.01,1.54,0.35,6.57,20.86,3.140741419079798
2022-05-19,33.12,7.87,22.49,0.01,0.35,3.36,19.32,4.28675803406366
2022-05-20,13.13,1.07,6.39,7.39,0.34,-1.66,10.93,0.9697233193515401
2022-05-21,11.35,0.24,5.2,4.63,0.36,-2.69,19.6,0.8424941934084779
2022-05-22,15.91,2.87,8.51,1.3,0.37,0.1,21.45,1.1926008149514034
2022-05-23,19.15,3.98,11.09,0.37,0.37,1.93,17.05,1.5159266917169658
2022-05-24,11.2,3.76,7.72,2.86,0.37,3.21,8.11,0.5611334632188216
2022-05-25,20.96,1.89,11.71,0.01,0.37,0.62,29.69,1.8419849341242314
2022-05-26,27.95,5.83,18.23,0.0,0.36,0.43,31.24,3.138758802275053
2022-05-27,34.73,12.39,23.08,0.0,0.36,2.24,25.54,4.821460739730969
2022-05-28,32.13,13.64,23.69,0.0,0.36,2.33,20.52,4.067335221107096
2022-05-29,29.08,11.6,20.26,1.86,0.36,4.88,27.67,3.15920278052101
2022-05-30,22.54,9.88,15.8,0.97,0.36,-0.84,28.91,2.1577604408377473
2022-05-31,21.83,7.52,14.48,3.03,0.36,2.48,27.59,1.8864068267709886
2022-06-01,19.94,6.57,12.22,12.26,0.38,5.19,13.58,1.4456624225212005
2022-06-02,21.43,7.6,15.04,0.06,0.38,6.34,20.04,1.5961061125532838
2022-06-03,25.19,8.87,16.91,4.79,0.38,10.36,19.37,1.9459044141074855
2022-06-04,30.56,11.06,21.56,0.2,0.38,7.76,26.35,3.3259127887183437
2022-06-05,30.05,14.41,21.79,0.71,0.37,8.24,24.4,3.164818108671644
2022-06-06,28.84,13.4,20.88,4.15,0.37,10.58,24.07,2.6922764533160812
2022-06-07,27.63,13.5,20.09,5.03,0.38,11.96,23.78,2.3003880677824986
2022-06-08,25.86,9.58,18.0,0.04,0.38,6.47,31.23,2.367744190992305
2022-06-09,30.28,13.79,21.55,0.36,0.37,8.79,20.04,3.179812495048453
2022-06-10,33.52,15.08,24.68,0.53,0.37,7.92,23.96,4.111798229835779
2022-06-11,37.39,18.89,28.59,1.35,0.36,8.39,30.85,5.307740491048173
2022-06-12,36.34,19.7,28.26,0.77,0.36,9.64,25.65,4.854073614596405
2022-06-13,37.58,18.97,29.1,0.0,0.36,0.52,31.62,5.841471189434445
2022-06-14,31.46,13.91,22.08,0.4,0.35,6.05,31.28,3.6732414833914486
2022-06-15,31.37,11.82,20.9,0.08,0.35,2.24,31.57,3.8702432628361834
2022-06-16,35.16,14.68,25.47,0.0,0.35,7.89,30.38,4.607837111463246
2022-06-17,36.47,17.9,27.98,0.0,0.35,6.92,31.24,5.099555336061376
2022-06-18,35.28,18.76,27.61,0.58,0.34,7.46,29.62,4.676335406352303
2022-06-19,35.21,20.55,27.51,0.34,0.34,10.02,26.71,4.458662831852427
2022-06-20,33.28,20.54,26.64,0.32,0.34,8.96,24.06,3.964728309487203
2022-06-21,26.76,16.44,20.64,0.16,0.34,7.58,14.69,2.4729807510894934
2022-06-22,26.9,13.33,21.15,0.04,0.34,8.54,22.31,2.431608898285501
2022-06-23,34.29,16.34,26.02,1.44,0.34,10.3,27.9,4.152885843314781
2022-06-24,34.09,18.53,26.49,0.71,0.34,8.25,27.49,4.25480136011053
2022-06-25,27.19,17.22,21.17,0.01,0.34,8.12,18.0,2.5237076220464605
2022-06-26,22.97,15.41,19.1,0.0,0.34,5.59,19.68,1.8954479649046991
2022-06-27,24.82,13.55,18.6,0.01,0.34,9.85,25.78,1.918297826436814
2022-06-28,34.45,14.04,24.67,0.0,0.34,6.94,31.32,4.456256031723778
2022-06-29,35.48,17.37,26.95,0.0,0.34,5.72,28.77,4.856440886597207
2022-06-30,33.57,18.26,25.92,0.52,0.34,7.85,20.75,4.131363540880687
2022-07-01,27.07,17.31,22.47,1.37,0.34,14.24,22.28,1.956334973115136
2022-07-02,33.95,16.28,25.53,0.07,0.34,11.73,29.04,3.926682079251102
2022-07-03,35.63,21.28,27.52,0.13,0.34,10.92,25.94,4.51569685228585
2022-07-04,37.41,20.66,29.51,0.03,0.34,10.55,27.45,5.142344813058855
2022-07-05,38.49,21.58,29.18,2.1,0.34,9.82,24.77,5.589080917902679
2022-07-06,31.41,18.66,24.38,14.64,0.35,14.31,17.26,2.9674771877566872
2022-07-07,30.87,17.2,23.75,15.35,0.38,15.59,29.77,2.688237037250726
2022-07-08,31.3,17.0,24.09,1.1,0.39,14.1,29.06,2.9608859489016157
2022-07-09,36.8,18.92,28.42,0.11,0.38,13.04,30.2,4.705087402594031
2022-07-10,39.13,20.93,29.56,0.65,0.37,11.79,25.98,5.657148007526693
2022-07-11,29.05,20.07,24.21,0.07,0.37,12.36,28.02,2.5810590413303593
2022-07-12,32.8,17.28,25.06,1.73,0.36,10.58,29.24,3.6974798791533123
2022-07-13,37.18,17.8,28.06,0.01,0.36,10.19,30.02,5.09291142425387
2022-07-14,38.56,20.17,30.12,0.37,0.36,8.06,28.62,5.750847621139122
2022-07-15,37.21,20.79,29.09,2.5,0.35,12.4,28.72,4.906955181961326
2022-07-16,34.63,18.94,26.51,7.78,0.36,14.99,25.12,3.804462399343913
2022-07-17,35.99,18.87,28.05,0.0,0.36,11.25,29.29,4.603050160241674
2022-07-18,37.91,20.22,29.69,0.03,0.36,12.3,26.79,5.162034408232058
2022-07-19,37.5,20.48,28.12,0.99,0.35,10.51,27.33,5.177166333713277
2022-07-20,36.59,18.28,27.21,1.33,0.35,10.92,27.23,4.830285735207704
2022-07-21,36.15,19.57,28.13,0.62,0.35,10.84,29.49,4.691249194971899
2022-07-22,38.2,19.46,28.73,0.42,0.35,7.86,29.72,5.634154736318147
2022-07-23,40.28,20.61,29.78,0.71,0.35,10.41,25.9,6.224280250812529
2022-07-24,31.62,16.66,23.95,17.26,0.35,14.1,25.49,3.044612945538564
2022-07-25,31.23,16.1,23.59,3.49,0.38,15.01,22.59,2.8453101496205004
2022-07-26,34.22,19.19,26.52,1.42,0.38,14.9,23.8,3.690366929460751
2022-07-27,29.83,18.42,24.03,10.26,0.39,16.93,25.72,2.2727164952688708
2022-07-28,22.41,18.45,19.91,29.73,0.43,17.45,16.78,0.7170456085669239
2022-07-29,23.71,16.34,19.53,17.31,0.47,16.05,15.17,1.1082690793633756
2022-07-30,29.13,14.52,21.82,0.06,0.46,15.09,26.24,2.320616647033846
2022-07-31,32.19,17.2,24.53,0.16,0.44,14.38,27.56,3.1676095398857322
2022-08-01,33.79,17.71,25.72,0.16,0.42,12.53,27.95,3.805039526528902
2022-08-02,34.44,20.76,27.33,0.52,0.41,14.5,26.68,3.799749207964976
2022-08-03,32.55,19.54,25.56,1.46,0.4,13.77,27.28,3.3296629323642417
2022-08-04,32.21,18.85,25.5,0.0,0.39,14.63,27.01,3.146346197596974
2022-08-05,35.76,20.0,27.74,0.45,0.38,16.03,27.5,4.041437397015518
2022-08-06,29.73,19.95,24.07,1.17,0.38,16.37,24.88,2.316089081071448
2022-08-07,26.86,18.27,21.95,3.38,0.38,17.55,14.34,1.529853078397513
2022-08-08,28.13,17.22,22.01,2.12,0.39,15.71,25.09,2.0237582551719457
2022-08-09,32.35,16.83,24.58,0.01,0.38,14.26,27.07,3.223849901187391
2022-08-10,32.79,17.91,25.4,0.0,0.38,13.29,27.55,3.444777299186291
2022-08-11,33.07,17.12,24.8,0.0,0.37,10.58,28.22,3.773419812570851
2022-08-12,35.58,15.72,25.95,0.0,0.37,9.28,27.74,4.635493867539209
2022-08-13,35.11,17.31,26.18,0.0,0.36,9.33,27.72,4.483049126123069
2022-08-14,34.58,18.68,26.79,2.98,0.36,11.51,26.65,4.135579962229313
2022-08-15,31.65,18.12,24.01,10.36,0.37,15.16,24.17,2.938546293114375
2022-08-16,27.23,16.89,21.5,1.87,0.38,14.28,12.31,1.9858479829684903
2022-08-17,29.62,14.91,22.04,0.11,0.38,11.76,22.59,2.7709339035521277
2022-08-18,32.61,15.35,23.84,0.0,0.37,9.04,25.95,3.7699824470636027
2022-08-19,31.08,17.2,24.14,0.66,0.37,9.32,23.81,3.3399779054352576
2022-08-20,23.03,16.65,19.59,0.18,0.37,11.81,18.88,1.4294512253305276
2022-08-21,26.02,14.49,20.55,1.42,0.37,13.29,19.94,1.8389947720545892
2022-08-22,30.43,16.42,22.93,0.01,0.37,10.06,24.23,3.11593573184078
2022-08-23,30.62,14.27,22.45,0.0,0.37,7.24,26.63,3.377820122037356
2022-08-24,31.38,15.05,23.25,0.0,0.36,7.24,26.59,3.5722131867195825
2022-08-25,32.07,15.77,23.7,0.0,0.36,6.57,25.69,3.800956970305855
2022-08-26,28.48,16.74,21.32,5.68,0.36,11.16,17.92,2.5601263788946067
2022-08-27,32.39,15.66,23.56,1.43,0.37,9.8,24.73,3.6489697805854764
2022-08-28,34.11,16.86,25.44,0.01,0.37,6.2,23.91,4.4037891009998535
2022-08-29,31.03,15.91,22.77,0.0,0.36,8.64,24.55,3.3798344494003896
2022-08-30,32.49,15.39,23.97,0.0,0.36,9.34,25.21,3.7133279681112636
2022-08-31,30.42,18.48,23.97,3.87,0.36,15.06,19.66,2.6344136028459437
2022-09-01,32.92,16.57,24.31,0.0,0.36,7.74,25.0,3.9537000884844313
2022-09-02,35.49,17.83,26.0,0.07,0.36,6.48,22.06,4.810114856936234
2022-09-03,31.48,16.11,23.86,0.46,0.36,9.85,23.78,3.401154168502232
2022-09-04,32.37,15.23,23.7,0.0,0.36,9.81,24.53,3.642681564911849
2022-09-05,33.98,16.08,24.37,0.0,0.35,7.46,24.34,4.2793923702981855
2022-09-06,36.77,18.15,27.03,0.0,0.35,5.58,22.64,5.2883674053465946
2022-09-07,36.21,18.88,26.88,0.0,0.35,4.51,22.99,5.1668725938333
2022-09-08,36.12,18.71,26.4,0.0,0.35,5.77,22.15,5.059901793177826
2022-09-09,23.36,11.74,17.19,0.34,0.35,8.63,13.86,1.7515180639102688
2022-09-10,14.93,7.63,11.24,2.47,0.35,6.59,4.66,0.7236758124649461
2022-09-11,24.03,6.79,14.69,0.01,0.35,6.05,23.94,2.050943418212466
2022-09-12,32.15,10.74,20.79,0.0,0.35,-1.62,24.28,4.252796496772679
2022-09-13,32.68,12.42,22.66,0.0,0.35,-1.13,23.26,4.378202808380988
2022-09-14,29.28,17.35,21.81,4.5,0.35,11.55,13.74,2.7094673115641834
2022-09-15,25.33,14.28,19.14,2.43,0.36,12.56,19.98,1.7753787746430931
2022-09-16,29.26,12.32,21.09,0.02,0.36,9.18,20.77,2.9041628537411235
2022-09-17,29.19,13.55,20.95,0.01,0.36,6.74,22.19,3.0657584531835114
2022-09-18,30.36,11.46,20.44,0.0,0.35,5.74,21.29,3.413059676678184
2022-09-19,33.8,14.48,23.99,0.0,0.35,4.9,19.86,4.39407094682609
2022-09-20,33.99,16.55,24.88,0.0,0.35,5.97,19.66,4.383130220994766
2022-09-21,19.67,10.5,13.88,9.55,0.36,7.84,6.0,1.229804927952125
2022-09-22,16.48,10.46,12.52,3.03,0.37,9.48,5.14,0.6889649360652248
2022-09-23,27.89,9.34,18.18,0.02,0.37,4.16,20.62,2.9333226588026013
2022-09-24,28.63,10.56,18.67,0.0,0.37,0.26,21.11,3.2983657915823845
2022-09-25,24.89,8.57,16.32,0.0,0.37,2.93,20.79,2.3930710493206546
2022-09-26,28.06,10.19,18.91,0.0,0.36,2.61,20.92,3.056109115404856
2022-09-27,28.31,10.9,19.01,0.0,0.36,3.24,19.75,3.077925620587221
2022-09-28,27.59,11.12,18.93,0.0,0.36,5.7,19.72,2.7747614394789863
2022-09-29,30.87,11.92,20.72,0.09,0.36,6.08,18.75,3.519147978320281
2022-09-30,29.07,12.92,20.4,0.05,0.36,7.42,19.09,2.9907886544615834
2022-10-01,25.39,11.11,17.78,1.88,0.36,8.05,18.49,2.165688805940596
2022-10-02,25.45,13.77,19.11,0.53,0.36,6.85,12.99,2.262100897464844
2022-10-03,22.01,11.56,16.23,0.17,0.36,7.6,11.04,1.6016517040861054
2022-10-04,22.05,9.77,14.94,0.32,0.36,6.78,15.32,1.6651754261810474
2022-10-05,21.99,8.49,14.97,0.0,0.36,3.88,17.05,1.8359023616652643
2022-10-06,23.16,9.58,15.55,0.01,0.36,2.31,18.84,2.115290403985066
2022-10-07,11.63,3.46,7.1,0.05,0.36,2.51,6.78,0.6368938444739326
2022-10-08,19.59,4.31,11.26,0.0,0.35,3.81,17.36,1.4771404582824177
2022-10-09,23.53,6.72,14.14,0.0,0.35,1.28,18.54,2.230670469905677
2022-10-10,25.14,8.27,16.05,0.0,0.35,1.05,17.9,2.535207917781523
2022-10-11,25.94,7.22,16.16,0.0,0.35,0.15,17.51,2.7320356995531356
2022-10-12,21.06,5.21,11.23,0.0,0.35,-0.59,17.71,1.9111202909902583
2022-10-13,18.45,3.57,10.18,0.0,0.35,-1.86,18.01,1.5902163912777083
2022-10-14,23.66,6.78,14.16,0.0,0.35,-2.7,17.72,2.4228611075554856
2022-10-15,19.08,5.87,11.92,0.0,0.35,1.11,16.46,1.546443641918383
2022-10-16,15.88,3.82,9.21,0.0,0.35,1.3,13.23,1.133332740658358
2022-10-17,17.3,1.81,8.47,0.0,0.35,-3.65,16.96,1.5085048723256296
2022-10-18,19.27,1.46,9.24,0.0,0.35,-2.64,16.92,1.731738218042688
2022-10-19,23.7,4.47,12.61,0.0,0.35,-4.57,17.05,2.495476253092617
2022-10-20,25.51,5.57,14.5,0.0,0.35,-5.27,16.39,2.8526751111960493
2022-10-21,25.29,10.83,16.57,0.0,0.35,-4.96,14.47,2.800453950485728
2022-10-22,24.72,8.71,16.15,0.0,0.34,-3.6,16.2,2.647201826438553
2022-10-23,23.76,3.71,14.08,0.19,0.34,0.54,15.12,2.3059769552421563
2022-10-24,11.18,1.78,5.35,0.0,0.34,-6.85,14.86,0.9629442416897231
2022-10-25,16.98,0.63,8.49,0.0,0.34,-5.8,15.38,1.5390082184038172
2022-10-26,15.43,5.12,8.36,0.25,0.34,-2.34,10.96,1.2388497184404959
2022-10-27,12.94,2.16,6.43,0.0,0.34,-1.56,10.78,0.9470658815531717
2022-10-28,16.6,-1.36,7.0,0.0,0.34,-3.56,15.25,1.4196198035659837
2022-10-29,17.88,0.75,8.66,0.0,0.34,-3.52,15.05,1.5775243664985596
2022-10-30,17.0,1.55,8.59,0.0,0.34,-5.19,14.03,1.5225914098154492
2022-10-31,19.86,2.71,10.12,0.0,0.34,-4.33,14.64,1.8749967760250164
2022-11-01,22.56,3.29,12.01,0.0,0.34,-5.6,14.27,2.3331645493533855
2022-11-02,22.44,8.58,14.37,0.0,0.34,-4.39,11.28,2.2745807404968343
2022-11-03,9.96,-2.06,5.49,0.17,0.34,-2.55,10.92,0.7183534027819833
2022-11-04,6.41,-4.88,0.03,0.01,0.34,-7.2,13.06,0.6061834603425804
2022-11-05,17.94,-1.65,8.15,0.0,0.34,-6.06,12.38,1.667758396209567
2022-11-06,11.64,1.35,5.76,0.0,0.34,-6.47,11.32,0.9931952128608302
2022-11-07,14.93,0.24,6.75,0.0,0.34,-1.52,7.1,1.1512301223893653
2022-11-08,22.74,6.61,13.3,0.03,0.34,1.48,10.91,2.085749712948879
2022-11-09,22.74,0.01,12.86,0.0,0.34,0.8,12.59,2.1182680493809083
2022-11-10,10.7,-4.29,2.43,0.0,0.34,-7.17,13.3,0.930134391922024
2022-11-11,3.66,-6.06,-2.58,0.05,0.34,-11.63,12.46,0.5431791351450097
2022-11-12,9.29,-5.9,0.56,0.0,0.34,-11.96,12.75,0.9265053781576659
2022-11-13,9.69,-4.63,1.08,0.0,0.34,-10.85,10.85,0.9356707946682188
2022-11-14,2.52,-5.72,-2.92,0.0,0.34,-10.78,11.44,0.4638245714889447
2022-11-15,2.44,-5.43,-2.66,0.0,0.34,-11.01,10.79,0.4645528271348943
2022-11-16,3.24,-4.62,-1.51,0.04,0.34,-10.25,7.92,0.49067597952620184
2022-11-17,-0.91,-7.31,-3.88,0.44,0.35,-10.43,6.73,0.2954008018802849
2022-11-18,-2.75,-9.92,-7.2,0.06,0.35,-15.0,9.54,0.30837839536500045
2022-11-19,4.25,-9.1,-2.96,0.0,0.35,-15.05,12.13,0.6380091986198133
2022-11-20,9.29,-5.8,0.16,0.0,0.35,-13.93,12.28,0.9627004023440853
2022-11-21,10.9,-3.13,1.43,0.0,0.35,-12.44,11.53,1.0690723880982689
2022-11-22,10.1,-1.57,1.93,0.0,0.35,-10.71,11.55,0.9661982369040827
2022-11-23,11.59,-1.33,3.37,0.0,0.35,-9.25,10.6,1.0619277685365294
2022-11-24,5.95,-2.94,0.16,0.0,0.35,-5.19,9.27,0.5167394272418191
2022-11-25,13.15,-3.33,3.19,0.0,0.35,-9.96,11.26,1.2259117660817884
2022-11-26,13.39,-0.86,4.64,0.01,0.35,-5.89,10.8,1.142863963972233
2022-11-27,8.75,-1.86,1.71,0.09,0.35,-4.39,10.06,0.6877212074184613
2022-11-28,13.67,-3.63,4.55,0.1,0.35,-8.22,8.81,1.2360133934405635
2022-11-29,-4.07,-7.21,-5.92,0.58,0.35,-11.27,4.09,0.1936865604312379
2022-11-30,3.76,-5.96,-2.78,0.0,0.35,-14.29,10.73,0.5976499858931407
2022-12-01,14.51,-2.09,5.39,0.0,0.35,-6.73,10.64,1.283328456648778
2022-12-02,15.5,-6.71,3.7,0.0,0.35,-8.44,9.92,1.4379497062330022
2022-12-03,7.3,-7.04,-0.46,0.0,0.35,-11.59,5.32,0.7710519386945511
2022-12-04,9.03,-0.58,3.08,0.0,0.35,-6.58,8.25,0.777142725227594
2022-12-05,10.12,-2.55,3.21,0.0,0.35,-3.12,8.31,0.7526143356278675
2022-12-06,9.45,-3.26,2.22,0.0,0.35,-6.49,8.21,0.8075911270037957
2022-12-07,10.65,-2.25,2.4,0.0,0.35,-8.95,9.82,0.9720768054638211
2022-12-08,8.48,-3.63,0.7,0.0,0.35,-8.06,9.87,0.7755413013135126
2022-12-09,7.68,-3.87,0.2,0.0,0.35,-11.54,10.21,0.7969647740990536
2022-12-10,7.86,-4.01,0.27,0.0,0.35,-9.68,10.19,0.7695372252387425
2022-12-11,15.81,-2.48,5.83,0.0,0.35,-10.34,10.05,1.5182397729346195
2022-12-12,10.55,-1.73,4.98,0.45,0.35,-7.25,3.66,0.9195313769429696
2022-12-13,-3.06,-7.77,-6.06,3.82,0.35,-10.6,3.1,0.21504035575163316
2022-12-14,-1.57,-6.33,-4.38,0.11,0.35,-10.13,5.67,0.2616567515300719
2022-12-15,-1.16,-7.93,-4.94,0.0,0.35,-12.65,5.63,0.33014666107111956
2022-12-16,-0.28,-8.53,-5.04,0.0,0.35,-15.23,8.03,0.4116050884521115
2022-12-17,1.26,-9.03,-4.98,0.0,0.35,-15.52,8.17,0.4867293281360252
2022-12-18,5.77,-8.57,-2.71,0.0,0.35,-12.92,7.28,0.6943657566268531
2022-12-19,6.01,-8.39,-3.07,0.0,0.35,-10.94,9.89,0.6706565323763677
2022-12-20,5.59,-6.45,-1.75,0.0,0.35,-9.93,9.23,0.6215945817624946
2022-12-21,8.18,-20.23,-2.5,1.02,0.35,-11.31,4.41,0.8286337000630262
2022-12-22,-17.72,-25.21,-21.08,0.32,0.35,-28.16,5.7,0.09187089732077278
2022-12-23,-10.55,-20.08,-15.13,0.0,0.35,-22.79,7.02,0.17597408781917767
2022-12-24,6.18,-11.77,-2.6,0.0,0.35,-7.98,8.7,0.6119377592562479
2022-12-25,10.65,-3.67,1.69,0.02,0.35,-3.73,7.5,0.8189055029613026
2022-12-26,6.92,-2.64,0.95,0.17,0.35,-2.89,9.48,0.5027063713977666
2022-12-27,15.62,1.41,6.27,0.05,0.35,-3.14,8.1,1.2900872024280168
2022-12-28,7.59,-0.38,3.49,7.21,0.35,0.32,2.92,0.41800631759682694
2022-12-29,3.2,-7.09,-1.84,6.4,0.36,-7.15,4.24,0.41140706719490194
2022-12-30,5.21,-7.31,-1.73,0.0,0.37,-10.52,9.31,0.611041049694222
2022-12-31,11.19,-2.54,3.24,0.0,0.37,-5.09,9.51,0.9110790292806327
2023-01-01,4.22,-2.58,-0.2,0.58,0.37,-1.72,7.02,0.28749880038712206
2023-01-02,-1.02,-4.75,-2.98,5.12,0.37,-4.63,4.92,0.13375935244389758
2023-01-03,-3.24,-8.09,-5.28,0.29,0.37,-7.62,6.23,0.13652122128903782
2023-01-04,1.99,-8.33,-3.77,0.0,0.37,-10.71,9.77,0.4351193112395557
2023-01-05,3.69,-8.44,-2.99,0.0,0.37,-10.81,9.19,0.5278166536681976
2023-01-06,5.33,-5.85,-1.14,0.45,0.37,-5.4,9.99,0.48405713531631794
2023-01-07,6.31,-4.29,-0.46,0.32,0.38,-4.0,9.85,0.5011092315539708
2023-01-08,8.87,-2.74,1.22,0.0,0.38,-6.99,10.59,0.7763880391965137
2023-01-09,11.32,-0.65,2.77,0.0,0.38,-6.81,10.88,0.9742100323089167
2023-01-10,13.24,0.71,5.08,0.0,0.38,-3.52,10.13,1.0505044873215745
2023-01-11,1.29,-2.95,-0.98,3.76,0.38,-3.22,6.48,0.1889376398032755
2023-01-12,7.12,-5.24,-0.57,0.01,0.38,-5.89,10.82,0.616596059928098
2023-01-13,10.68,-3.59,1.64,0.0,0.38,-6.9,10.38,0.9208999238673423
2023-01-14,13.05,-0.34,5.16,0.0,0.38,-3.85,7.61,1.0432602780289368
2023-01-15,5.52,-1.14,1.25,0.42,0.38,-3.57,8.45,0.43530551682692886
2023-01-16,9.51,-2.93,1.46,0.04,0.38,-5.69,10.4,0.7886074397942111
2023-01-17,4.74,-3.48,-0.75,5.42,0.37,-4.43,7.19,0.41684324252750565
2023-01-18,-3.26,-5.31,-4.52,4.37,0.37,-6.88,2.62,0.11549045352063919
2023-01-19,3.91,-7.04,-2.34,0.0,0.38,-9.77,10.86,0.5171578455846341
2023-01-20,0.4,-5.35,-3.07,1.09,0.38,-7.91,9.5,0.2920912239151923
2023-01-21,-1.68,-6.6,-4.81,3.43,0.38,-7.04,8.22,0.17979994981116226
2023-01-22,1.41,-8.0,-4.19,0.08,0.38,-7.75,12.06,0.33545683975613233
2023-01-23,1.76,-7.18,-3.69,0.0,0.38,-7.63,9.96,0.3494784218038357
2023-01-24,-0.73,-9.3,-5.48,0.0,0.38,-8.67,11.18,0.2617964543627712
2023-01-25,-1.62,-7.99,-4.46,0.14,0.38,-8.82,10.89,0.22883742961833042
2023-01-26,3.5,-6.64,-1.77,0.02,0.38,-10.71,11.28,0.5150638071371914
2023-01-27,6.35,-4.38,0.06,0.0,0.38,-8.23,12.12,0.6295910002424134
2023-01-28,-1.6,-11.77,-4.69,0.17,0.38,-8.07,8.49,0.21068423140707027
2023-01-29,-8.86,-18.79,-13.77,0.27,0.38,-17.2,7.28,0.15420045826889822
2023-01-30,-15.76,-19.24,-17.61,0.06,0.38,-20.57,9.76,0.06020083280231238
2023-01-31,-1.55,-16.15,-10.09,0.0,0.38,-15.5,13.82,0.36252970143298613
2023-02-01,5.76,-11.25,-2.98,0.0,0.38,-11.73,13.9,0.6708721429409418
2023-02-02,6.56,-5.67,-0.74,0.0,0.38,-7.92,13.72,0.6355307978837375
2023-02-03,14.19,-2.09,3.28,0.0,0.38,-9.55,13.83,1.322349731795656
2023-02-04,12.27,-1.85,3.22,0.0,0.38,-8.3,12.47,1.1011013055244734
2023-02-05,11.0,-1.28,3.51,0.24,0.38,-6.93,9.91,0.949405503383156
2023-02-06,7.26,-2.9,0.94,0.0,0.38,-6.09,12.06,0.6323212656326914
2023-02-07,8.25,-3.75,0.67,0.0,0.37,-6.97,14.57,0.7289842408297584
2023-02-08,9.37,-4.18,0.92,0.04,0.37,-8.3,14.76,0.8504449673237229
2023-02-09,0.13,-7.09,-3.24,0.26,0.37,-10.11,9.0,0.3333753240966896
2023-02-10,4.91,-6.99,-1.91,0.0,0.37,-14.69,15.32,0.6714310237182255
2023-02-11,13.46,-2.77,3.26,0.0,0.37,-10.51,14.9,1.2690804227032002
2023-02-12,9.45,-1.65,2.65,0.0,0.37,-6.86,14.65,0.8181546120279747
2023-02-13,15.73,-0.94,5.35,0.0,0.37,-6.55,14.28,1.4130553155950403
2023-02-14,9.01,-4.94,1.38,0.46,0.37,-8.38,14.14,0.8242432195097075
2023-02-15,-4.74,-9.81,-7.8,6.66,0.37,-12.31,7.05,0.19213739793178866
2023-02-16,-2.34,-11.64,-7.81,0.24,0.37,-15.31,13.32,0.3286625261900017
2023-02-17,9.52,-9.86,-0.57,0.0,0.37,-11.37,15.17,0.9328980001372644
2023-02-18,10.71,-1.4,2.98,0.0,0.38,-9.18,12.09,0.9827814570062601
2023-02-19,11.46,-2.44,2.61,0.0,0.38,-8.75,15.29,1.0380756424128919
2023-02-20,13.28,-1.0,5.02,0.0,0.38,-6.71,11.17,1.1558978313849089
2023-02-21,17.05,-1.6,6.04,0.0,0.37,-5.19,15.55,1.5287398251180884
2023-02-22,-2.09,-12.93,-9.99,0.65,0.37,-14.09,10.06,0.3185784014850736
2023-02-23,-0.68,-18.86,-10.73,0.02,0.37,-16.44,17.4,0.41233437139196566
2023-02-24,8.43,-13.45,-4.7,0.0,0.37,-11.8,16.71,0.8571803363003925
2023-02-25,10.68,-3.15,2.16,0.0,0.37,-8.59,16.34,0.9657499582612223
2023-02-26,18.83,-0.9,6.74,0.0,0.37,-4.17,15.81,1.7257176111860915
2023-02-27,12.52,-3.1,4.03,0.0,0.37,-8.98,18.07,1.1417099247379192
2023-02-28,12.13,-3.19,3.34,0.0,0.37,-11.12,19.04,1.1533239592198816
2023-03-01,4.05,-4.62,-0.48,0.0,0.37,-13.03,8.72,0.5921850921571613
2023-03-02,7.29,-5.05,-0.26,0.0,0.37,-7.21,17.3,0.6664563377849968
2023-03-03,10.42,-2.61,2.39,2.42,0.37,-5.84,15.64,0.8678973950120638
2023-03-04,4.27,-5.25,-0.17,0.02,0.37,-6.32,16.25,0.44806185019881745
2023-03-05,15.57,-3.89,4.21,0.0,0.37,-7.79,19.44,1.4290631583772777
2023-03-06,6.02,-5.12,-0.65,0.0,0.37,-9.11,18.73,0.629879285275388
2023-03-07,2.2,-5.65,-3.16,0.01,0.37,-7.12,5.22,0.3577927254737725
2023-03-08,3.87,-5.21,-1.81,0.03,0.37,-6.88,5.52,0.4411359583293253
2023-03-09,9.79,-4.43,0.75,0.01,0.37,-8.37,19.99,0.8859420558866851
2023-03-10,13.26,-4.88,3.37,0.0,0.37,-3.93,11.83,1.0667752811267956
2023-03-11,11.88,-2.47,4.87,0.0,0.37,-6.56,14.38,1.0176825799141846
2023-03-12,5.83,-5.81,-0.75,0.0,0.37,-8.64,17.46,0.6061081300705198
2023-03-13,10.22,-6.03,1.01,0.0,0.36,-7.6,20.99,0.9012457993331243
2023-03-14,17.96,-3.13,7.38,0.0,0.36,-6.98,20.66,1.6968955808740886
2023-03-15,21.76,3.39,12.38,0.24,0.36,-0.8,18.36,2.0293607972482546
2023-03-16,4.51,-5.93,-0.6,0.16,0.36,-8.34,9.61,0.5173105014353441
2023-03-17,5.55,-7.39,-1.85,0.0,0.36,-13.03,19.82,0.6824310138466644
2023-03-18,4.37,-7.35,-2.75,0.0,0.36,-15.52,23.29,0.6522803954938676
2023-03-19,12.35,-5.92,2.23,0.0,0.36,-13.86,22.59,1.2260174526567011
2023-03-20,11.83,-0.95,4.63,0.0,0.36,-7.91,19.51,1.0501985161284106
2023-03-21,13.75,-2.25,5.54,0.0,0.36,-9.11,15.94,1.2663279998870816
2023-03-22,21.03,-2.39,6.55,0.01,0.36,-2.17,19.09,1.970781697934523
2023-03-23,14.0,-3.5,5.46,0.52,0.36,-6.3,22.01,1.2172350345316016
2023-03-24,9.15,-0.32,3.79,3.09,0.36,-3.43,16.55,0.6856154009595273
2023-03-25,4.26,-5.82,-0.6,3.26,0.36,-8.48,12.12,0.5062009333383147
2023-03-26,6.62,-6.38,0.07,1.46,0.37,-11.0,21.12,0.7121842235056746
2023-03-27,3.39,-7.06,-3.23,2.87,0.37,-7.84,7.52,0.4404380314504067
2023-03-28,8.82,-7.11,0.49,0.0,0.37,-11.52,23.17,0.8811211673537045
2023-03-29,9.45,-3.62,1.14,0.0,0.37,-7.91,21.98,0.8467116274611413
2023-03-30,21.42,-3.92,9.43,0.0,0.37,-6.94,22.88,2.1888655509562076
2023-03-31,12.06,-0.28,5.69,0.0,0.37,-9.1,21.43,1.101355556474301
2023-04-01,18.45,-1.82,8.67,0.0,0.37,-7.86,25.05,1.7850832283964193
2023-04-02,21.18,3.82,12.16,0.0,0.36,-5.23,23.21,2.100759441410772
2023-04-03,18.35,1.18,8.76,0.0,0.36,-1.55,25.0,1.564612298739947
2023-04-04,9.8,-6.11,1.67,0.04,0.36,-7.09,11.09,0.852757693474129
2023-04-05,7.77,-7.86,0.28,0.01,0.36,-11.85,24.75,0.8096610050591825
2023-04-06,12.4,-3.26,4.27,0.0,0.36,-11.94,25.27,1.195352743160278
2023-04-07,20.82,-2.48,9.41,0.0,0.36,-9.02,24.22,2.1509367836140254
2023-04-08,22.23,4.3,13.94,0.0,0.36,-4.21,18.51,2.23409616445152
2023-04-09,21.41,4.9,12.96,0.0,0.36,-0.15,22.15,1.9461674912204217
2023-04-10,24.31,5.39,14.42,0.0,0.35,-2.63,26.12,2.5365742384504375
2023-04-11,28.73,5.84,16.78,0.0,0.35,-4.37,26.53,3.5018390038967357
2023-04-12,31.11,9.94,20.37,0.0,0.35,-2.36,25.57,4.007282652700073
2023-04-13,28.2,12.79,19.59,0.0,0.35,-0.74,18.83,3.2454940885487575
2023-04-14,14.21,1.83,9.02,2.61,0.35,1.44,5.78,0.9426638723807245
2023-04-15,8.5,-0.54,3.98,0.19,0.35,-5.07,16.82,0.6909101279683402
2023-04-16,17.18,-2.6,7.58,0.0,0.35,-8.88,26.12,1.6478244486009879
2023-04-17,23.34,2.02,13.18,0.0,0.35,-7.02,26.48,2.506942419444164
2023-04-18,26.23,5.95,16.47,0.0,0.35,-6.57,20.78,3.0338801483228592
2023-04-19,19.7,1.94,10.25,0.46,0.35,-4.35,26.12,1.8527804228575206
2023-04-20,11.25,-1.07,5.19,0.0,0.35,-11.38,25.18,1.0787729032357698
2023-04-21,12.33,-2.2,5.21,0.08,0.35,-10.16,21.87,1.1512716607647326
2023-04-22,8.07,-3.01,2.39,0.11,0.35,-8.86,23.48,0.7652841334859757
2023-04-23,14.42,-3.33,6.2,0.0,0.35,-6.84,24.14,1.2768587470456019
2023-04-24,18.82,1.11,10.17,0.02,0.34,-2.24,23.19,1.6547242337389134
2023-04-25,13.6,4.23,7.78,3.69,0.35,3.38,4.92,0.7791308298427956
2023-04-26,13.4,3.64,7.19,3.55,0.36,1.71,11.85,0.8462837500614208
2023-04-27,21.06,2.94,11.15,1.32,0.36,0.7,22.13,1.8535594435640521
2023-04-28,12.28,2.61,6.6,0.03,0.36,-4.0,17.56,0.9744102414409936
2023-04-29,21.87,1.9,12.62,0.0,0.36,-2.28,27.66,2.106474885608709
2023-04-30,20.37,3.16,11.59,0.0,0.35,-3.9,28.56,1.9346847997322694
2023-05-01,22.99,2.05,12.38,0.0,0.35,-3.96,29.26,2.352108669523715
2023-05-02,20.88,4.65,12.8,0.54,0.35,1.04,26.59,1.810125474518204
2023-05-03,25.09,7.83,16.22,0.81,0.35,5.81,22.0,2.2619195474968254
2023-05-04,23.97,11.47,17.42,0.45,0.35,7.11,20.06,1.9690976982835788
2023-05-05,27.21,8.54,17.53,0.7,0.35,3.24,27.18,2.8387311041581924
2023-05-06,25.69,6.89,17.05,0.09,0.35,-0.76,28.72,2.7224993604318417
2023-05-07,25.71,7.08,16.36,0.33,0.35,2.2,22.84,2.5884379481625928
2023-05-08,25.05,8.14,16.91,1.89,0.35,4.78,27.78,2.3182192187975046
2023-05-09,28.83,7.16,18.38,0.02,0.35,4.73,27.53,3.110486552263069
2023-05-10,27.21,10.95,18.62,10.1,0.35,9.43,17.16,2.4276623448742045
2023-05-11,19.29,9.55,14.24,40.63,0.42,10.7,6.07,0.9507001274488043
2023-05-12,16.59,7.4,12.0,2.59,0.44,7.35,18.17,0.8617588446591113
2023-05-13,18.12,7.14,12.78,0.27,0.43,7.24,16.71,1.0611246345986294
2023-05-14,18.67,8.98,13.11,4.35,0.43,9.34,11.17,0.9778613868208705
2023-05-15,19.32,7.92,13.11,0.26,0.42,7.16,11.12,1.2287277771480423
2023-05-16,26.31,8.78,17.62,0.9,0.41,7.91,27.25,2.357322355568264
2023-05-17,26.44,9.81,18.77,3.96,0.41,8.5,27.52,2.3400153892254982
2023-05-18,18.75,11.15,15.08,12.18,0.42,11.83,17.4,0.7764354442410344
2023-05-19,17.84,8.93,12.51,0.61,0.42,7.27,17.0,1.0227310547159942
2023-05-20,21.72,6.56,14.73,0.06,0.42,7.46,24.04,1.565196301669392
2023-05-21,23.0,10.98,16.79,0.22,0.41,8.76,21.23,1.6798588183009542
2023-05-22,22.86,10.81,16.75,0.02,0.4,9.73,23.27,1.5798143783030536
2023-05-23,23.54,12.01,17.32,0.01,0.4,10.89,24.68,1.5993701246436303
2023-05-24,21.79,12.71,16.85,6.77,0.39,12.09,20.27,1.1993687065212202
2023-05-25,23.15,12.86,17.37,1.59,0.4,12.19,25.3,1.4147948793072822
2023-05-26,25.0,14.33,18.65,3.84,0.4,13.5,26.43,1.6203104747273895
2023-05-27,22.9,12.53,17.78,6.22,0.4,12.94,26.76,1.3005872261198372
2023-05-28,26.18,11.89,19.05,2.92,0.41,8.98,23.49,2.250863161763478
2023-05-29,29.51,13.5,20.98,0.78,0.4,9.72,28.76,2.9201480722610875
2023-05-30,29.65,13.26,21.37,1.35,0.39,10.49,25.64,2.88975474302087
2023-05-31,29.07,14.05,21.61,0.25,0.39,9.7,26.62,2.8184162748837203
2023-06-01,23.98,14.69,18.54,3.41,0.39,11.12,24.95,1.6571154214423287
2023-06-02,25.16,12.28,17.87,1.95,0.39,10.42,21.44,1.93514032349712
2023-06-03,17.47,10.19,13.97,9.6,0.4,10.59,8.41,0.7188389662165882
2023-06-04,19.53,12.13,15.5,8.28,0.41,12.19,15.36,0.8508768641118638
2023-06-05,24.07,11.47,17.27,0.37,0.41,10.35,25.92,1.7394160412333808
2023-06-06,25.61,10.76,18.68,0.31,0.4,9.95,28.87,2.0608637858331074
2023-06-07,26.68,12.73,20.37,0.03,0.4,11.45,27.83,2.1464505795809234
2023-06-08,25.66,14.78,20.49,1.58,0.39,11.03,24.67,1.979133979691595
2023-06-09,25.89,14.52,19.75,3.76,0.39,12.04,23.89,1.9333763327614621
2023-06-10,25.73,12.87,19.44,3.98,0.4,11.35,28.89,1.9645919756859642
2023-06-11,20.79,12.49,16.05,11.13,0.4,11.38,18.6,1.108862772561365
2023-06-12,16.33,11.51,13.78,24.04,0.44,11.94,9.1,0.45994430470950864
2023-06-13,18.09,10.11,14.2,3.57,0.46,9.84,20.96,0.8608393300155484
2023-06-14,25.12,9.05,17.76,0.0,0.45,8.72,29.09,2.06396705655476
2023-06-15,25.39,13.0,19.02,3.41,0.44,11.13,16.6,1.9180154073241966
2023-06-16,22.11,11.38,16.56,24.46,0.44,12.77,22.27,1.1863249001290166
2023-06-17,22.06,9.91,14.63,4.74,0.48,10.06,23.25,1.4207072305313724
2023-06-18,28.7,10.17,19.93,0.0,0.46,7.98,31.42,2.86544507346522
2023-06-19,31.89,13.63,23.2,0.0,0.45,9.48,31.53,3.539475805178361
2023-06-20,29.46,13.08,21.25,0.0,0.43,9.12,24.47,2.9559996246893463
2023-06-21,30.14,14.53,22.76,12.13,0.42,12.35,23.84,2.841993059022286
2023-06-22,25.17,16.17,20.22,10.86,0.45,16.59,25.45,1.3120454437447677
2023-06-23,30.46,16.19,22.67,0.4,0.45,14.76,26.69,2.677134873519845
2023-06-24,29.2,10.72,20.87,0.0,0.43,4.31,32.96,3.221030661785636
2023-06-25,27.78,10.86,19.64,0.0,0.42,9.27,31.02,2.5626098924204266
2023-06-26,30.77,13.2,22.28,0.01,0.41,12.84,30.09,2.9519325428028167
2023-06-27,34.65,15.61,25.37,0.02,0.4,11.14,23.54,4.189839576693914
2023-06-28,31.83,14.66,23.02,0.93,0.4,12.3,28.9,3.2787372465226268
2023-06-29,29.67,16.41,22.46,3.46,0.39,12.54,23.42,2.710116617977466
2023-06-30,24.24,14.64,18.77,2.97,0.4,13.56,19.44,1.4736458329874063
2023-07-01,27.74,13.38,20.43,0.0,0.39,9.3,30.44,2.551546423010148
2023-07-02,31.96,14.66,23.69,0.05,0.39,8.84,29.95,3.608328383749215
2023-07-03,33.7,15.8,25.48,0.01,0.38,9.04,30.67,4.079883817224222
2023-07-04,32.61,15.49,23.19,8.85,0.38,12.15,26.25,3.504651999615654
2023-07-05,26.05,12.85,19.25,1.25,0.39,12.76,12.55,1.8969696145547683
2023-07-06,27.99,15.37,21.18,3.63,0.39,15.08,13.06,2.0635806266431107
2023-07-07,27.06,16.29,21.01,1.58,0.39,13.31,25.32,2.049494807159677
2023-07-08,25.1,13.57,18.51,3.77,0.39,12.41,14.52,1.7457600577692762
2023-07-09,29.51,12.86,20.85,1.84,0.4,13.22,29.35,2.6057977634678346
2023-07-10,35.17,16.47,25.62,0.56,0.39,13.18,27.8,4.160229991753458
2023-07-11,36.54,17.66,27.5,0.0,0.39,9.3,29.41,4.9477581464970815
2023-07-12,33.04,19.03,26.02,0.05,0.38,10.3,30.52,3.788576994484145
2023-07-13,34.63,19.11,26.43,0.84,0.38,15.24,18.77,3.776835678285358
2023-07-14,30.1,18.49,24.7,0.1,0.37,13.47,25.74,2.7230179369609733
2023-07-15,29.81,15.91,23.5,0.86,0.37,14.68,27.28,2.5265140406943596
2023-07-16,33.69,17.72,25.48,0.12,0.37,9.68,30.16,4.026254010553306
2023-07-17,36.79,17.64,27.31,0.0,0.37,8.09,29.43,5.1240346541999955
2023-07-18,36.63,20.34,28.2,0.23,0.36,9.74,27.88,4.942725487588596
2023-07-19,36.04,19.91,26.61,3.12,0.36,13.95,21.5,4.3606234475981065
2023-07-20,27.43,15.1,21.22,28.77,0.38,17.25,11.77,1.6876343494720623
2023-07-21,28.3,14.27,20.86,3.49,0.42,13.78,23.98,2.2705368816253686
2023-07-22,31.59,15.45,23.66,0.05,0.41,12.02,28.97,3.2413011418418174
2023-07-23,36.13,17.29,26.83,0.05,0.4,11.04,27.5,4.667295718218062
2023-07-24,37.33,18.67,28.17,0.03,0.39,10.17,29.1,5.146460745440839
2023-07-25,38.47,20.02,28.78,0.39,0.39,11.24,27.47,5.46117996322127
2023-07-26,37.97,20.14,27.25,3.67,0.38,13.46,25.95,5.070579657450834
2023-07-27,36.3,17.26,27.18,0.18,0.38,10.15,28.65,4.799127035534626
2023-07-28,36.11,17.73,27.58,1.02,0.38,10.51,26.92,4.70638314339526
2023-07-29,34.49,18.55,26.52,0.25,0.37,12.63,27.96,4.004209599956358
2023-07-30,37.47,20.73,29.23,0.0,0.37,11.14,27.94,5.1122604354415495
2023-07-31,33.87,19.77,26.49,2.49,0.37,12.95,25.86,3.7879995385834464
2023-08-01,34.4,17.76,26.37,6.42,0.37,13.88,26.2,3.8526806336099213
2023-08-02,33.7,19.15,26.46,3.34,0.38,12.33,27.2,3.7976733534556124
2023-08-03,31.53,18.98,24.78,6.2,0.38,15.01,24.56,2.923495091148279
2023-08-04,31.65,18.11,24.41,4.6,0.39,14.08,26.69,3.0546156967691616
2023-08-05,30.46,15.64,23.29,7.8,0.39,14.15,21.33,2.7420765351473473
2023-08-06,25.77,12.44,19.21,1.39,0.4,9.8,25.65,2.1044050053467154
2023-08-07,29.62,14.47,21.36,1.47,0.39,11.76,25.09,2.7709339035521277
2023-08-08,32.29,15.25,22.76,3.58,0.39,12.4,23.76,3.3932625609975027
2023-08-09,28.24,15.99,21.29,1.16,0.39,11.68,25.3,2.459832535289686
2023-08-10,33.71,16.88,24.94,0.01,0.39,9.3,26.33,4.062433711618083
2023-08-11,33.66,18.21,25.89,0.04,0.38,8.25,26.1,4.12821322948941
2023-08-12,26.72,18.78,23.07,0.21,0.38,12.49,12.6,2.058660809397995
2023-08-13,25.82,14.67,20.26,0.0,0.38,11.5,18.61,1.9688521524160945
2023-08-14,27.34,10.89,18.94,0.0,0.38,4.14,28.16,2.8157686302769083
2023-08-15,33.47,13.03,23.24,0.0,0.37,7.93,27.94,4.096619938381231
2023-08-16,37.69,18.27,28.11,0.0,0.37,7.87,27.59,5.451204927672775
2023-08-17,32.45,16.71,24.51,0.0,0.37,11.37,25.89,3.5316774927050214
2023-08-18,38.28,18.95,28.26,0.45,0.36,12.39,26.22,5.28667565572757
2023-08-19,37.7,20.47,28.83,0.02,0.36,9.79,26.42,5.3072547085887525
2023-08-20,36.17,16.41,26.39,0.43,0.36,7.42,26.69,4.965514649725058
2023-08-21,35.96,18.87,27.55,0.0,0.36,8.24,26.57,4.837540749447623
2023-08-22,36.45,20.93,28.51,0.0,0.35,7.77,25.08,5.033180757055952
2023-08-23,36.04,20.41,28.1,0.0,0.35,9.03,24.26,4.803659394100521
2023-08-24,35.75,20.25,27.91,0.0,0.35,11.44,25.16,4.508384510562285
2023-08-25,30.79,17.43,23.53,3.66,0.35,14.48,20.57,2.7900734726920216
2023-08-26,26.82,15.37,20.75,1.54,0.36,11.44,21.29,2.1762576755055543
2023-08-27,31.06,15.35,23.16,1.19,0.36,13.29,25.19,2.981539862035879
2023-08-28,28.63,16.31,22.22,2.0,0.36,13.9,23.53,2.3325601774178013
2023-08-29,29.38,13.19,21.15,0.03,0.36,6.66,24.46,3.115779308902446
2023-08-30,32.89,14.89,23.55,0.0,0.36,6.16,25.52,4.053675987062994
2023-08-31,36.21,16.89,26.36,0.0,0.36,5.89,24.72,5.081781012581576
2023-09-01,38.12,17.42,27.67,0.0,0.35,6.72,24.81,5.685106255353592
2023-09-02,36.47,18.68,27.12,0.0,0.35,7.93,24.36,5.028258458625526
2023-09-03,35.44,18.73,26.69,0.0,0.35,9.68,23.97,4.558992040702336
2023-09-04,35.22,17.42,25.88,0.01,0.35,9.23,23.83,4.525390803317365
2023-09-05,26.2,13.92,19.44,0.0,0.35,5.18,24.34,2.518054324098796
2023-09-06,30.66,10.69,19.99,0.0,0.35,5.0,23.87,3.534048269925891
2023-09-07,33.82,13.28,23.34,0.0,0.35,2.23,23.73,4.548839599094366
2023-09-08,33.18,14.33,23.4,0.0,0.35,3.28,23.11,4.308200384378057
2023-09-09,32.8,16.11,24.06,0.02,0.34,6.84,22.15,3.9830874711420265
2023-09-10,22.78,13.26,17.31,2.44,0.34,11.07,10.02,1.453435486862753
2023-09-11,22.1,12.03,16.22,1.83,0.35,8.57,12.79,1.5449556739311223
2023-09-12,22.53,10.58,16.31,0.05,0.35,9.29,21.53,1.559809199655253
2023-09-13,25.08,10.76,17.49,0.0,0.35,9.61,17.14,1.986666957985585
2023-09-14,25.39,12.34,18.27,5.08,0.36,11.22,17.34,1.910081517482779
2023-09-15,16.4,10.47,14.33,7.65,0.38,10.16,6.73,0.6240754737772682
2023-09-16,25.7,8.04,17.14,0.0,0.38,3.33,22.86,2.5265881751714163
2023-09-17,29.3,10.47,19.61,0.0,0.37,1.71,22.85,3.3845191624624573
2023-09-18,30.23,12.57,21.48,0.0,0.37,4.85,18.91,3.43614353714596
2023-09-19,29.02,15.64,21.83,0.05,0.37,6.07,18.22,3.0706587916239623
2023-09-20,29.13,13.02,20.81,0.0,0.36,4.56,20.82,3.1899904093778133
2023-09-21,29.87,12.34,21.12,0.0,0.36,3.6,20.42,3.420881859382834
2023-09-22,28.55,10.15,18.8,0.01,0.36,2.09,20.67,3.1924807853461834
2023-09-23,25.97,10.33,16.96,0.0,0.36,0.56,20.78,2.719336778324424
2023-09-24,26.11,8.49,17.89,0.0,0.36,1.51,21.4,2.702083256355147
2023-09-25,29.28,9.87,19.31,0.0,0.36,1.93,21.25,3.3688373103723754
2023-09-26,29.36,11.96,19.51,0.0,0.35,3.76,20.51,3.2901451543427225
2023-09-27,29.97,9.68,19.17,0.0,0.35,7.44,20.23,3.2032358076561636
2023-09-28,33.3,13.33,22.14,0.0,0.35,2.89,20.17,4.363542381430993
2023-09-29,29.31,11.97,19.67,0.0,0.35,4.34,20.14,3.2450701428060715
2023-09-30,31.72,11.58,21.67,0.05,0.35,6.39,18.67,3.7193977136675294
2023-10-01,29.51,14.6,21.19,0.01,0.35,11.38,16.41,2.7790170729966355
2023-10-02,29.32,14.46,21.03,0.59,0.35,13.12,16.14,2.5707831013398126
2023-10-03,21.71,8.85,15.19,1.34,0.35,3.49,15.3,1.813029974965846
2023-10-04,21.11,9.75,14.07,0.0,0.35,2.18,17.58,1.7890757578561536
2023-10-05,21.24,7.74,13.89,0.0,0.35,1.29,18.07,1.8533246037331452
2023-10-06,14.52,4.66,9.51,0.0,0.35,-1.05,15.69,1.0876831695364104
2023-10-07,22.69,4.2,13.01,0.0,0.35,-0.72,19.12,2.177663495169366
2023-10-08,25.51,6.49,14.89,0.0,0.35,-1.8,19.02,2.7300244797574384
2023-10-09,26.06,7.86,15.84,0.0,0.35,-0.47,18.69,2.7831600462971595
2023-10-10,26.59,8.71,17.16,0.0,0.35,-1.14,18.14,2.918529549945302
2023-10-11,27.43,9.78,17.64,0.04,0.35,2.05,17.35,2.9481065739085373
2023-10-12,15.09,3.13,9.67,4.29,0.35,3.76,11.08,0.9156273482129131
2023-10-13,12.13,0.96,5.87,0.1,0.36,-2.78,14.5,0.9169055605882781
2023-10-14,13.73,-1.2,5.56,0.0,0.36,-2.91,17.16,1.0778834583802541
2023-10-15,17.89,1.51,8.85,0.0,0.35,-2.61,17.57,1.5456900439621957
2023-10-16,23.04,4.43,13.04,0.0,0.35,-0.77,17.09,2.2388340520891306
2023-10-17,28.66,9.18,17.72,0.0,0.35,-0.58,16.87,3.3421483437348667
2023-10-18,20.63,7.79,13.73,0.0,0.35,-0.01,16.44,1.8206856871969042
2023-10-19,25.65,8.11,16.1,0.0,0.35,-0.53,16.7,2.704877986468573
2023-10-20,28.54,9.56,17.34,0.0,0.35,-0.76,16.75,3.3225868260751463
2023-10-21,25.4,10.35,16.33,0.0,0.35,1.36,16.17,2.570074409258216
2023-10-22,22.74,5.68,12.77,0.0,0.35,1.99,15.55,2.060422226888651
2023-10-23,27.38,7.9,16.2,0.0,0.35,0.5,15.78,3.0122132192609543
2023-10-24,19.78,5.93,12.13,0.0,0.35,4.79,15.11,1.4470199311910057
2023-10-25,21.4,8.79,13.15,0.03,0.35,7.63,7.58,1.5027373526647794
2023-10-26,15.26,-1.45,6.46,1.62,0.35,1.41,7.81,1.0577060686983057
2023-10-27,8.75,-5.22,1.11,0.01,0.35,-5.59,14.56,0.7261389181930227
2023-10-28,0.87,-5.13,-2.87,1.97,0.35,-8.29,5.4,0.3236887493313147
2023-10-29,-1.28,-8.73,-4.94,3.77,0.35,-10.14,10.65,0.2736360867535617
2023-10-30,7.77,-8.79,-2.03,0.0,0.35,-10.8,14.58,0.7879958703224734
2023-10-31,8.72,-6.26,0.14,0.0,0.36,-8.14,14.63,0.7957878308485264
2023-11-01,16.98,-0.8,6.91,0.0,0.36,-6.07,12.22,1.5471153118657242
2023-11-02,19.9,1.98,9.83,0.0,0.36,-5.3,14.3,1.9121686240003566
2023-11-03,19.99,6.43,11.6,0.0,0.36,0.48,12.44,1.7043646667155592
2023-11-04,18.28,3.25,9.7,0.0,0.36,0.38,13.61,1.472708014054233
2023-11-05,23.08,5.42,13.23,0.0,0.36,-1.29,8.3,2.2672796745006116
2023-11-06,19.9,4.5,11.1,0.0,0.36,-0.96,12.04,1.7544249152620224
2023-11-07,24.95,6.63,13.62,0.0,0.36,-3.34,13.56,2.6810178683266117
2023-11-08,8.53,2.25,5.35,0.0,0.36,-2.11,9.1,0.5889821795458721
2023-11-09,11.27,-1.49,3.68,0.02,0.36,-7.08,9.29,0.9773385981780005
2023-11-10,13.49,-1.53,4.37,0.04,0.36,-2.97,13.15,1.055735182968949
2023-11-11,15.03,-0.58,6.12,0.0,0.36,-10.28,12.98,1.4292151366514698
2023-11-12,18.1,1.92,7.65,0.0,0.35,-7.33,12.76,1.7247634565091952
2023-11-13,17.01,1.51,7.75,0.0,0.35,-6.28,12.97,1.5570016555330364
2023-11-14,20.22,2.23,9.68,0.0,0.35,-6.54,11.47,1.9959181402432744
2023-11-15,19.92,2.31,9.63,0.0,0.35,-4.42,11.65,1.8866320596969621
2023-11-16,19.37,3.28,11.41,0.0,0.35,0.56,7.73,1.6124847139800709
2023-11-17,17.04,2.36,7.84,0.0,0.35,0.29,11.92,1.3188346420280417
2023-11-18,17.83,1.71,8.7,0.0,0.35,-1.76,10.28,1.5051768802015735
2023-11-19,14.61,3.54,7.94,0.0,0.35,0.5,9.6,1.029609048554996
2023-11-20,7.72,1.83,4.82,0.5,0.35,-0.04,2.86,0.44345771361444497
2023-11-21,10.67,-2.64,3.16,0.0,0.35,-6.29,11.93,0.9025321123134591
2023-11-22,20.25,1.01,8.67,0.0,0.35,-6.28,11.37,1.9927575960007888
2023-11-23,3.73,-5.37,0.47,0.21,0.35,-5.26,7.7,0.3850023867072366
2023-11-24,-5.9,-8.3,-7.08,3.67,0.35,-11.49,4.63,0.1395822613210737
2023-11-25,-5.04,-8.94,-6.88,1.24,0.35,-12.06,4.04,0.17762125167639717
2023-11-26,3.26,-6.29,-2.62,0.0,0.35,-11.2,11.52,0.5122250971978783
2023-11-27,4.71,-8.33,-2.55,0.08,0.36,-10.78,11.25,0.5862969623079846
2023-11-28,9.54,-2.78,1.91,0.0,0.36,-10.29,10.93,0.9114144973039975
2023-11-29,11.17,-1.41,3.72,0.0,0.36,-10.22,10.84,1.0468582985301929
2023-11-30,0.8,-3.66,-1.82,0.0,0.36,-8.83,7.49,0.3339436179938946
2023-12-01,3.01,-3.97,-1.72,0.01,0.36,-7.12,8.61,0.4002915760659941
2023-12-02,4.95,-3.4,-0.61,0.0,0.36,-9.37,7.86,0.5689611027081709
2023-12-03,4.98,-3.28,0.11,0.13,0.36,-11.7,9.61,0.6216789349668219
2023-12-04,13.14,-2.79,2.52,0.0,0.36,-3.43,7.56,1.0374118639423244
2023-12-05,14.37,-1.07,5.0,0.0,0.36,-3.51,10.02,1.1660991269672882
2023-12-06,17.77,0.6,7.29,0.0,0.36,-5.08,10.05,1.6157043671496396
2023-12-07,18.16,1.15,7.18,0.0,0.36,-5.6,10.12,1.6824768260320062
2023-12-08,4.68,-2.7,1.52,0.15,0.36,-6.06,3.01,0.4645595237205975
2023-12-09,2.14,-6.21,-2.61,0.0,0.36,-9.43,9.14,0.4138511614091488
2023-12-10,9.33,-4.95,0.69,0.0,0.36,-9.97,6.35,0.8875153942710015
2023-12-11,10.8,-2.52,3.08,0.01,0.36,-5.14,9.92,0.878644542199063
2023-12-12,2.35,-3.63,-1.23,0.0,0.36,-5.51,5.13,0.31837195210052094
2023-12-13,2.9,-3.25,-0.76,2.99,0.36,-4.33,3.02,0.309308539659865
2023-12-14,2.79,-4.03,-1.04,1.45,0.36,-2.62,2.87,0.24285465277018903
2023-12-15,7.38,-3.82,0.28,0.0,0.36,-6.92,9.51,0.6647131710122407
2023-12-16,11.31,-2.81,3.4,0.0,0.36,-8.15,9.79,1.009532140052134
2023-12-17,12.24,-0.98,3.57,0.0,0.36,-7.28,9.71,1.0713087192648185
2023-12-18,8.71,-2.64,2.4,0.0,0.36,-5.05,8.69,0.7061816802384077
2023-12-19,16.99,1.2,7.59,0.0,0.36,-7.19,9.39,1.580422779975627
2023-12-20,13.0,1.88,6.42,0.0,0.36,-5.2,6.59,1.0829486416233571
2023-12-21,13.55,2.0,6.32,0.0,0.36,-2.39,8.57,1.0401375308768581
2023-12-22,14.13,0.9,5.82,0.0,0.36,-2.97,8.78,1.1214169482786507
2023-12-23,10.77,1.17,4.6,1.35,0.36,-0.85,6.98,0.7187461571503555
2023-12-24,0.86,-7.45,-3.79,3.79,0.37,-8.83,3.19,0.33675651913106797
2023-12-25,-2.8,-8.24,-5.07,0.81,0.37,-12.69,3.34,0.26676194190782876
2023-12-26,1.91,-5.23,-2.11,3.86,0.37,-6.74,2.7,0.33243539819681783
2023-12-27,3.65,-5.57,-1.08,0.43,0.37,-6.43,3.36,0.4158641805411754
2023-12-28,2.23,-4.94,-2.54,0.0,0.37,-8.81,7.02,0.40350161923386385
2023-12-29,7.33,-3.58,0.57,0.0,0.37,-8.92,10.0,0.7136482499737482
2023-12-30,10.14,-1.87,1.82,0.0,0.37,-6.81,9.63,0.8728411722956397
2023-12-31,2.75,-4.37,-1.66,0.0,0.37,-5.49,7.4,0.33866662406303216
2024-01-01,9.53,-4.42,1.21,0.0,0.37,-5.32,9.16,0.7787687716669417
2024-01-02,6.11,-2.89,-0.02,0.0,0.37,-4.98,9.46,0.520438036607478
2024-01-03,6.66,-3.14,-0.13,0.0,0.37,-5.94,9.75,0.586663294225505
2024-01-04,2.57,-3.22,-1.19,1.08,0.37,-3.7,2.52,0.27032578293374837
2024-01-05,2.08,-2.73,-1.11,0.75,0.37,-4.54,7.63,0.2735718191916253
2024-01-06,2.0,-6.91,-2.71,0.03,0.37,-10.0,10.28,0.41993045197728684
2024-01-07,3.93,-8.21,-2.4,0.01,0.37,-10.14,5.28,0.5267091647287252
2024-01-08,-3.95,-8.88,-6.4,0.7,0.37,-10.21,2.16,0.17498636034237497
2024-01-09,3.68,-11.04,-3.77,0.0,0.37,-12.24,9.61,0.5563475352024014
2024-01-10,3.67,-4.65,-1.28,0.0,0.37,-12.77,10.5,0.5658324248026423
2024-01-11,-4.25,-14.9,-8.18,0.01,0.37,-13.52,8.63,0.23062146030018768
2024-01-12,1.21,-15.08,-6.48,0.15,0.37,-15.72,8.16,0.4873410056930213
2024-01-13,-14.91,-22.85,-20.65,0.27,0.37,-23.7,9.52,0.10199922132978763
2024-01-14,-16.49,-21.8,-19.49,0.31,0.37,-22.56,7.86,0.06865592756564712
2024-01-15,-17.68,-22.3,-19.96,1.14,0.37,-23.38,3.68,0.05958615049391587
2024-01-16,0.63,-21.96,-11.06,0.0,0.37,-18.14,7.79,0.4931286011988808
2024-01-17,4.15,-7.82,-1.64,0.0,0.37,-8.61,4.25,0.50308615468478
2024-01-18,5.43,-11.89,-3.67,0.0,0.37,-8.95,7.25,0.5884359705018605
2024-01-19,-3.64,-12.6,-8.66,0.0,0.37,-12.45,8.54,0.23197119372872105
2024-01-20,1.03,-11.46,-5.92,0.0,0.37,-10.43,8.17,0.38201997182365105
2024-01-21,11.0,-3.63,3.51,0.0,0.37,-4.27,5.42,0.8676060341090444
2024-01-22,10.42,-0.73,3.17,0.0,0.37,-2.92,9.85,0.7703951080653626
2024-01-23,8.24,-2.69,2.03,0.0,0.37,-2.44,10.58,0.5799522067314014
2024-01-24,10.1,-2.31,3.05,0.0,0.37,-2.44,10.6,0.7257369608779438
2024-01-25,10.62,0.08,3.8,0.17,0.37,-3.09,11.09,0.7935751219766705
2024-01-26,6.82,-0.78,1.8,0.24,0.37,-2.13,9.62,0.46718618659760436
2024-01-27,9.19,-2.48,2.11,0.0,0.37,-7.25,12.05,0.8084511592330337
2024-01-28,14.04,-1.85,5.03,0.0,0.37,-3.03,12.12,1.1142281796662856
2024-01-29,13.67,0.3,4.88,0.0,0.37,-0.85,11.53,0.9906576792704982
2024-01-30,15.8,0.1,6.0,0.0,0.37,-2.24,13.05,1.2770742159909823
2024-01-31,16.44,-0.71,6.3,0.0,0.37,-4.19,11.42,1.4222193913317587
2024-02-01,15.92,0.17,6.48,0.0,0.37,-4.03,11.58,1.3557811334391023
2024-02-02,7.23,-0.46,3.31,10.25,0.38,-0.29,8.32,0.41976300168926217
2024-02-03,6.39,0.08,2.73,7.75,0.4,1.68,8.84,0.2710161628990754
2024-02-04,5.64,-1.48,1.47,0.44,0.4,0.08,4.99,0.29769224599223754
2024-02-05,11.09,-2.82,2.56,0.0,0.4,-2.17,14.02,0.79977778295046
2024-02-06,10.8,-0.82,4.92,0.0,0.39,-2.19,5.46,0.7753254183755917
2024-02-07,15.88,1.77,7.43,0.44,0.39,-3.4,12.47,1.3291990167004153
2024-02-08,10.5,-0.93,3.7,0.74,0.39,-5.59,12.44,0.8670413606222174
2024-02-09,5.88,-3.84,0.25,0.01,0.39,-5.89,11.96,0.5338214175329548
2024-02-10,1.22,-4.3,-1.81,3.77,0.39,-4.19,5.73,0.2194064423233254
2024-02-11,2.8,-5.12,-2.62,0.42,0.39,-8.64,12.77,0.4290250546589027
2024-02-12,8.75,-4.76,0.65,0.0,0.39,-8.94,13.54,0.8181630723907947
2024-02-13,11.6,-2.61,2.84,0.0,0.39,-7.58,15.11,1.020522079848054
2024-02-14,12.07,-5.24,2.53,0.0,0.38,-5.38,12.85,0.9998746277746691
2024-02-15,8.6,-5.33,0.03,0.02,0.38,-4.89,14.13,0.6926956325054938
2024-02-16,-0.14,-8.2,-4.81,1.36,0.38,-8.68,3.8,0.2875479357572487
2024-02-17,0.86,-8.19,-4.6,0.39,0.38,-11.81,15.68,0.4028891975780239
2024-02-18,9.58,-3.89,1.76,0.0,0.38,-10.12,16.1,0.9108241644891539
2024-02-19,11.04,-1.24,3.72,0.0,0.38,-7.07,16.41,0.9568088573115606
2024-02-20,18.77,-1.33,8.36,0.0,0.38,-4.42,16.02,1.7259656594744057
2024-02-21,16.01,1.24,7.43,0.0,0.38,-2.1,14.14,1.2959294999566784
2024-02-22,6.1,0.38,2.6,0.02,0.38,-1.4,11.0,0.3903042976612269
2024-02-23,10.41,-1.42,3.51,0.0,0.38,-7.99,17.1,0.9274822680576498
2024-02-24,16.34,-1.64,6.2,0.0,0.38,-9.3,17.7,1.5561797821448178
2024-02-25,18.15,0.68,8.28,0.0,0.37,-9.11,17.55,1.777010523002211
2024-02-26,19.44,2.18,9.67,0.0,0.37,-5.47,17.15,1.8520625360434944
2024-02-27,5.61,-8.17,-0.22,0.31,0.37,-7.98,6.95,0.5752705001695101
2024-02-28,9.88,-7.49,0.19,0.0,0.37,-13.92,18.88,1.0099055120364175
2024-02-29,16.97,-1.9,6.71,0.01,0.37,-9.41,19.03,1.6346847611023028
2024-03-01,18.84,1.33,9.69,0.0,0.37,-6.38,18.79,1.7965216866011957
2024-03-02,20.74,3.51,12.0,0.0,0.37,-6.79,16.61,2.0803078596103615
2024-03-03,16.24,0.82,7.87,0.0,0.37,-6.64,16.27,1.4748222667024617
2024-03-04,8.36,-4.52,1.7,0.0,0.36,-8.57,19.37,0.779555536721328
2024-03-05,6.94,-4.98,1.35,0.0,0.36,-7.77,16.39,0.657328791898566
2024-03-06,16.44,-1.46,7.09,0.07,0.36,-4.67,18.53,1.4381722377258284
2024-03-07,6.22,-4.11,2.04,8.14,0.37,-1.11,1.79,0.3862634611507658
2024-03-08,1.02,-6.75,-3.75,0.69,0.38,-7.22,6.69,0.3024046177414645
2024-03-09,9.71,-5.49,1.59,0.0,0.38,-9.05,20.18,0.8963262917053376
2024-03-10,19.23,-2.05,7.48,0.0,0.38,-8.3,20.81,1.9024928265402248
2024-03-11,18.35,-0.67,8.37,0.05,0.38,-7.02,16.22,1.7490594315741856
2024-03-12,17.27,1.21,9.49,0.0,0.37,-4.77,17.83,1.5425438315513005
2024-03-13,14.95,3.78,8.39,0.13,0.37,-0.21,12.29,1.0983365466587918
2024-03-14,8.04,0.67,3.45,3.23,0.37,0.22,6.96,0.455045879992233
2024-03-15,9.04,-0.5,2.89,0.17,0.38,-1.64,12.4,0.6095356989452079
2024-03-16,13.01,-2.26,4.74,0.0,0.38,-4.03,20.72,1.0455158110013296
2024-03-17,10.87,-2.84,3.65,0.0,0.37,-6.69,14.74,0.9313160027592217
2024-03-18,15.27,-3.04,5.96,0.0,0.37,-6.05,22.35,1.3464619106588196
2024-03-19,18.44,1.39,9.42,0.0,0.37,-3.33,22.21,1.6440919467143058
2024-03-20,17.85,1.88,9.18,0.0,0.37,-1.91,20.74,1.5136690524034926
2024-03-21,20.81,2.13,11.39,0.0,0.37,-3.79,20.91,1.9966346781329896
2024-03-22,16.43,0.82,7.94,0.0,0.37,-2.9,22.44,1.375538278583548
2024-03-23,20.08,-1.52,8.59,0.01,0.37,-2.55,18.53,1.8435644271352933
2024-03-24,14.77,-4.95,5.95,1.28,0.36,-1.88,12.38,1.1481444613060798
2024-03-25,-0.16,-7.65,-4.88,1.02,0.36,-11.57,12.56,0.35168617936220553
2024-03-26,7.81,-8.02,-0.26,0.01,0.37,-8.75,22.94,0.7436447934014785
2024-03-27,11.83,-3.24,4.2,0.0,0.37,-6.4,20.83,1.0084678892855712
2024-03-28,18.99,-0.05,10.01,0.0,0.37,-6.84,20.97,1.8301814053705403
2024-03-29,16.24,4.12,9.0,0.0,0.36,-3.2,22.11,1.3639840023847802
2024-03-30,17.13,1.26,8.47,0.05,0.36,-1.56,23.0,1.4089141174631146
2024-03-31,22.91,0.92,11.18,0.04,0.36,-1.84,20.52,2.26049150157383
2024-04-01,11.13,0.19,6.13,0.03,0.36,0.36,14.44,0.6971114856560942
2024-04-02,14.77,-2.06,6.69,0.0,0.36,-5.39,24.77,1.2713929298392566
2024-04-03,19.8,0.96,10.69,0.0,0.36,-1.09,24.59,1.7454756991552833
2024-04-04,23.69,3.76,13.72,0.0,0.36,-2.51,25.14,2.421015009008158
2024-04-05,24.83,4.69,15.19,0.0,0.36,-5.19,16.37,2.7207037949225263
2024-04-06,14.04,4.63,8.82,2.71,0.36,-5.03,13.97,1.182541297690714
2024-04-07,15.82,4.04,8.76,0.0,0.36,-8.33,25.92,1.4716220100452815
2024-04-08,15.81,0.2,7.76,0.0,0.36,-7.26,25.27,1.4421826345597817
2024-04-09,17.38,-0.92,8.45,0.0,0.36,-4.07,25.46,1.5330160231972558
2024-04-10,13.6,1.4,8.37,0.0,0.36,-2.88,21.32,1.0635481896529906
2024-04-11,16.63,-1.68,7.37,0.0,0.35,-6.85,26.18,1.527198826656691
2024-04-12,24.54,2.85,13.89,0.0,0.35,-4.42,26.67,2.6419158783553898
2024-04-13,27.15,9.75,18.23,0.0,0.35,-1.95,24.87,3.0674708511249245
2024-04-14,28.12,12.04,19.61,0.0,0.35,-2.77,25.93,3.3083239389789805
2024-04-15,27.53,8.15,17.26,0.0,0.35,-5.79,25.68,3.2811425805240955
2024-04-16,21.44,8.32,13.32,4.43,0.35,1.2,16.87,1.88877175154755
2024-04-17,24.56,2.62,14.78,0.06,0.35,-1.38,26.07,2.5335855413699924
2024-04-18,8.3,0.28,3.82,0.17,0.35,-4.37,10.57,0.6531258952910759
2024-04-19,10.35,0.86,4.3,2.94,0.35,-3.24,10.12,0.7761382118935234
2024-04-20,9.9,0.41,4.1,3.12,0.36,-0.99,4.39,0.6515894775281312
2024-04-21,16.77,-0.05,7.75,0.05,0.36,-1.37,24.76,1.3571475020185273
2024-04-22,26.29,6.38,16.27,0.0,0.36,1.44,15.84,2.741640135981781
2024-04-23,19.37,5.23,12.33,0.06,0.36,1.08,26.28,1.5881208539241993
2024-04-24,24.25,3.72,13.68,0.05,0.36,4.47,27.0,2.188426780454735
2024-04-25,28.01,8.97,17.13,4.3,0.36,3.54,24.03,2.9948284718796416
2024-04-26,18.61,6.42,11.93,12.38,0.38,5.64,21.14,1.232436917972207
2024-04-27,11.62,1.6,7.17,14.09,0.4,4.41,4.9,0.5307734103527065
2024-04-28,15.52,0.93,7.99,0.92,0.41,0.43,20.92,1.1331017043660565
2024-04-29,21.38,4.47,13.32,0.0,0.4,0.03,25.91,1.9335159516624083
2024-04-30,22.93,7.37,14.96,0.07,0.4,0.22,28.6,2.1769157289263807
2024-05-01,24.13,5.72,13.39,1.92,0.39,1.28,21.61,2.337181695806997
2024-05-02,17.99,3.27,10.86,0.08,0.39,-3.47,29.07,1.589980174794151
2024-05-03,24.59,1.83,12.01,2.1,0.38,-0.09,27.21,2.4844229107795295
2024-05-04,19.0,-0.35,9.44,0.01,0.38,-1.88,29.28,1.6652802258309456
2024-05-05,24.93,4.61,15.79,0.0,0.38,4.82,17.64,2.293182358599592
2024-05-06,17.63,7.88,13.8,0.0,0.38,-5.47,27.67,1.6100791299673058
2024-05-07,19.75,4.39,11.99,0.0,0.37,-5.64,26.93,1.9011973286161867
2024-05-08,17.41,1.97,10.02,0.0,0.37,-6.62,27.84,1.6165543134406124
2024-05-09,15.89,4.66,9.91,0.0,0.37,-0.09,23.67,1.1987396734679294
2024-05-10,18.48,5.72,11.95,0.0,0.37,1.91,18.82,1.4260015975075793
2024-05-11,19.32,6.24,13.18,1.51,0.37,4.66,18.57,1.3898233323762317
2024-05-12,18.24,8.26,12.44,3.23,0.37,6.66,15.59,1.1166344414727205
2024-05-13,23.89,6.71,15.73,0.07,0.37,3.53,29.02,2.1775257546269264
2024-05-14,27.51,9.12,18.44,1.03,0.37,4.15,24.3,2.851529158254976
2024-05-15,20.74,8.79,14.43,0.37,0.37,6.15,24.1,1.5026982685404962
2024-05-16,24.21,9.01,16.56,0.0,0.37,4.95,27.56,2.1524650622717827
2024-05-17,30.01,11.29,21.16,0.0,0.36,2.17,28.58,3.5312267441271366
2024-05-18,26.62,11.84,18.08,4.31,0.36,4.5,27.95,2.644293845993622
2024-05-19,30.45,10.08,19.49,1.01,0.37,6.77,19.51,3.367674060667601
2024-05-20,25.94,9.87,17.21,8.35,0.36,7.55,28.98,2.309205473589112
2024-05-21,18.77,4.54,10.43,19.47,0.41,4.52,22.19,1.3225489030172053
2024-05-22,21.37,3.27,13.52,0.0,0.41,-1.3,27.33,1.9887201302869708
2024-05-23,28.62,8.02,17.85,0.0,0.4,0.6,30.75,3.280557003989295
2024-05-24,21.92,5.9,14.52,0.0,0.39,-3.53,31.9,2.160476490512734
2024-05-25,27.71,8.69,17.03,0.04,0.39,1.29,18.11,3.045990640181034
2024-05-26,24.38,9.33,17.1,0.32,0.38,2.09,29.57,2.342457486815519
2024-05-27,26.5,8.44,17.97,0.0,0.38,2.13,30.7,2.7498489285393406
2024-05-28,27.62,9.38,19.03,7.36,0.37,8.15,27.73,2.6133196817472175
2024-05-29,25.84,13.98,19.63,6.82,0.39,13.07,26.91,1.8251344717118492
2024-05-30,26.38,12.79,19.28,2.86,0.39,11.59,23.32,2.0725992828409936
2024-05-31,24.47,13.65,18.38,8.74,0.4,12.63,26.59,1.6072350164918576
2024-06-01,29.89,12.83,21.36,0.23,0.4,10.29,25.4,2.964336895079727
2024-06-02,31.58,13.24,22.57,0.11,0.39,9.12,26.38,3.485682480761674
2024-06-03,32.39,12.96,23.45,0.21,0.38,7.51,29.83,3.823082653633712
2024-06-04,29.92,16.49,22.67,0.0,0.38,9.04,26.71,3.0724675585877517
2024-06-05,32.86,14.15,24.7,0.0,0.37,6.13,31.79,4.047222328291296
2024-06-06,31.6,13.24,23.0,0.0,0.37,7.76,31.38,3.592990478346696
2024-06-07,36.94,16.55,25.94,3.11,0.37,9.81,26.29,5.041922086438838
2024-06-08,32.25,16.58,22.66,16.91,0.38,12.44,23.4,3.378581541588316
2024-06-09,26.65,15.69,20.57,0.67,0.4,14.13,18.96,1.8806414536487288
2024-06-10,25.98,13.62,20.35,0.44,0.39,11.35,22.64,2.0138991488132945
2024-06-11,30.9,14.32,22.95,0.17,0.39,11.87,29.12,3.0764925893874366
2024-06-12,35.77,16.26,26.45,0.0,0.38,6.39,31.28,4.905774415531127
2024-06-13,37.0,18.87,27.65,0.01,0.37,8.15,28.27,5.191037250026364
2024-06-14,32.19,16.5,23.66,2.31,0.37,13.44,22.64,3.264636398114024
2024-06-15,34.12,14.52,25.02,1.56,0.37,8.29,29.67,4.260761454604815
2024-06-16,36.69,17.72,27.23,0.01,0.37,6.94,29.43,5.171898318482027
2024-06-17,36.48,14.91,25.89,0.21,0.36,6.36,28.68,5.140584386723614
2024-06-18,25.22,14.53,19.32,0.0,0.36,1.3,27.89,2.5384635368632846
2024-06-19,20.73,13.1,16.43,1.09,0.36,8.19,10.47,1.3593268607632345
2024-06-20,30.59,16.25,23.63,1.21,0.36,14.63,28.16,2.7236399006555394
2024-06-21,33.11,16.63,25.55,0.37,0.36,13.3,25.04,3.5338497303864207
2024-06-22,32.77,17.18,24.49,0.0,0.36,8.51,24.11,3.8550098082953466
2024-06-23,37.41,17.2,28.21,0.0,0.35,5.77,30.99,5.4959815710507405
2024-06-24,38.84,21.64,29.73,0.08,0.35,9.1,25.29,5.775802076031241
2024-06-25,38.7,19.88,29.29,0.0,0.35,5.97,30.75,5.946486941845071
2024-06-26,35.08,19.29,27.06,8.92,0.35,11.94,30.19,4.250566057085106
2024-06-27,32.74,17.49,25.63,2.16,0.36,14.6,21.58,3.295329364991172
2024-06-28,35.77,19.19,27.15,0.19,0.36,9.36,29.04,4.690152742199489
2024-06-29,30.4,15.37,22.93,0.14,0.36,7.43,28.53,3.3095633493438106
2024-06-30,31.48,16.93,22.79,6.49,0.36,15.95,18.21,2.8043404700957506
2024-07-01,32.94,18.67,25.97,2.46,0.37,13.64,22.13,3.4516045714913135
2024-07-02,31.05,16.83,23.94,0.63,0.37,10.33,24.11,3.2500139334024896
2024-07-03,29.01,17.02,22.49,8.72,0.37,14.74,26.61,2.3309839290808076
2024-07-04,28.28,12.33,20.56,2.68,0.38,7.09,31.02,2.833927730205781
2024-07-05,27.45,12.25,20.09,0.08,0.38,4.95,25.36,2.791284232849672
2024-07-06,32.12,15.42,23.76,0.31,0.37,6.44,30.91,3.8231329960013447
2024-07-07,21.44,12.83,17.48,4.51,0.37,12.15,14.96,1.1385232740907323
2024-07-08,29.35,11.65,20.96,0.0,0.37,8.08,29.16,3.0087859638634287
2024-07-09,33.35,14.77,24.31,0.0,0.37,6.21,29.31,4.1809534106055395
2024-07-10,34.4,14.94,25.3,0.0,0.36,5.66,30.78,4.525554156452664
2024-07-11,36.64,17.09,27.23,0.0,0.36,8.25,28.93,5.061643972675733
2024-07-12,39.43,19.37,29.52,0.23,0.36,6.75,28.02,6.169686068932322
2024-07-13,37.77,20.01,28.61,0.0,0.35,7.55,29.89,5.5024792803534
2024-07-14,39.18,22.28,30.12,1.44,0.35,6.56,28.01,6.087320311213093
2024-07-15,34.81,20.88,27.79,0.61,0.35,9.39,27.31,4.38524225920151
2024-07-16,33.92,19.02,26.07,2.11,0.35,10.72,27.66,4.007131604917772
2024-07-17,33.06,18.56,24.53,7.25,0.35,12.21,24.72,3.6249973928223795
2024-07-18,33.52,16.63,24.89,0.61,0.36,13.69,28.18,3.6120081138032347
2024-07-19,35.13,17.85,26.01,6.53,0.36,12.45,25.28,4.218479141189579
2024-07-20,29.31,15.75,22.39,1.06,0.37,12.76,21.97,2.6035814065768847
2024-07-21,26.24,15.18,20.61,6.3,0.38,11.24,23.63,2.075621892590859
2024-07-22,28.92,14.47,21.73,0.13,0.37,9.89,22.92,2.768255547605051
2024-07-23,32.08,15.13,23.84,0.0,0.37,8.78,25.93,3.6452037582704495
2024-07-24,34.96,16.33,25.93,0.0,0.36,8.85,27.59,4.473783849923498
2024-07-25,34.84,18.59,26.75,0.0,0.36,7.5,29.08,4.5363684413912
2024-07-26,35.12,17.15,26.55,0.28,0.36,11.22,28.67,4.328046199787556
2024-07-27,35.71,19.08,27.65,0.68,0.36,12.44,28.24,4.403338022018774
2024-07-28,36.69,17.69,27.0,0.75,0.35,9.34,26.32,4.994938455385071
2024-07-29,36.99,17.87,27.85,0.06,0.35,8.75,28.49,5.142583638450423
2024-07-30,38.14,19.91,28.47,0.0,0.35,-0.8,29.85,6.098932627296253
2024-07-31,36.71,20.06,27.35,0.04,0.35,6.79,27.46,5.188872777273352
2024-08-01,37.74,16.22,27.58,0.01,0.34,7.05,28.28,5.526882395342151
2024-08-02,34.43,19.86,26.5,11.22,0.35,14.71,27.71,3.774177708958268
2024-08-03,34.73,16.66,25.93,2.11,0.36,11.75,28.13,4.159704938683175
2024-08-04,36.07,18.87,27.65,0.01,0.36,10.51,28.31,4.6932886679011325
2024-08-05,35.83,22.07,28.33,0.02,0.35,11.73,26.08,4.50801973218292
2024-08-06,31.93,19.34,24.6,0.06,0.35,10.91,22.68,3.4311180495073375
2024-08-07,34.94,19.3,26.98,4.22,0.35,11.72,25.08,4.227184594511722
2024-08-08,24.8,16.51,19.83,1.96,0.36,13.85,7.04,1.5471250719839897
2024-08-09,21.79,14.09,17.69,0.69,0.36,12.59,5.64,1.152206881810362
2024-08-10,30.24,12.14,20.64,0.47,0.36,10.76,20.92,3.009906896669973
2024-08-11,33.13,15.35,23.49,0.98,0.36,11.18,24.22,3.7384400199671477
2024-08-12,29.25,16.69,22.05,14.09,0.36,14.08,19.33,2.4569909794778653
2024-08-13,31.73,17.95,23.97,12.01,0.39,17.08,22.65,2.735133694611118
2024-08-14,31.56,16.83,23.79,0.9,0.4,11.47,26.0,3.2835288694832014
2024-08-15,30.87,15.91,23.24,0.01,0.39,8.33,26.59,3.3623295032868956
2024-08-16,32.56,16.21,23.78,3.43,0.39,11.38,26.57,3.561081489707876
2024-08-17,37.6,17.63,27.64,0.15,0.38,10.23,24.56,5.235787601245501
2024-08-18,34.66,18.37,25.98,0.01,0.37,10.51,24.88,4.247312061831847
2024-08-19,34.93,19.36,26.26,6.05,0.37,12.92,16.41,4.111012926343212
2024-08-20,33.88,16.86,25.14,4.65,0.38,13.45,25.39,3.7413892713647128
2024-08-21,34.87,18.4,26.57,0.26,0.38,11.86,20.33,4.192738412479252
2024-08-22,34.02,17.83,25.07,15.39,0.38,12.38,24.27,3.8870894021911173
2024-08-23,33.77,17.39,24.74,0.55,0.4,14.04,22.52,3.64875907253048
2024-08-24,34.96,17.67,26.31,0.34,0.39,11.37,24.41,4.264911591411108
2024-08-25,35.3,19.61,26.78,1.11,0.38,9.74,24.18,4.5098535962568
2024-08-26,33.44,17.98,24.6,0.15,0.38,11.55,17.58,3.7941470142661835
2024-08-27,31.09,16.56,23.48,0.01,0.37,11.41,23.97,3.1667412527244667
2024-08-28,34.7,17.34,25.97,0.14,0.37,9.66,24.32,4.3298539987704805
2024-08-29,29.02,17.75,22.7,0.98,0.37,11.61,10.49,2.6434099017447883
2024-08-30,29.59,16.31,22.07,0.02,0.37,10.9,24.98,2.8402829162623977
2024-08-31,32.28,14.15,22.64,0.0,0.36,5.98,24.09,3.8967114239670484
2024-09-01,31.14,14.26,22.59,0.0,0.36,3.5,25.39,3.743442894033967
2024-09-02,30.73,14.08,22.09,0.0,0.36,5.11,24.56,3.544962795055381
2024-09-03,32.99,13.52,22.83,0.0,0.35,5.47,24.78,4.125979773868467
2024-09-04,33.14,14.7,23.91,0.37,0.35,7.23,23.62,4.051992075736333
2024-09-05,24.75,13.77,18.56,2.22,0.36,9.85,15.13,1.905236348760324
2024-09-06,28.87,11.79,20.12,0.0,0.35,5.77,23.87,3.0553592470220083
2024-09-07,30.72,14.14,22.32,0.12,0.35,8.45,22.76,3.3153770331283
2024-09-08,32.2,14.31,23.18,0.04,0.35,8.03,22.2,3.733814658871232
2024-09-09,34.23,17.57,25.12,0.01,0.35,5.68,21.23,4.473165086269663
2024-09-10,32.9,17.4,24.89,0.0,0.35,6.77,21.13,4.015856023371622
2024-09-11,29.18,16.99,22.74,2.3,0.35,7.74,19.39,2.9936143207770116
2024-09-12,33.72,16.5,24.32,0.0,0.35,4.98,22.32,4.365797328061757
2024-09-13,29.71,14.79,21.35,0.0,0.35,3.85,22.38,3.368280473828894
2024-09-14,31.91,14.45,22.82,0.0,0.34,7.25,21.99,3.711459405612436
2024-09-15,34.35,14.82,24.18,0.0,0.34,7.85,16.74,4.361941876991911
2024-09-16,31.26,15.84,22.24,0.2,0.34,8.29,16.44,3.4653787351409697
2024-09-17,33.05,15.75,22.28,2.66,0.34,10.39,19.21,3.783847049327676
2024-09-18,30.43,13.58,20.6,0.0,0.35,1.07,22.6,3.688810163974639
2024-09-19,28.86,11.53,20.26,0.0,0.34,1.35,22.29,3.2999004076834244
2024-09-20,32.98,14.79,23.03,0.0,0.34,5.43,20.98,4.125664258783266
2024-09-21,23.22,10.18,17.11,6.32,0.34,4.38,14.5,2.0117683400925768
2024-09-22,16.31,8.07,11.32,2.44,0.36,3.49,7.38,1.0700776277047193
2024-09-23,26.7,6.27,16.83,0.0,0.36,1.92,21.28,2.801456826699497
2024-09-24,24.93,12.06,18.17,0.0,0.36,4.81,17.43,2.2937843708495222
2024-09-25,29.58,11.39,19.96,0.0,0.35,3.68,21.07,3.346787874022649
2024-09-26,33.57,13.42,22.48,0.0,0.35,6.4,20.6,4.231898641313831
2024-09-27,31.39,14.55,21.47,0.0,0.35,5.78,19.81,3.6723472738672966
2024-09-28,31.29,13.47,21.45,0.0,0.35,1.53,20.62,3.88504300228507
2024-09-29,30.42,14.15,21.45,0.0,0.35,2.05,20.32,3.638188071050853
2024-09-30,26.46,9.93,18.9,0.0,0.35,2.04,19.0,2.7462714839950557
2024-10-01,21.31,6.77,13.34,0.0,0.34,-3.42,19.66,2.060271671723602
2024-10-02,32.28,9.98,20.17,0.0,0.34,-1.74,19.64,4.2928799035275995
2024-10-03,23.54,9.55,16.12,0.0,0.34,0.71,19.18,2.259425041815504
2024-10-04,25.55,5.86,15.03,0.0,0.34,3.77,18.92,2.472861994936205
2024-10-05,32.13,11.62,20.79,0.0,0.34,-1.41,18.66,4.238923439507347
2024-10-06,25.01,8.95,15.68,0.0,0.34,-1.84,18.35,2.6359760804841317
2024-10-07,28.09,9.5,17.18,0.0,0.34,-1.16,17.43,3.2386644044779316
2024-10-08,28.51,10.51,18.77,0.0,0.34,-3.54,17.41,3.4234001794977553
2024-10-09,28.27,11.33,19.03,0.0,0.34,-2.84,16.66,3.344256907120668
2024-10-10,29.57,11.19,19.88,0.0,0.34,-2.08,17.17,3.6152351987029077
2024-10-11,23.47,9.89,16.32,0.0,0.34,2.34,13.75,2.167304045786585
2024-10-12,27.71,12.27,18.21,0.0,0.34,0.79,16.4,3.0697485681959282
2024-10-13,21.52,8.78,14.18,0.0,0.34,0.15,15.0,1.9500594939514206
2024-10-14,28.38,6.26,15.8,0.0,0.34,-0.79,16.68,3.287811746734327
2024-10-15,17.46,6.24,11.95,0.0,0.34,-3.51,16.32,1.52364645190539
2024-10-16,25.99,3.34,13.95,0.0,0.34,-1.77,16.42,2.8229964307408526
2024-10-17,26.55,11.47,18.44,0.0,0.34,3.12,13.95,2.708045324204358
2024-10-18,17.23,6.94,12.83,13.66,0.35,7.52,10.9,0.9279549717926845
2024-10-19,15.86,6.01,11.11,1.01,0.37,8.28,4.88,0.7086914680462404
2024-10-20,22.66,11.46,15.76,2.89,0.37,11.2,14.44,1.4219105066573947
2024-10-21,18.89,7.17,13.49,1.21,0.37,5.02,14.79,1.3088292611340728
2024-10-22,24.54,9.16,15.68,0.0,0.37,0.21,15.99,2.461812145074558
2024-10-23,19.93,5.13,11.78,0.0,0.37,3.06,15.32,1.5671690312357387
2024-10-24,24.45,5.88,13.08,0.0,0.37,0.44,15.42,2.4348307568049155
2024-10-25,17.48,3.94,9.86,0.0,0.37,0.4,14.4,1.3686520171520389
2024-10-26,19.55,2.42,9.79,0.0,0.36,0.4,14.52,1.645121914838127
2024-10-27,25.96,6.68,15.39,0.0,0.36,-1.16,13.77,2.792380468423111
2024-10-28,24.39,11.26,15.9,0.0,0.36,-1.05,5.25,2.488812489454895
2024-10-29,25.73,4.54,14.84,0.0,0.36,1.57,14.12,2.623941178912417
2024-10-30,6.24,-0.14,3.38,4.42,0.36,0.34,2.62,0.3246809411411521
2024-10-31,13.65,-1.46,5.04,0.0,0.37,-6.06,13.93,1.1741985306091265
2024-11-01,15.04,0.2,7.2,0.0,0.37,-5.89,14.37,1.316195203592564
2024-11-02,19.93,1.18,9.54,0.0,0.36,0.95,11.62,1.6738249265277836
2024-11-03,15.19,4.34,8.94,0.08,0.36,-0.76,8.96,1.148487895210346
2024-11-04,6.33,-1.02,3.36,0.1,0.36,-2.55,8.57,0.4503680506950144
2024-11-05,13.19,-1.79,4.69,8.42,0.36,-5.67,13.07,1.1162647014569067
2024-11-06,0.35,-4.26,-1.42,17.13,0.37,-2.82,1.93,0.13028950991846228
2024-11-07,-0.15,-5.16,-2.75,13.9,0.37,-3.36,1.48,0.12754093933666627
2024-11-08,0.01,-4.1,-1.34,25.25,0.37,-1.82,2.1,0.07676613024689183
2024-11-09,1.25,-1.7,-0.18,3.91,0.38,-0.92,6.96,0.09755817839006753
2024-11-10,5.18,-0.45,1.78,0.0,0.41,-2.49,13.01,0.3747469624827048
2024-11-11,3.87,-3.57,0.4,0.0,0.44,-2.83,12.86,0.3099744193462275
2024-11-12,9.44,-0.87,3.06,1.24,0.46,0.37,12.25,0.5551910381329832
2024-11-13,7.26,-1.83,2.44,0.11,0.47,-2.3,12.2,0.5040732150831854
2024-11-14,13.22,-1.57,4.28,0.0,0.47,-3.14,12.19,1.03492913825769
2024-11-15,13.39,1.04,6.24,0.0,0.46,-1.74,9.96,0.9987646816358385
2024-11-16,12.76,-0.2,5.89,0.0,0.45,-3.39,11.8,0.9988647250091872
2024-11-17,11.79,-2.68,2.98,0.0,0.44,-4.34,11.94,0.9404976814314769
2024-11-18,12.29,-0.35,4.23,0.01,0.43,-5.22,6.04,1.015419106394332
2024-11-19,4.05,-2.94,0.0,0.0,0.43,-11.76,6.75,0.5679150393589224
2024-11-20,8.04,-5.48,0.29,0.0,0.42,-12.6,11.96,0.8437827914562473
2024-11-21,10.89,-3.18,2.4,0.0,0.42,-7.86,10.68,0.9651127993743345
2024-11-22,18.1,2.56,7.38,0.0,0.41,-4.44,10.3,1.637572741302717
2024-11-23,18.91,1.67,8.67,0.0,0.41,-3.79,8.38,1.723592275491479
2024-11-24,15.58,-1.37,5.81,0.01,0.41,-4.32,9.76,1.3266461377122893
2024-11-25,7.78,-3.79,0.83,0.01,0.4,-5.82,10.93,0.6611395357450484
2024-11-26,11.73,-1.55,4.49,0.44,0.4,-2.61,9.1,0.8737205873366334
2024-11-27,3.1,-4.35,-0.21,4.52,0.41,-4.21,6.18,0.3160335141113556
2024-11-28,3.4,-5.72,-2.7,0.0,0.4,-8.76,11.0,0.4644762055084884
2024-11-29,7.98,-5.03,-0.33,0.0,0.4,-8.5,10.81,0.7497487885307456
2024-11-30,8.3,-4.19,1.3,0.0,0.4,-9.41,10.94,0.7955223197861148
2024-12-01,9.5,-2.38,2.36,0.0,0.4,-8.75,10.74,0.8720997785154598
2024-12-02,7.58,-4.53,0.3,0.0,0.4,-6.08,10.46,0.6546036761456606
2024-12-03,15.81,-1.8,5.82,0.0,0.4,-3.93,10.25,1.339677063087118
2024-12-04,13.01,-2.22,5.02,0.0,0.4,-4.84,10.59,1.0724290742000062
2024-12-05,7.3,-4.66,-0.16,0.0,0.4,-5.09,10.22,0.6043782881122471
2024-12-06,13.82,-1.39,4.27,0.0,0.4,-6.52,10.15,1.2050528480679805
2024-12-07,15.37,-1.21,5.7,0.0,0.4,-6.36,9.78,1.3667797720495147
2024-12-08,15.07,2.09,6.78,0.0,0.39,-5.06,8.36,1.2937856067019449
2024-12-09,2.24,-4.75,-1.3,0.01,0.39,-8.08,3.2,0.3855655616555054
2024-12-10,2.47,-5.22,-1.59,0.0,0.39,-10.4,8.28,0.45295927023771926
2024-12-11,9.58,-3.06,2.12,0.0,0.39,-9.73,9.91,0.9019384804634938
2024-12-12,9.24,-2.44,1.41,0.0,0.39,-8.1,9.65,0.8350375428408509
2024-12-13,8.75,-5.34,0.52,0.0,0.39,-6.26,3.62,0.7462714447083607
2024-12-14,10.73,-2.11,3.01,0.0,0.39,-7.47,9.72,0.9409031703016377
2024-12-15,13.68,-0.76,6.13,0.0,0.39,-5.63,8.65,1.164261185427435
2024-12-16,5.53,-4.51,-0.5,0.0,0.39,-8.95,9.67,0.5947072901601596
2024-12-17,9.98,-4.32,2.33,0.0,0.39,-6.62,4.73,0.8542191415934381
2024-12-18,7.66,-4.41,1.54,0.0,0.39,-5.3,9.21,0.6365017847662214
2024-12-19,12.35,-2.57,4.06,0.0,0.39,-6.12,9.91,1.048588976592268
2024-12-20,11.04,-2.9,3.25,0.0,0.39,-6.14,9.4,0.9301267743649404
2024-12-21,14.68,-1.44,4.71,0.0,0.39,-6.64,9.52,1.299002745896566
2024-12-22,17.98,2.73,8.94,0.0,0.39,-5.52,9.35,1.656562904594575
2024-12-23,8.94,0.32,4.2,0.0,0.39,-2.53,5.69,0.636340082216233
2024-12-24,12.28,0.32,4.75,0.0,0.38,0.14,9.53,0.8116190090660395
2024-12-25,6.55,-0.51,1.87,0.01,0.38,-0.72,4.23,0.39179316449640933
2024-12-26,10.09,-3.53,3.0,0.0,0.38,-2.54,9.22,0.7286897393820946
2024-12-27,9.27,-1.61,2.99,0.0,0.38,-8.61,9.82,0.8503687529805575
2024-12-28,11.2,-1.86,3.7,0.02,0.38,-6.62,6.48,0.9581693644036746
2024-12-29,11.48,-1.62,3.81,0.03,0.38,-2.55,9.77,0.8488684014165708
2024-12-30,9.34,-0.27,4.86,0.02,0.38,-6.07,10.05,0.7865386931199823
2024-12-31,1.44,-6.86,-2.97,0.0,0.38,-8.3,9.42,0.35122761853790746
2025-01-01,2.67,-5.61,-2.67,0.0,0.38,-10.32,8.06,0.4616613142713879
2025-01-02,8.19,-3.46,-0.2,0.0,0.38,-8.24,9.35,0.7585660644987074
2025-01-03,7.99,-5.44,-0.6,0.0,0.38,-6.2,8.8,0.6877296316129027
2025-01-04,-1.46,-9.06,-5.09,1.86,0.38,-7.91,1.62,0.21214740271032356
2025-01-05,-9.25,-12.74,-10.82,0.31,0.38,-14.4,6.12,0.10301283980140125
2025-01-06,3.68,-10.25,-3.52,0.31,0.38,-8.57,8.75,0.4753232113637182
2025-01-07,-2.49,-10.26,-5.48,2.67,0.38,-8.25,5.09,0.18067738234090142
2025-01-08,4.38,-10.59,-4.32,0.0,0.39,-10.2,8.15,0.5540607437562621
2025-01-09,-1.87,-9.26,-4.62,1.34,0.39,-9.17,6.32,0.2274254523912248
2025-01-10,3.13,-9.7,-3.55,0.0,0.39,-11.74,10.58,0.5161734484699803
2025-01-11,3.68,-3.33,-0.17,0.14,0.39,-4.84,6.84,0.36880315021376564
2025-01-12,1.24,-5.62,-2.43,0.0,0.39,-8.79,9.39,0.3538383561378923
2025-01-13,2.5,-6.37,-3.03,0.0,0.39,-9.8,10.4,0.441018224502236
2025-01-14,2.87,-8.39,-2.95,0.0,0.39,-10.79,9.78,0.48250541747989995
2025-01-15,5.4,-7.08,-1.14,0.0,0.39,-11.11,11.22,0.6354517480202078
2025-01-16,9.06,-3.27,1.93,0.0,0.39,-7.81,11.33,0.8133704973403406
2025-01-17,7.31,-6.42,0.41,1.11,0.39,-8.12,10.14,0.692132656144216
2025-01-18,-7.11,-13.6,-9.39,0.45,0.39,-15.57,4.27,0.17664352706655292
2025-01-19,-6.32,-15.98,-11.4,0.2,0.39,-18.04,6.92,0.23328119689235055
2025-01-20,-12.07,-19.13,-15.58,0.31,0.39,-21.06,7.37,0.12846713653265102
2025-01-21,4.95,-18.94,-6.89,0.0,0.39,-16.73,8.87,0.7044503448899412
2025-01-22,0.0,-7.89,-4.34,0.0,0.39,-13.26,8.15,0.3910193998105977
2025-01-23,-0.61,-8.33,-5.58,0.0,0.39,-13.27,7.68,0.36460915067021055
2025-01-24,8.09,-8.05,-0.91,0.07,0.39,-11.71,10.83,0.8301481291194635
2025-01-25,-2.95,-7.66,-4.96,0.14,0.39,-9.24,6.47,0.1880534085346151
2025-01-26,-1.43,-9.57,-6.84,0.0,0.39,-10.96,10.42,0.28540532712287686
2025-01-27,9.49,-9.18,-0.78,0.0,0.39,-9.68,12.88,0.8935763296316528
2025-01-28,10.7,-5.25,1.62,0.0,0.39,-9.32,12.68,0.985268354315743
2025-01-29,9.36,-2.9,1.54,0.12,0.39,-7.32,11.23,0.8237696468442286
2025-01-30,4.74,-2.49,-0.04,3.89,0.39,-3.33,6.05,0.3789102408518799
2025-01-31,11.53,-2.68,2.48,0.0,0.39,-8.12,12.87,1.0284304535744648
2025-02-01,12.28,0.41,5.24,0.0,0.39,-5.08,6.78,1.0100459095832774
2025-02-02,17.72,0.33,7.34,0.0,0.39,-2.12,7.63,1.5051868539245776
2025-02-03,16.72,-7.3,4.63,0.0,0.39,-3.29,10.06,1.4244845185906274
2025-02-04,5.09,-7.54,-2.33,0.0,0.39,-8.05,9.03,0.5447398975623747
2025-02-05,18.4,-3.55,6.63,0.0,0.39,-4.11,14.06,1.6659631823151124
2025-02-06,6.16,-5.26,-0.66,0.0,0.39,-7.65,14.31,0.6019181486658853
2025-02-07,14.79,-4.71,2.76,0.0,0.39,-5.07,11.75,1.2634834953932033
2025-02-08,2.45,-5.51,-2.6,0.11,0.39,-8.57,11.4,0.4088903350859721
2025-02-09,4.06,-6.51,-2.22,0.0,0.39,-12.09,14.76,0.5750109083034725
2025-02-10,1.95,-7.34,-3.01,0.01,0.39,-10.12,14.12,0.4201175389114958
2025-02-11,-5.01,-11.32,-8.4,1.97,0.39,-12.57,3.16,0.1883793306159436
2025-02-12,-9.31,-15.12,-12.31,0.43,0.39,-18.09,6.87,0.15485861191756373
2025-02-13,2.72,-15.26,-6.01,0.0,0.39,-15.1,11.4,0.5539511679714958
2025-02-14,13.22,-3.62,3.21,2.8,0.39,-3.99,10.93,1.0648596359338423
2025-02-15,-1.32,-8.62,-5.38,1.12,0.39,-8.66,5.12,0.23700101209426022
2025-02-16,2.58,-11.27,-4.28,0.07,0.39,-10.19,9.79,0.45404007920695705
2025-02-17,-2.76,-11.77,-7.31,0.93,0.39,-11.13,4.7,0.23736988438069384
2025-02-18,-11.63,-20.31,-15.39,0.61,0.39,-18.18,5.77,0.1050720798467411
2025-02-19,-8.24,-24.1,-16.47,0.05,0.39,-20.53,14.53,0.20916093245000972
2025-02-20,-4.38,-17.53,-11.51,0.42,0.39,-15.78,7.71,0.26293537499229974
2025-02-21,3.7,-11.0,-4.32,0.6,0.39,-9.21,11.3,0.4921263314026008
2025-02-22,11.32,-5.9,1.43,0.0,0.39,-6.23,17.62,0.9574741855275453
2025-02-23,15.74,-0.34,5.74,0.0,0.39,-5.11,16.89,1.3706380354241434
2025-02-24,19.21,2.15,9.4,0.0,0.39,-2.25,15.65,1.7086175119299185
2025-02-25,19.82,-1.56,8.93,0.0,0.39,-4.11,14.13,1.86184190603025
2025-02-26,9.5,-3.25,1.89,0.0,0.39,-7.54,16.7,0.8408721221833841
2025-02-27,15.68,-3.15,5.05,0.0,0.39,-8.39,18.93,1.4571137267739989
2025-02-28,16.24,-0.51,6.42,0.0,0.39,-6.69,18.67,1.4762507087148284
2025-03-01,17.46,-0.8,7.04,0.0,0.39,-5.53,18.87,1.5904192286845495
2025-03-02,17.77,-1.38,7.08,0.0,0.38,1.05,13.71,1.3752462846216673
2025-03-03,19.77,3.15,9.92,0.98,0.38,-0.36,14.73,1.71021482508216
2025-03-04,5.33,-4.56,1.3,5.24,0.39,-4.38,8.56,0.45118373487468855
2025-03-05,10.06,-6.47,1.53,0.0,0.39,-7.64,19.42,0.8890411869553221
2025-03-06,12.38,-1.46,3.99,0.05,0.39,-3.59,12.23,0.9696203024785627
2025-03-07,6.22,-4.08,0.1,0.03,0.39,-4.89,12.55,0.524740035719288
2025-03-08,10.15,-4.1,2.33,0.0,0.39,-9.12,20.38,0.9340757008306532
2025-03-09,18.47,-2.13,7.56,0.0,0.39,-8.11,20.22,1.794267493643524
2025-03-10,22.02,1.75,10.8,0.0,0.39,-8.11,21.02,2.3156445458350996
2025-03-11,20.08,-0.87,9.3,0.0,0.38,-5.29,19.09,1.937895374537709
2025-03-12,19.11,2.72,10.75,0.0,0.38,-5.64,19.72,1.8113770944438887
2025-03-13,19.86,3.59,11.47,0.0,0.38,-4.17,20.36,1.869614888826205
2025-03-14,9.24,0.89,5.83,2.61,0.38,-1.27,10.07,0.6102084963162205
2025-03-15,7.81,-4.35,2.44,0.0,0.38,-8.53,19.85,0.7381603211871492
2025-03-16,15.81,-2.53,5.84,0.0,0.38,-8.26,22.38,1.4686851764123983
2025-03-17,23.18,2.53,12.53,0.0,0.38,-5.13,16.97,2.4231336284544924
2025-03-18,20.16,-2.31,9.81,4.9,0.38,-4.45,20.82,1.9224433291878684
2025-03-19,3.93,-5.16,-0.83,0.48,0.38,-8.03,10.88,0.4756766693414619
2025-03-20,12.25,-5.09,3.27,0.0,0.38,-10.41,18.24,1.1493006816127684
2025-03-21,13.34,-1.67,5.93,0.0,0.38,-7.17,22.33,1.1747787824361773
2025-03-22,17.24,-0.57,7.63,0.0,0.38,-5.05,17.93,1.5478179661033336
2025-03-23,14.08,-2.68,5.97,0.0,0.38,-6.48,22.5,1.2307930562390317
2025-03-24,22.82,3.57,12.64,0.0,0.38,-0.07,15.53,2.1713004708467083
2025-03-25,21.03,4.38,12.5,0.0,0.38,0.88,21.76,1.8405482703613973
2025-03-26,23.74,4.3,13.56,0.0,0.38,3.33,23.07,2.161968865726732
2025-03-27,27.42,7.46,17.37,0.0,0.37,-1.05,18.85,3.0884676751099773
2025-03-28,27.57,9.61,17.33,0.51,0.37,1.77,17.83,2.9922063592687156
2025-03-29,13.81,1.22,8.13,6.86,0.37,2.01,12.28,0.8728539551670242
2025-03-30,10.89,-0.76,4.27,8.79,0.39,-0.21,13.18,0.7016186485110907
2025-03-31,14.28,1.87,7.27,0.38,0.4,0.4,11.81,0.9990732133115644
2025-04-01,16.93,3.25,8.98,0.25,0.4,-2.61,18.53,1.425083296732546
2025-04-02,12.05,0.65,5.43,0.34,0.39,-6.67,21.85,1.0365264640003962
2025-04-03,7.17,-2.15,2.32,7.76,0.4,-1.71,5.32,0.47477432265689345
2025-04-04,8.61,-3.7,1.87,0.47,0.4,-3.22,7.41,0.6365178681277713
2025-04-05,7.43,-5.53,0.51,0.0,0.4,-10.64,25.07,0.7602975649713781
2025-04-06,13.94,-4.24,5.05,0.0,0.4,-9.17,25.42,1.2873098405009054
2025-04-07,18.12,-1.32,9.05,0.0,0.4,-5.39,24.03,1.67074927367267
2025-04-08,24.41,3.38,14.77,0.0,0.39,-2.28,20.85,2.541563063480522
2025-04-09,22.31,6.53,14.26,0.0,0.39,-1.58,23.53,2.1502687987599236
2025-04-10,19.98,3.23,10.78,0.0,0.38,-4.29,26.28,1.8909511926072184
2025-04-11,26.06,4.66,15.06,0.0,0.38,-2.24,26.1,2.855266640054365
2025-04-12,29.98,10.35,20.56,0.0,0.38,-1.23,22.01,3.679960932181988
2025-04-13,21.81,5.93,13.85,0.29,0.37,-1.52,22.29,2.0670208841398496
2025-04-14,15.26,1.43,7.41,0.17,0.37,-5.59,24.03,1.3314268230167483
2025-04-15,21.83,-1.18,10.44,0.0,0.37,-2.6,26.18,2.11221697629117
2025-04-16,26.87,7.12,17.48,1.02,0.37,0.43,22.36,2.908057373219075
2025-04-17,27.83,2.33,15.74,0.0,0.37,-1.13,26.42,3.1803183292836343
2025-04-18,7.39,-0.54,2.8,0.54,0.37,-4.52,7.85,0.5922265148765096
2025-04-19,11.28,-3.2,4.12,0.15,0.37,-5.36,19.25,0.9275469803312184
2025-04-20,18.71,-1.4,9.34,0.0,0.37,-5.01,27.85,1.7370941970107188
2025-04-21,24.23,4.88,14.75,0.0,0.37,-3.89,24.82,2.5673232719990304
2025-04-22,24.6,3.35,14.53,0.0,0.36,-2.67,27.52,2.591260293765351
2025-04-23,21.95,6.44,13.61,2.81,0.36,5.52,19.89,1.7313985601821154
2025-04-24,20.06,7.63,12.57,2.02,0.37,6.43,11.8,1.3836649301547508
2025-04-25,13.46,5.92,9.23,2.07,0.37,5.84,7.13,0.6186374347807878
2025-04-26,19.29,6.82,12.23,0.68,0.37,7.42,11.09,1.2063435438320713
2025-04-27,27.35,9.7,18.59,0.02,0.37,1.48,27.42,2.9593980794533015
2025-04-28,20.65,4.86,13.65,0.09,0.37,-1.22,25.77,1.875388254915232
2025-04-29,20.39,3.73,11.26,0.2,0.37,0.44,27.48,1.7646935819020635
2025-04-30,23.21,5.03,13.61,0.94,0.37,0.46,25.03,2.213767397149196
2025-05-01,18.19,5.18,10.78,1.11,0.37,1.23,23.08,1.4210861864492106
2025-05-02,16.68,2.35,9.38,0.0,0.37,-3.2,27.88,1.4164170642564926
2025-05-03,25.6,3.03,14.61,0.0,0.37,-2.23,29.78,2.764272688854203
2025-05-04,25.82,5.85,16.36,0.01,0.36,2.94,28.87,2.571292322659163
2025-05-05,19.08,9.27,13.43,0.24,0.36,6.63,20.8,1.2316966764822395
2025-05-06,15.55,5.83,10.35,9.3,0.37,4.88,10.58,0.9016462872453206
2025-05-07,13.69,5.85,9.88,2.68,0.38,5.23,14.28,0.6803123807894171
2025-05-08,20.5,5.54,13.43,0.02,0.38,4.15,27.03,1.58975397610886
2025-05-09,24.24,6.83,16.02,0.0,0.38,3.55,29.01,2.239313023941296
2025-05-10,26.24,9.15,18.06,0.0,0.38,2.15,30.18,2.6961730207499808
2025-05-11,28.03,9.93,18.79,0.0,0.37,2.85,30.53,3.0368008851064046
2025-05-12,29.75,12.96,21.38,0.0,0.37,6.11,28.03,3.2403452154504873
2025-05-13,30.14,11.01,20.92,0.0,0.37,4.29,25.96,3.447245271591513
2025-05-14,26.19,7.8,16.93,1.31,0.36,0.8,29.06,2.7520887161377843
2025-05-15,22.46,7.19,14.7,0.0,0.36,-1.51,26.29,2.172126172915813
2025-05-16,22.61,7.82,15.43,0.0,0.36,-2.2,30.19,2.2241914423905076
2025-05-17,24.68,7.45,16.26,0.06,0.36,0.16,30.22,2.489947390093784
2025-05-18,26.69,7.94,15.78,2.79,0.36,3.5,22.23,2.7159280921757922
2025-05-19,20.17,6.49,13.21,2.41,0.36,2.52,24.91,1.6306647242927759
2025-05-20,21.31,4.66,13.53,0.0,0.36,-1.14,28.86,1.9728132280073651
2025-05-21,25.45,6.37,16.36,0.0,0.36,-0.38,26.0,2.6595737025799107
2025-05-22,25.88,6.41,16.88,0.11,0.36,3.8,29.34,2.5357847585911792
2025-05-23,31.66,10.56,20.14,0.61,0.36,8.01,20.41,3.5906806979278914
2025-05-24,23.51,11.96,16.66,12.26,0.37,11.45,5.38,1.54477550071342
2025-05-25,14.74,9.56,11.64,9.63,0.39,8.8,6.66,0.5443683265793144
2025-05-26,17.57,8.67,12.81,5.24,0.4,9.04,8.86,0.8576748416941287
2025-05-27,24.06,8.5,14.83,0.46,0.4,8.57,22.04,1.8795467747625363
2025-05-28,22.26,8.86,14.89,3.33,0.4,9.68,17.45,1.4842438273349634
2025-05-29,21.33,7.74,14.28,0.16,0.4,5.91,23.98,1.6085670864114499
2025-05-30,28.67,9.24,19.51,0.0,0.39,7.35,30.9,2.903725548050747
2025-05-31,28.45,12.16,20.11,0.03,0.39,7.31,28.62,2.8567219060962827
2025-06-01,31.87,11.96,22.51,0.0,0.38,7.84,30.17,3.658822701513102
2025-06-02,31.62,14.14,23.24,2.74,0.38,9.75,21.6,3.446079430628721
2025-06-03,18.28,7.6,12.64,15.57,0.41,5.61,13.32,1.1904484295033775
2025-06-04,22.01,7.7,14.56,1.14,0.4,6.21,20.97,1.6967510608096863
2025-06-05,26.33,11.39,17.73,7.6,0.4,9.61,18.41,2.231335953904652
2025-06-06,21.86,11.23,16.07,12.37,0.42,11.68,14.04,1.248212144954762
2025-06-07,28.12,9.74,19.47,0.0,0.42,6.26,31.33,2.8543458219765974
2025-06-08,23.46,11.6,17.43,0.02,0.41,8.01,28.67,1.8150599106763752
2025-06-09,27.56,10.59,19.39,0.0,0.4,5.78,31.73,2.763202156684141
2025-06-10,32.48,12.87,23.46,0.03,0.39,7.97,30.59,3.8146957448582617
2025-06-11,33.4,15.16,24.56,0.24,0.39,8.22,27.76,4.05516329491787
2025-06-12,34.0,14.86,25.03,0.74,0.38,10.14,29.4,4.079729895542409
2025-06-13,34.08,16.0,25.1,0.54,0.38,11.86,27.24,3.9533312391604687
2025-06-14,33.99,17.37,25.33,0.41,0.37,11.69,30.58,3.9421494230137437
2025-06-15,34.68,17.21,25.65,0.24,0.37,13.96,28.68,3.9295343670715726
2025-06-16,37.32,16.75,27.11,0.85,0.37,9.69,30.18,5.182326134439883
2025-06-17,24.87,13.91,19.92,12.52,0.37,14.28,12.92,1.5154460731907946
2025-06-18,29.76,11.66,21.1,0.0,0.38,7.73,31.77,3.131803443739945
2025-06-19,36.17,16.1,26.26,0.0,0.38,9.03,31.02,4.846246831237437
2025-06-20,39.47,19.08,30.28,0.0,0.37,5.04,29.83,6.295055016506997
2025-06-21,39.11,20.76,30.17,0.0,0.36,1.53,31.68,6.350603477864979
2025-06-22,36.73,19.0,28.31,0.0,0.36,1.79,31.97,5.488014983404955
2025-06-23,28.51,14.16,21.04,0.0,0.36,9.8,23.51,2.6820353454861205
2025-06-24,27.96,18.79,23.36,8.83,0.37,16.27,20.16,1.9212532188780056
2025-06-25,28.47,17.29,22.74,1.88,0.37,14.36,15.19,2.2482766137146584
2025-06-26,32.98,15.21,24.13,0.77,0.37,10.32,29.1,3.7699637759874562
2025-06-27,34.89,17.04,26.39,0.51,0.37,10.38,29.77,4.329002902286298
2025-06-28,37.41,16.64,27.37,0.87,0.36,7.72,24.4,5.363823071024104
2025-06-29,33.04,19.33,25.91,3.85,0.36,10.03,28.4,3.8110113697937136
2025-06-30,28.07,16.38,22.58,0.19,0.37,13.14,25.04,2.283821373359274
2025-07-01,33.19,17.19,25.13,0.3,0.36,12.6,28.4,3.6249765543467256
2025-07-02,34.51,17.73,26.53,0.0,0.36,7.74,31.61,4.418260906928783
2025-07-03,33.58,17.68,25.86,0.0,0.36,14.22,29.61,3.574552294097935
2025-07-04,31.51,19.25,24.64,4.06,0.36,14.43,20.19,2.9809282402879322
2025-07-05,34.99,17.03,25.44,7.93,0.36,8.84,28.8,4.483864229921691
2025-07-06,29.71,15.54,22.61,12.49,0.39,15.13,28.01,2.4533237444985163
2025-07-07,32.87,17.21,24.26,4.3,0.39,14.12,25.77,3.382488025234838
2025-07-08,36.21,17.11,26.47,1.49,0.39,12.09,27.94,4.598883750580213
2025-07-09,37.87,18.57,28.2,0.01,0.38,9.59,29.9,5.383700690999481
2025-07-10,32.99,18.31,25.09,4.37,0.38,8.79,17.76,3.8954523880459258
2025-07-11,33.32,15.28,24.39,7.98,0.38,8.2,29.68,4.033672539597994
2025-07-12,28.88,15.42,21.64,2.04,0.39,13.92,25.29,2.387658466136573
2025-07-13,32.91,15.83,25.08,0.01,0.39,13.08,29.75,3.499183043826777
2025-07-14,34.69,19.57,26.48,0.07,0.38,11.18,30.02,4.1985519624164
2025-07-15,35.41,18.84,27.62,0.0,0.37,11.66,27.94,4.379928318401575
2025-07-16,28.97,17.14,22.14,3.45,0.37,14.3,16.79,2.3687443304359794
2025-07-17,26.89,15.3,21.45,0.76,0.37,13.94,15.6,1.950005100304524
2025-07-18,33.98,17.47,26.13,3.6,0.37,13.88,28.52,3.727141157209762
2025-07-19,33.81,17.41,25.46,1.0,0.37,13.13,25.24,3.752690158978462
2025-07-20,34.9,19.16,27.23,0.85,0.37,11.31,27.6,4.2516682601215745
2025-07-21,35.87,19.94,27.94,0.49,0.37,10.92,29.16,4.5930033069696865
2025-07-22,36.27,20.51,27.9,2.64,0.36,11.06,24.33,4.7116162424066586
2025-07-23,32.95,18.78,24.66,0.65,0.36,13.61,20.15,3.457464867754325
2025-07-24,32.5,17.62,24.5,1.47,0.36,11.95,27.76,3.4928325838187924
2025-07-25,32.64,18.3,24.63,1.71,0.36,13.18,28.07,3.413962272259086
2025-07-26,37.33,18.31,28.26,0.09,0.36,10.52,27.93,5.117069570707084
2025-07-27,37.76,19.1,28.84,0.0,0.36,7.67,28.79,5.490371641204948
2025-07-28,38.85,20.73,29.82,0.0,0.35,10.71,28.32,5.647745107046557
2025-07-29,35.93,21.08,27.74,9.9,0.35,13.17,19.52,4.403710013845415
2025-07-30,30.53,17.97,23.82,0.86,0.37,14.31,23.59,2.742720581663588
2025-07-31,28.55,18.14,22.82,5.47,0.37,14.24,23.14,2.279006914872758
2025-08-01,29.2,17.45,22.42,7.87,0.39,14.7,19.31,2.379521720067238
2025-08-02,34.16,15.31,23.21,3.24,0.39,13.13,22.66,3.856275758096878
2025-08-03,31.25,16.96,23.41,0.09,0.38,10.3,27.78,3.304063241073244
2025-08-04,33.58,14.83,24.39,0.08,0.38,10.23,25.41,3.9491062140051554
2025-08-05,36.41,16.7,25.9,6.13,0.38,10.27,25.77,4.825595488365229
2025-08-06,36.51,17.81,26.89,0.05,0.38,10.32,25.23,4.854725098943217
2025-08-07,39.53,19.71,29.58,0.14,0.37,7.75,25.36,6.13821235047591
2025-08-08,39.05,20.86,29.61,0.84,0.37,6.36,23.37,6.051583751756298
2025-08-09,34.08,17.42,24.96,2.6,0.37,11.77,21.73,3.9615660587510977
2025-08-10,28.51,15.75,20.83,11.81,0.38,14.19,21.4,2.2752149737917353
2025-08-11,28.87,15.99,21.55,1.86,0.39,11.87,25.71,2.5850965828959893
2025-08-12,31.73,15.02,23.53,0.0,0.38,8.68,26.41,3.559232013617158
2025-08-13,35.66,16.76,25.9,0.0,0.38,10.16,26.71,4.5898710014771815
2025-08-14,37.66,18.64,27.76,0.91,0.37,7.72,23.17,5.451446409961195
2025-08-15,38.31,18.34,28.86,0.25,0.37,8.81,25.68,5.603206775514573
2025-08-16,32.03,21.59,26.46,1.99,0.37,11.3,22.17,3.4237197972012137
2025-08-17,34.89,19.32,26.55,0.01,0.36,8.35,26.12,4.4899755766997576
2025-08-18,31.83,18.37,23.97,14.92,0.38,12.57,21.96,3.2531303547174337
2025-08-19,32.23,16.05,24.15,0.0,0.38,13.87,25.91,3.2317549620656028
2025-08-20,33.62,17.8,25.31,0.0,0.38,12.55,26.63,3.7534953621847884
2025-08-21,34.59,16.92,25.45,0.0,0.37,9.49,26.53,4.309888937787375
2025-08-22,33.32,18.4,25.11,1.06,0.37,11.23,23.74,3.7882231050523236
2025-08-23,27.7,15.93,21.47,2.78,0.37,14.07,15.93,2.1085222345335835
2025-08-24,26.88,15.2,20.82,9.38,0.38,14.85,16.16,1.851369664837533
2025-08-25,22.26,13.45,17.1,3.48,0.39,12.58,8.35,1.2290074031961054
2025-08-26,24.48,12.64,18.06,0.75,0.39,12.1,12.0,1.6591349818464514
2025-08-27,27.52,13.99,19.85,7.26,0.39,14.3,19.19,2.0455698675544918
2025-08-28,26.88,15.89,21.01,7.56,0.4,15.34,18.12,1.7972812579242057
2025-08-29,27.64,16.0,21.16,11.36,0.42,15.33,20.5,1.9595006889694733
2025-08-30,24.68,12.88,18.93,8.87,0.43,12.14,17.34,1.6923321767159014
2025-08-31,26.93,12.19,19.02,0.0,0.42,10.63,24.19,2.269949183426589
2025-09-01,27.88,12.9,19.51,0.0,0.41,7.88,24.84,2.689567137801225
2025-09-02,29.83,11.73,20.85,0.0,0.4,7.6,24.56,3.157975249378077
2025-09-03,30.07,13.8,20.92,0.0,0.4,5.92,24.23,3.3301880373666406
2025-09-04,31.35,13.35,21.44,0.1,0.39,8.01,21.99,3.509390122305434
2025-09-05,17.67,9.32,13.67,0.36,0.39,6.23,9.86,1.0714455906161926
2025-09-06,25.04,7.62,16.41,0.05,0.39,8.26,23.1,2.083419066887084
2025-09-07,28.86,12.58,19.83,3.13,0.38,10.88,16.56,2.67110370101288
2025-09-08,31.29,14.2,22.82,0.06,0.39,7.3,21.38,3.544614375886291
2025-09-09,31.04,15.21,22.78,5.01,0.38,8.83,19.66,3.367891034838678
2025-09-10,30.06,12.96,20.72,1.66,0.39,13.08,22.99,2.7520623853617407
2025-09-11,33.47,16.43,22.95,0.13,0.39,11.5,19.96,3.807299250544946
2025-09-12,31.54,17.34,23.2,0.95,0.38,9.55,20.59,3.441144620085998
2025-09-13,25.89,16.16,19.42,7.77,0.39,13.01,16.36,1.8408929363612356
2025-09-14,22.18,12.63,17.02,0.87,0.39,9.29,17.59,1.5023308224029075
2025-09-15,29.13,12.5,20.5,0.01,0.39,7.67,22.1,2.986974228049136
2025-09-16,27.74,14.01,19.95,6.14,0.39,11.12,20.82,2.3998608512538224
2025-09-17,23.88,10.26,16.37,2.09,0.4,8.84,20.05,1.826782706300568
2025-09-18,23.12,9.85,15.95,0.0,0.39,7.63,17.83,1.7838602730025355
2025-09-19,28.29,11.18,19.24,0.0,0.39,9.3,19.88,2.6726910215254165
2025-09-20,27.55,14.13,19.61,0.61,0.39,11.6,16.44,2.316016559799423
2025-09-21,28.76,12.74,20.65,0.04,0.38,8.53,21.07,2.838341779858844
2025-09-22,27.61,13.66,19.37,5.53,0.38,7.54,14.99,2.6553197643889392
2025-09-23,18.37,11.11,13.81,24.68,0.41,10.27,5.23,0.8621408398431942
2025-09-24,20.74,10.35,14.74,0.08,0.43,8.6,16.56,1.3301595165091074
2025-09-25,25.7,8.93,16.77,0.0,0.43,5.86,21.26,2.3762018168261836
2025-09-26,28.48,10.94,19.82,0.0,0.42,4.65,18.86,3.0356400795622154
2025-09-27,25.04,9.52,17.12,0.0,0.41,7.98,20.0,2.10402472110665
2025-09-28,27.77,14.67,20.4,0.0,0.4,11.58,18.61,2.365414240585971
2025-09-29,27.34,12.07,18.99,0.55,0.4,9.66,17.4,2.4368143859618048
2025-09-30,26.96,10.88,18.5,0.06,0.4,8.29,19.27,2.462839586492072
2025-10-01,27.24,12.65,19.19,0.02,0.39,7.55,18.44,2.575519226171363
2025-10-02,29.2,13.01,20.2,0.0,0.39,7.66,19.35,3.0040292026619944
2025-10-03,31.99,12.58,21.17,0.0,0.39,6.75,19.25,3.7672997526498344
2025-10-04,29.46,11.59,20.88,0.66,0.38,6.37,18.29,3.154065231635747
2025-10-05,20.56,8.22,13.59,0.09,0.38,5.18,18.49,1.5372459712134694
2025-10-06,15.36,7.01,9.82,0.31,0.38,4.96,5.57,0.87539676935491
2025-10-07,18.92,6.01,11.6,0.0,0.38,4.94,10.51,1.3177859412908128
2025-10-08,26.18,8.92,15.72,0.2,0.38,8.28,12.19,2.3039742286625775
2025-10-09,29.8,10.78,18.99,0.0,0.38,4.37,18.0,3.3599475281345237
2025-10-10,22.89,12.26,17.59,0.33,0.37,11.55,13.36,1.42931563517762
2025-10-11,28.96,14.06,20.19,0.1,0.37,11.14,14.62,2.671447114191939
2025-10-12,21.44,9.45,15.29,0.0,0.37,2.55,17.22,1.8211163165731792
2025-10-13,16.83,5.76,11.27,0.1,0.37,1.19,11.04,1.2511833649003654
2025-10-14,26.42,9.8,16.94,0.39,0.37,10.33,12.29,2.190422739496996
2025-10-15,25.78,12.81,18.84,0.32,0.37,12.46,12.51,1.8722935012999766
2025-10-16,25.63,9.71,17.15,1.37,0.37,4.48,15.37,2.4474654947702987
2025-10-17,21.29,5.21,12.83,0.0,0.37,-0.32,16.74,1.9349321204163266
2025-10-18,14.42,2.29,8.58,0.0,0.37,-1.41,15.51,1.0918071954484807
2025-10-19,23.05,2.28,11.37,0.0,0.37,-0.7,16.77,2.237569908860042
2025-10-20,15.61,1.95,10.1,0.0,0.37,-6.49,16.07,1.397642727223706
2025-10-21,20.91,1.06,9.57,0.0,0.37,-6.21,16.61,2.089275919803228
2025-10-22,20.46,2.39,10.56,0.0,0.37,-4.93,16.26,1.9822785590996068
2025-10-23,18.01,3.92,9.79,0.09,0.37,-0.08,12.96,1.4580343633743666
2025-10-24,17.76,3.07,9.35,0.0,0.37,3.57,14.15,1.244074139662979
2025-10-25,21.04,5.31,11.36,0.0,0.37,1.31,10.24,1.8215753996546589
2025-10-26,18.27,7.55,11.44,0.0,0.37,6.08,11.24,1.158989101182494
2025-10-27,16.89,2.65,9.67,4.45,0.37,5.16,11.4,1.0421611028520612
2025-10-28,8.32,-2.13,3.02,0.0,0.37,-6.8,13.84,0.7294025842425444
2025-10-29,12.35,-4.83,3.52,0.0,0.37,-10.17,15.58,1.1533820845717593
2025-10-30,13.49,1.55,7.08,0.0,0.37,-4.29,14.85,1.1020225879625394
2025-10-31,8.89,-0.64,2.59,0.0,0.37,-4.46,9.81,0.700790856054749
2025-11-01,14.84,-2.95,5.69,0.0,0.37,-5.71,13.57,1.2888566624209954
2025-11-02,26.27,5.65,14.32,0.0,0.37,-1.6,14.2,2.872233752451498
2025-11-03,15.43,2.11,8.32,0.0,0.37,0.23,11.3,1.1320334909612426
2025-11-04,24.49,3.62,13.64,0.0,0.37,-2.91,12.09,2.5798851456737335
2025-11-05,16.86,1.29,8.15,0.0,0.37,0.14,13.44,1.3035528979387436
2025-11-06,19.82,3.92,11.1,0.0,0.37,-2.91,12.57,1.8194275723438031
2025-11-07,15.97,2.24,8.28,0.0,0.37,-4.24,11.2,1.3686885353193001
2025-11-08,11.17,-1.52,4.73,0.0,0.37,-5.83,13.57,0.9322635204641863
2025-11-09,9.22,-3.27,1.52,0.0,0.37,-5.9,13.12,0.771988617037832
2025-11-10,20.41,-3.07,8.38,0.0,0.37,-5.06,11.37,1.9790286779932456
2025-11-11,22.09,6.5,12.94,0.0,0.37,-2.78,11.41,2.160743014714534
2025-11-12,20.03,3.26,10.34,0.0,0.37,-2.13,10.0,1.8202706421983872
2025-11-13,22.43,6.11,12.85,0.0,0.37,-2.92,11.84,2.2214663969625166
2025-11-14,23.6,6.72,13.89,0.0,0.36,-2.31,11.01,2.3975927839030433
2025-11-15,23.18,8.45,14.0,0.0,0.36,-0.44,10.26,2.248654463446055
2025-11-16,20.34,6.24,11.39,0.0,0.36,1.11,11.67,1.7260094869805527
2025-11-17,16.23,5.46,9.79,0.0,0.36,-1.55,9.78,1.2999329093668557
2025-11-18,17.15,4.71,9.37,0.0,0.36,-1.04,9.78,1.3901386169371226
2025-11-19,19.35,4.47,9.65,0.0,0.36,-1.82,10.73,1.7113565224547276
2025-11-20,10.41,3.16,5.76,7.57,0.37,4.01,2.99,0.4482766114504292
2025-11-21,8.79,1.66,4.7,1.72,0.38,2.32,4.38,0.409908887141736
2025-11-22,15.02,1.86,6.65,0.0,0.38,-0.72,11.25,1.1280172528220604
2025-11-23,12.06,1.72,4.41,7.52,0.38,1.51,5.52,0.7268461828146645
2025-11-24,11.28,2.99,6.0,1.16,0.4,0.23,8.38,0.7162472183870928
2025-11-25,4.43,-5.74,-0.25,0.0,0.39,-8.72,11.11,0.5221420489748871
2025-11-26,3.76,-5.58,-2.26,0.0,0.39,-10.27,6.58,0.5199753457357837
2025-11-27,10.01,-3.7,1.79,0.0,0.39,-6.19,9.37,0.8441819491224629
2025-11-28,9.23,-3.81,1.85,0.32,0.39,-3.52,3.61,0.6950781974531051
2025-11-29,-0.4,-7.48,-4.9,0.1,0.39,-11.08,10.59,0.33109950301744223
2025-11-30,-4.43,-7.84,-6.28,0.26,0.39,-12.58,5.1,0.20747327097321194
2025-12-01,1.21,-9.09,-4.55,0.06,0.39,-11.52,10.52,0.41367527679407595
2025-12-02,8.78,-5.05,1.17,0.0,0.39,-9.11,9.44,0.8245831857251669
2025-12-03,0.73,-4.44,-1.51,2.46,0.39,-4.67,3.28,0.21217286094576915
2025-12-04,4.48,-5.39,-2.01,0.07,0.39,-7.85,9.81,0.502852684005745
2025-12-05,5.0,-2.78,-0.29,0.0,0.39,-7.02,5.96,0.5115195221102682
2025-12-06,10.7,-2.62,2.23,0.29,0.39,-4.63,7.26,0.8536052041327747
2025-12-07,7.7,-1.95,1.48,0.15,0.39,-7.43,10.02,0.7015268390779852
2025-12-08,11.28,-1.28,3.19,0.0,0.39,-5.66,10.04,0.9368181539452456
2025-12-09,15.5,0.71,7.05,0.0,0.39,-2.93,6.26,1.2688318547014117
2025-12-10,11.65,-2.77,3.87,0.0,0.39,-1.36,10.01,0.8175956313443911
2025-12-11,19.33,6.08,11.05,0.0,0.39,-1.35,9.58,1.6897098940294621
2025-12-12,13.37,0.99,4.65,0.0,0.38,-0.46,8.49,0.9437569074381247
2025-12-13,12.64,-4.25,3.1,0.0,0.38,-5.62,7.13,1.061108092003197
2025-12-14,10.98,-4.61,2.44,0.0,0.38,-5.66,9.55,0.9104409319113753
2025-12-15,16.77,1.52,6.74,0.0,0.38,-7.42,8.9,1.55987531270892
2025-12-16,17.44,1.55,7.99,0.0,0.38,-5.67,5.76,1.5922014990364035
2025-12-17,14.18,2.72,7.92,0.0,0.38,-3.2,4.6,1.135009780092198
2025-12-18,4.97,-2.97,1.32,0.04,0.38,-11.98,8.93,0.6266381882097725
2025-12-19,18.67,-2.95,7.35,0.0,0.38,-5.83,6.96,1.7572011308680526
2025-12-20,6.26,-1.91,2.26,0.01,0.38,-5.59,8.92,0.5494002125870274
2025-12-21,12.03,-3.21,3.56,0.0,0.38,-4.72,6.71,0.9751234421160263
2025-12-22,20.98,5.87,12.8,0.0,0.38,-0.79,9.31,1.907389339472159
2025-12-23,18.2,5.18,10.24,0.0,0.38,-1.71,7.34,1.5512484488954437
2025-12-24,21.0,6.54,11.53,0.0,0.38,-4.02,9.0,2.0334288168265253
2025-12-25,21.56,6.25,12.09,0.0,0.37,1.1,6.46,1.9123858201135353
2025-12-26,15.97,4.66,9.42,0.0,0.37,-1.55,5.3,1.2695668317189317
2025-12-27,17.54,3.35,8.6,0.0,0.37,-2.29,9.2,1.488846638161859
2025-12-28,2.27,-7.85,-4.05,0.01,0.37,-12.54,10.08,0.48634930443485636
2025-12-29,3.68,-7.19,-2.64,0.0,0.37,-14.55,9.73,0.5974359255681491
2025-12-30,9.37,-2.58,2.13,0.0,0.37,-9.48,10.05,0.8793602622863537
2025-12-31,13.84,-0.99,5.22,0.0,0.37,-7.74,9.91,1.2408771684241766
